parameters
adagrad_lr:0.05
adagrad_learning_decay:0.99
adagrad_weight_decay:0
adagrad_initial_acumulator:0
architecture:lenet5
dataset:mnist
combine_datasets:False
do_validation_set:False
epochs:100
batch_size:1024
test_set_split:0.1666667
validation_set_split:0.0
reduce_train_set:1
executions:2
base_seed:1230
training_method:adagrad
learning_method:constant

train_loss
2.581,1.895,1.768,1.7,1.654,1.621,1.595,1.575,1.559,1.544,1.532,1.521,1.511,1.502,1.495,1.488,1.482,1.476,1.47,1.466,1.46,1.456,1.452,1.448,1.445,1.442,1.439,1.436,1.432,1.43,1.427,1.425,1.423,1.42,1.418,1.416,1.414,1.413,1.41,1.408,1.407,1.405,1.404,1.402,1.4,1.398,1.397,1.396,1.395,1.394,1.393,1.391,1.39,1.389,1.388,1.387,1.387,1.385,1.383,1.383,1.382,1.381,1.38,1.379,1.378,1.378,1.377,1.376,1.375,1.375,1.374,1.372,1.372,1.371,1.371,1.37,1.37,1.369,1.368,1.368,1.367,1.367,1.366,1.365,1.365,1.363,1.364,1.362,1.362,1.362,1.361,1.361,1.36,1.36,1.359,1.359,1.358,1.357,1.357,1.357
2.749,1.546,1.38,1.295,1.242,1.206,1.18,1.161,1.145,1.132,1.121,1.112,1.103,1.097,1.091,1.084,1.079,1.075,1.071,1.067,1.063,1.06,1.057,1.054,1.051,1.049,1.047,1.045,1.042,1.04,1.039,1.037,1.035,1.033,1.032,1.03,1.029,1.027,1.026,1.025,1.024,1.022,1.021,1.02,1.019,1.018,1.017,1.016,1.015,1.014,1.013,1.013,1.012,1.011,1.01,1.009,1.009,1.008,1.007,1.007,1.006,1.005,1.005,1.004,1.004,1.003,1.002,1.001,1.001,1.001,1.0,1.0,0.999,0.998,0.998,0.998,0.997,0.997,0.996,0.996,0.996,0.995,0.994,0.994,0.994,0.993,0.993,0.993,0.992,0.992,0.992,0.991,0.991,0.991,0.99,0.99,0.989,0.989,0.989,0.988

train_acc1
55.008,66.558,68.337,69.147,69.59,69.908,70.128,70.27,70.473,70.583,70.702,70.825,70.9,70.977,71.052,71.133,71.173,71.218,71.228,71.342,71.373,71.412,71.432,71.475,71.503,71.54,71.573,71.605,71.608,71.622,71.683,71.663,71.732,71.727,71.738,71.757,71.798,71.797,71.823,71.86,71.872,71.852,71.85,71.893,71.91,71.93,71.953,71.918,71.945,71.963,71.975,72.002,71.99,71.98,72.015,72.043,72.013,72.075,72.057,72.067,72.088,72.087,72.068,72.073,72.103,72.095,72.123,72.137,72.153,72.152,72.158,72.148,72.177,72.157,72.158,72.187,72.178,72.183,72.228,72.232,72.192,72.2,72.193,72.212,72.213,72.243,72.247,72.252,72.24,72.25,72.235,72.24,72.247,72.263,72.277,72.308,72.282,72.277,72.315,72.297
54.953,68.375,69.813,71.415,73.193,74.66,75.697,76.523,77.14,77.563,77.965,78.328,78.505,78.77,78.982,79.123,79.315,79.437,79.58,79.658,79.775,79.877,79.953,80.028,80.062,80.112,80.17,80.243,80.277,80.362,80.382,80.392,80.46,80.483,80.542,80.553,80.573,80.638,80.663,80.678,80.7,80.762,80.763,80.788,80.823,80.86,80.863,80.88,80.888,80.905,80.912,80.978,80.927,80.955,80.93,80.95,81.01,80.997,81.003,81.017,81.038,81.06,81.055,81.097,81.083,81.112,81.09,81.108,81.132,81.11,81.152,81.108,81.17,81.177,81.185,81.178,81.203,81.183,81.207,81.208,81.198,81.235,81.252,81.233,81.23,81.238,81.27,81.3,81.255,81.3,81.298,81.312,81.348,81.332,81.305,81.337,81.34,81.328,81.368,81.315

val_acc1
65.71,68.97,69.91,70.52,70.85,71.15,71.27,71.47,71.6,71.79,71.87,72.01,72.01,72.14,72.24,72.32,72.41,72.42,72.48,72.5,72.58,72.65,72.66,72.7,72.69,72.77,72.8,72.87,72.83,72.93,72.91,72.93,72.97,72.98,72.99,73.01,73.01,73.07,73.08,73.08,73.11,73.14,73.19,73.16,73.18,73.19,73.2,73.22,73.21,73.24,73.21,73.23,73.24,73.26,73.26,73.26,73.27,73.28,73.27,73.29,73.33,73.28,73.32,73.3,73.32,73.35,73.31,73.35,73.31,73.35,73.36,73.36,73.37,73.37,73.35,73.37,73.38,73.35,73.37,73.38,73.41,73.4,73.4,73.41,73.4,73.45,73.41,73.39,73.43,73.42,73.43,73.43,73.43,73.42,73.43,73.42,73.43,73.41,73.44,73.42
68.05,69.76,70.88,72.83,74.52,75.7,76.82,77.34,77.94,78.44,78.7,78.98,79.17,79.33,79.56,79.73,79.91,80.09,80.24,80.33,80.42,80.55,80.57,80.71,80.7,80.8,80.85,80.9,80.91,81.01,81.03,81.01,81.1,81.12,81.16,81.19,81.24,81.25,81.26,81.33,81.36,81.36,81.4,81.41,81.46,81.48,81.49,81.52,81.52,81.58,81.53,81.55,81.6,81.62,81.64,81.62,81.64,81.64,81.65,81.64,81.69,81.66,81.68,81.67,81.71,81.68,81.67,81.67,81.69,81.67,81.73,81.7,81.75,81.78,81.76,81.79,81.82,81.81,81.82,81.83,81.82,81.82,81.85,81.89,81.91,81.92,81.84,81.89,81.94,81.92,81.9,81.94,81.97,81.94,81.95,82.01,81.96,81.98,81.97,82.01

val_loss
2.019,1.827,1.743,1.682,1.645,1.615,1.592,1.572,1.555,1.546,1.533,1.519,1.514,1.502,1.493,1.488,1.481,1.477,1.471,1.468,1.464,1.458,1.452,1.451,1.446,1.444,1.44,1.437,1.434,1.43,1.428,1.426,1.426,1.425,1.42,1.417,1.414,1.414,1.412,1.409,1.408,1.406,1.407,1.403,1.4,1.4,1.398,1.399,1.395,1.394,1.393,1.392,1.39,1.39,1.386,1.388,1.387,1.386,1.385,1.383,1.382,1.382,1.381,1.378,1.378,1.38,1.376,1.376,1.375,1.374,1.374,1.372,1.372,1.37,1.371,1.369,1.371,1.369,1.369,1.367,1.367,1.366,1.367,1.366,1.366,1.364,1.363,1.363,1.362,1.362,1.363,1.36,1.36,1.359,1.361,1.357,1.36,1.357,1.359,1.358
1.682,1.428,1.313,1.245,1.202,1.171,1.145,1.13,1.115,1.103,1.092,1.082,1.076,1.068,1.063,1.056,1.052,1.049,1.042,1.04,1.037,1.035,1.031,1.026,1.025,1.023,1.02,1.018,1.016,1.013,1.011,1.009,1.011,1.008,1.006,1.004,1.003,1.001,1.0,0.999,0.999,0.997,0.996,0.995,0.992,0.991,0.991,0.989,0.989,0.989,0.986,0.987,0.986,0.985,0.982,0.982,0.984,0.982,0.981,0.981,0.979,0.98,0.98,0.977,0.976,0.977,0.976,0.975,0.976,0.974,0.974,0.973,0.972,0.971,0.973,0.97,0.972,0.971,0.971,0.97,0.968,0.969,0.968,0.968,0.968,0.965,0.967,0.966,0.966,0.965,0.967,0.965,0.964,0.964,0.964,0.963,0.965,0.962,0.964,0.962

learning_rate
0.05,0.05,0.05,0.05,0.05,0.05,0.05,0.05,0.05,0.05,0.05,0.05,0.05,0.05,0.05,0.05,0.05,0.05,0.05,0.05,0.05,0.05,0.05,0.05,0.05,0.05,0.05,0.05,0.05,0.05,0.05,0.05,0.05,0.05,0.05,0.05,0.05,0.05,0.05,0.05,0.05,0.05,0.05,0.05,0.05,0.05,0.05,0.05,0.05,0.05,0.05,0.05,0.05,0.05,0.05,0.05,0.05,0.05,0.05,0.05,0.05,0.05,0.05,0.05,0.05,0.05,0.05,0.05,0.05,0.05,0.05,0.05,0.05,0.05,0.05,0.05,0.05,0.05,0.05,0.05,0.05,0.05,0.05,0.05,0.05,0.05,0.05,0.05,0.05,0.05,0.05,0.05,0.05,0.05,0.05,0.05,0.05,0.05,0.05,0.05
0.05,0.05,0.05,0.05,0.05,0.05,0.05,0.05,0.05,0.05,0.05,0.05,0.05,0.05,0.05,0.05,0.05,0.05,0.05,0.05,0.05,0.05,0.05,0.05,0.05,0.05,0.05,0.05,0.05,0.05,0.05,0.05,0.05,0.05,0.05,0.05,0.05,0.05,0.05,0.05,0.05,0.05,0.05,0.05,0.05,0.05,0.05,0.05,0.05,0.05,0.05,0.05,0.05,0.05,0.05,0.05,0.05,0.05,0.05,0.05,0.05,0.05,0.05,0.05,0.05,0.05,0.05,0.05,0.05,0.05,0.05,0.05,0.05,0.05,0.05,0.05,0.05,0.05,0.05,0.05,0.05,0.05,0.05,0.05,0.05,0.05,0.05,0.05,0.05,0.05,0.05,0.05,0.05,0.05,0.05,0.05,0.05,0.05,0.05,0.05

