parameters
adagrad_lr:0.05
adagrad_learning_decay:0.99
adagrad_weight_decay:0
adagrad_initial_acumulator:0
architecture:lenet5
dataset:mnist
combine_datasets:False
do_validation_set:False
epochs:100
batch_size:1024
test_set_split:0.1666667
validation_set_split:0.0
reduce_train_set:1
executions:3
base_seed:42
training_method:adagrad
learning_method:constant

train_loss
3.122,2.2,2.057,1.976,1.921,1.881,1.849,1.824,1.802,1.785,1.768,1.755,1.743,1.732,1.722,1.714,1.706,1.697,1.691,1.685,1.679,1.673,1.668,1.663,1.658,1.654,1.65,1.646,1.643,1.639,1.635,1.633,1.63,1.627,1.624,1.621,1.618,1.616,1.614,1.611,1.609,1.607,1.605,1.603,1.601,1.599,1.598,1.595,1.594,1.592,1.591,1.59,1.588,1.586,1.585,1.583,1.582,1.581,1.579,1.578,1.577,1.576,1.575,1.573,1.572,1.571,1.57,1.569,1.568,1.567,1.566,1.565,1.564,1.563,1.562,1.562,1.561,1.56,1.559,1.559,1.557,1.556,1.556,1.555,1.554,1.554,1.553,1.552,1.551,1.551,1.55,1.549,1.549,1.547,1.547,1.547,1.546,1.546,1.545,1.545
1.928,1.054,0.927,0.871,0.838,0.817,0.801,0.789,0.779,0.771,0.764,0.758,0.753,0.749,0.745,0.741,0.738,0.735,0.732,0.73,0.727,0.725,0.723,0.721,0.719,0.718,0.716,0.714,0.713,0.712,0.71,0.709,0.708,0.707,0.706,0.705,0.704,0.703,0.702,0.702,0.7,0.7,0.699,0.698,0.698,0.697,0.696,0.695,0.695,0.694,0.694,0.693,0.693,0.692,0.692,0.691,0.69,0.69,0.69,0.689,0.689,0.688,0.688,0.687,0.687,0.687,0.686,0.686,0.685,0.685,0.685,0.684,0.684,0.683,0.683,0.683,0.683,0.682,0.682,0.682,0.681,0.681,0.681,0.681,0.68,0.68,0.68,0.679,0.679,0.679,0.679,0.678,0.678,0.678,0.678,0.678,0.678,0.677,0.677,0.677
2.86,1.805,1.671,1.601,1.557,1.524,1.499,1.48,1.463,1.45,1.439,1.429,1.419,1.411,1.405,1.398,1.392,1.387,1.382,1.378,1.373,1.37,1.366,1.362,1.359,1.356,1.353,1.351,1.348,1.346,1.343,1.34,1.339,1.336,1.335,1.334,1.331,1.329,1.328,1.326,1.325,1.323,1.321,1.32,1.319,1.318,1.316,1.315,1.314,1.312,1.312,1.311,1.31,1.308,1.308,1.306,1.305,1.305,1.304,1.303,1.302,1.301,1.3,1.3,1.299,1.298,1.297,1.297,1.295,1.295,1.294,1.294,1.293,1.292,1.292,1.291,1.291,1.29,1.289,1.289,1.289,1.288,1.287,1.287,1.287,1.285,1.285,1.286,1.285,1.284,1.284,1.283,1.283,1.282,1.282,1.281,1.281,1.28,1.279,1.279

train_acc1
48.59,59.612,61.078,61.962,62.51,62.865,63.195,63.448,63.683,63.85,64.002,64.123,64.247,64.293,64.412,64.497,64.57,64.627,64.687,64.753,64.772,64.81,64.887,64.918,64.955,65.025,65.03,65.082,65.12,65.135,65.152,65.2,65.237,65.278,65.288,65.287,65.273,65.403,65.393,65.36,65.392,65.422,65.457,65.457,65.528,65.46,65.505,65.55,65.51,65.527,65.562,65.58,65.61,65.642,65.607,65.643,65.643,65.637,65.648,65.668,65.662,65.718,65.748,65.705,65.723,65.748,65.743,65.742,65.743,65.765,65.805,65.77,65.807,65.778,65.81,65.808,65.82,65.822,65.843,65.802,65.842,65.848,65.855,65.887,65.825,65.865,65.883,65.855,65.85,65.905,65.89,65.903,65.912,65.878,65.922,65.925,65.952,65.977,65.965,65.943
65.487,75.725,76.718,78.175,79.932,81.128,81.912,82.398,82.737,83.052,83.277,83.47,83.567,83.687,83.81,83.825,83.895,83.998,84.067,84.092,84.177,84.202,84.23,84.307,84.328,84.357,84.355,84.428,84.435,84.445,84.508,84.54,84.547,84.562,84.587,84.612,84.632,84.658,84.668,84.665,84.708,84.722,84.723,84.77,84.787,84.753,84.802,84.828,84.803,84.825,84.845,84.845,84.842,84.895,84.913,84.905,84.895,84.927,84.95,84.947,84.95,84.96,84.963,85.0,84.995,84.993,84.997,85.027,85.008,85.017,85.028,85.05,85.008,85.075,85.045,85.092,85.063,85.07,85.083,85.07,85.083,85.077,85.12,85.105,85.105,85.123,85.122,85.145,85.142,85.13,85.127,85.165,85.148,85.172,85.148,85.163,85.142,85.178,85.167,85.162
54.632,68.805,69.852,70.337,70.722,70.947,71.083,71.257,71.412,71.508,71.628,71.697,71.687,71.815,71.825,71.887,71.927,71.962,72.012,72.058,72.062,72.09,72.113,72.172,72.205,72.195,72.25,72.263,72.25,72.265,72.28,72.328,72.323,72.36,72.353,72.39,72.417,72.422,72.427,72.44,72.478,72.485,72.537,72.487,72.508,72.522,72.533,72.535,72.562,72.542,72.538,72.565,72.612,72.605,72.602,72.59,72.617,72.602,72.637,72.648,72.645,72.695,72.673,72.662,72.662,72.678,72.68,72.68,72.7,72.72,72.697,72.718,72.772,72.742,72.723,72.74,72.723,72.735,72.75,72.757,72.78,72.76,72.807,72.817,72.805,72.792,72.795,72.81,72.795,72.818,72.807,72.802,72.825,72.852,72.817,72.798,72.827,72.835,72.865,72.858

val_acc1
58.1,60.92,62.06,62.66,63.19,63.53,63.85,64.04,64.14,64.29,64.38,64.44,64.55,64.64,64.7,64.74,64.71,64.82,64.97,65.03,64.98,65.13,65.04,65.03,65.11,65.18,65.14,65.2,65.17,65.21,65.23,65.27,65.36,65.35,65.37,65.52,65.5,65.53,65.58,65.55,65.66,65.62,65.68,65.67,65.72,65.75,65.76,65.74,65.66,65.83,65.74,65.68,65.85,65.84,65.86,65.81,65.87,65.83,65.86,65.95,65.94,65.96,65.86,66.03,65.94,65.98,66.03,65.92,66.02,66.01,66.02,66.04,66.1,66.1,66.07,66.06,66.08,66.06,66.05,66.1,66.13,66.09,66.05,66.15,66.16,66.13,66.1,66.14,66.16,66.15,66.17,66.17,66.17,66.19,66.18,66.2,66.17,66.21,66.18,66.23
75.48,76.83,77.78,79.7,81.47,82.54,83.11,83.42,83.82,84.04,84.2,84.31,84.37,84.51,84.59,84.65,84.63,84.75,84.79,84.78,84.8,84.83,84.85,84.88,84.9,84.94,84.98,85.02,85.02,85.04,85.03,85.04,85.07,85.05,85.08,85.09,85.09,85.11,85.16,85.16,85.22,85.23,85.26,85.24,85.28,85.28,85.28,85.29,85.25,85.29,85.3,85.26,85.31,85.32,85.35,85.32,85.31,85.33,85.37,85.41,85.39,85.44,85.42,85.47,85.43,85.47,85.5,85.46,85.5,85.49,85.52,85.5,85.51,85.51,85.54,85.54,85.54,85.53,85.56,85.55,85.58,85.56,85.54,85.6,85.61,85.59,85.59,85.63,85.64,85.6,85.62,85.62,85.65,85.64,85.64,85.63,85.62,85.64,85.62,85.66
68.67,70.26,70.81,71.35,71.53,71.75,71.85,71.93,72.1,72.22,72.33,72.32,72.41,72.49,72.53,72.58,72.59,72.62,72.65,72.7,72.72,72.83,72.83,72.79,72.83,72.94,72.96,72.97,72.94,73.0,72.97,72.99,73.0,73.02,73.05,73.08,73.11,73.11,73.14,73.13,73.17,73.18,73.23,73.21,73.26,73.24,73.26,73.22,73.22,73.28,73.25,73.24,73.31,73.29,73.35,73.32,73.3,73.28,73.33,73.42,73.35,73.38,73.35,73.42,73.32,73.36,73.39,73.31,73.42,73.39,73.41,73.41,73.43,73.45,73.39,73.41,73.42,73.41,73.41,73.42,73.54,73.43,73.39,73.46,73.53,73.46,73.43,73.56,73.55,73.46,73.47,73.52,73.56,73.51,73.55,73.57,73.47,73.53,73.48,73.59

val_loss
2.337,2.128,2.019,1.951,1.906,1.871,1.84,1.818,1.795,1.779,1.764,1.751,1.739,1.728,1.719,1.709,1.702,1.694,1.685,1.681,1.676,1.671,1.664,1.662,1.654,1.649,1.648,1.642,1.639,1.634,1.632,1.628,1.624,1.623,1.621,1.617,1.613,1.612,1.608,1.607,1.605,1.602,1.601,1.599,1.597,1.594,1.592,1.592,1.591,1.587,1.586,1.587,1.583,1.584,1.581,1.579,1.579,1.578,1.575,1.573,1.572,1.571,1.57,1.568,1.568,1.568,1.563,1.565,1.565,1.561,1.561,1.56,1.561,1.558,1.559,1.559,1.556,1.554,1.554,1.554,1.553,1.552,1.55,1.551,1.548,1.55,1.548,1.546,1.546,1.545,1.545,1.545,1.542,1.542,1.542,1.541,1.542,1.542,1.541,1.538
1.169,0.956,0.875,0.832,0.807,0.787,0.773,0.764,0.754,0.746,0.74,0.736,0.731,0.725,0.721,0.718,0.716,0.712,0.709,0.707,0.705,0.702,0.701,0.7,0.697,0.695,0.695,0.692,0.692,0.69,0.689,0.687,0.687,0.686,0.684,0.684,0.681,0.681,0.681,0.68,0.679,0.679,0.678,0.678,0.676,0.675,0.674,0.676,0.676,0.673,0.672,0.673,0.672,0.671,0.67,0.67,0.67,0.67,0.669,0.667,0.669,0.666,0.668,0.665,0.667,0.666,0.665,0.666,0.664,0.663,0.664,0.662,0.663,0.662,0.663,0.663,0.662,0.662,0.66,0.66,0.659,0.661,0.66,0.661,0.659,0.66,0.66,0.657,0.657,0.658,0.657,0.657,0.656,0.657,0.657,0.655,0.657,0.656,0.655,0.655
1.923,1.711,1.623,1.562,1.528,1.496,1.475,1.459,1.442,1.429,1.417,1.41,1.4,1.392,1.386,1.379,1.374,1.369,1.364,1.36,1.358,1.354,1.347,1.344,1.342,1.338,1.335,1.333,1.33,1.325,1.329,1.325,1.321,1.318,1.316,1.315,1.313,1.314,1.311,1.308,1.307,1.305,1.304,1.302,1.3,1.299,1.299,1.298,1.297,1.296,1.296,1.292,1.292,1.291,1.29,1.289,1.287,1.287,1.285,1.285,1.284,1.284,1.283,1.28,1.283,1.282,1.279,1.28,1.277,1.276,1.276,1.276,1.275,1.275,1.274,1.274,1.273,1.273,1.271,1.271,1.27,1.271,1.27,1.269,1.268,1.268,1.269,1.269,1.265,1.266,1.266,1.266,1.263,1.265,1.264,1.263,1.263,1.263,1.261,1.262

learning_rate
0.05,0.05,0.05,0.05,0.05,0.05,0.05,0.05,0.05,0.05,0.05,0.05,0.05,0.05,0.05,0.05,0.05,0.05,0.05,0.05,0.05,0.05,0.05,0.05,0.05,0.05,0.05,0.05,0.05,0.05,0.05,0.05,0.05,0.05,0.05,0.05,0.05,0.05,0.05,0.05,0.05,0.05,0.05,0.05,0.05,0.05,0.05,0.05,0.05,0.05,0.05,0.05,0.05,0.05,0.05,0.05,0.05,0.05,0.05,0.05,0.05,0.05,0.05,0.05,0.05,0.05,0.05,0.05,0.05,0.05,0.05,0.05,0.05,0.05,0.05,0.05,0.05,0.05,0.05,0.05,0.05,0.05,0.05,0.05,0.05,0.05,0.05,0.05,0.05,0.05,0.05,0.05,0.05,0.05,0.05,0.05,0.05,0.05,0.05,0.05
0.05,0.05,0.05,0.05,0.05,0.05,0.05,0.05,0.05,0.05,0.05,0.05,0.05,0.05,0.05,0.05,0.05,0.05,0.05,0.05,0.05,0.05,0.05,0.05,0.05,0.05,0.05,0.05,0.05,0.05,0.05,0.05,0.05,0.05,0.05,0.05,0.05,0.05,0.05,0.05,0.05,0.05,0.05,0.05,0.05,0.05,0.05,0.05,0.05,0.05,0.05,0.05,0.05,0.05,0.05,0.05,0.05,0.05,0.05,0.05,0.05,0.05,0.05,0.05,0.05,0.05,0.05,0.05,0.05,0.05,0.05,0.05,0.05,0.05,0.05,0.05,0.05,0.05,0.05,0.05,0.05,0.05,0.05,0.05,0.05,0.05,0.05,0.05,0.05,0.05,0.05,0.05,0.05,0.05,0.05,0.05,0.05,0.05,0.05,0.05
0.05,0.05,0.05,0.05,0.05,0.05,0.05,0.05,0.05,0.05,0.05,0.05,0.05,0.05,0.05,0.05,0.05,0.05,0.05,0.05,0.05,0.05,0.05,0.05,0.05,0.05,0.05,0.05,0.05,0.05,0.05,0.05,0.05,0.05,0.05,0.05,0.05,0.05,0.05,0.05,0.05,0.05,0.05,0.05,0.05,0.05,0.05,0.05,0.05,0.05,0.05,0.05,0.05,0.05,0.05,0.05,0.05,0.05,0.05,0.05,0.05,0.05,0.05,0.05,0.05,0.05,0.05,0.05,0.05,0.05,0.05,0.05,0.05,0.05,0.05,0.05,0.05,0.05,0.05,0.05,0.05,0.05,0.05,0.05,0.05,0.05,0.05,0.05,0.05,0.05,0.05,0.05,0.05,0.05,0.05,0.05,0.05,0.05,0.05,0.05

