parameters
adam_lr:0.0005
adam_beta1:0.9
adam_beta2:0.999
adam_eps:1e-8
adam_weight_decay:0
adam_amsgrad:True
architecture:lenet5
dataset:mnist
combine_datasets:False
do_validation_set:False
epochs:100
batch_size:1024
test_set_split:0.1666667
validation_set_split:0.0
reduce_train_set:1
executions:3
base_seed:42
training_method:adam
learning_method:constant

train_loss
1.687,0.417,0.182,0.127,0.1,0.084,0.073,0.066,0.06,0.055,0.051,0.048,0.044,0.042,0.04,0.038,0.036,0.034,0.033,0.031,0.03,0.028,0.027,0.026,0.025,0.024,0.023,0.022,0.022,0.021,0.02,0.019,0.018,0.018,0.017,0.016,0.016,0.015,0.014,0.014,0.013,0.013,0.013,0.012,0.012,0.011,0.011,0.011,0.011,0.01,0.009,0.009,0.009,0.008,0.008,0.008,0.007,0.007,0.007,0.007,0.006,0.006,0.006,0.006,0.006,0.005,0.005,0.005,0.005,0.005,0.005,0.004,0.004,0.004,0.004,0.004,0.004,0.004,0.004,0.004,0.003,0.003,0.003,0.003,0.003,0.003,0.003,0.003,0.003,0.003,0.002,0.002,0.002,0.002,0.002,0.002,0.002,0.002,0.002,0.002
1.575,0.352,0.178,0.128,0.103,0.087,0.076,0.069,0.062,0.057,0.053,0.05,0.047,0.044,0.041,0.04,0.037,0.036,0.034,0.033,0.031,0.03,0.029,0.029,0.027,0.025,0.025,0.024,0.023,0.023,0.022,0.021,0.02,0.02,0.019,0.018,0.017,0.017,0.017,0.016,0.015,0.015,0.015,0.014,0.014,0.013,0.012,0.012,0.012,0.011,0.011,0.011,0.01,0.01,0.01,0.009,0.009,0.009,0.009,0.008,0.008,0.008,0.008,0.007,0.007,0.007,0.007,0.006,0.006,0.006,0.006,0.006,0.006,0.005,0.005,0.005,0.005,0.005,0.005,0.005,0.004,0.004,0.004,0.004,0.004,0.004,0.004,0.004,0.003,0.003,0.003,0.003,0.003,0.003,0.003,0.003,0.003,0.003,0.003,0.003
1.632,0.383,0.175,0.122,0.098,0.082,0.072,0.065,0.059,0.054,0.05,0.047,0.044,0.041,0.039,0.038,0.036,0.034,0.032,0.03,0.03,0.028,0.027,0.026,0.026,0.024,0.023,0.022,0.022,0.021,0.02,0.019,0.018,0.018,0.017,0.016,0.016,0.015,0.015,0.014,0.013,0.013,0.013,0.012,0.013,0.012,0.011,0.011,0.011,0.01,0.01,0.009,0.009,0.009,0.008,0.008,0.008,0.008,0.008,0.007,0.007,0.007,0.007,0.006,0.006,0.006,0.006,0.006,0.005,0.005,0.005,0.005,0.005,0.004,0.004,0.004,0.004,0.004,0.004,0.004,0.004,0.004,0.004,0.004,0.004,0.003,0.003,0.003,0.003,0.003,0.003,0.003,0.003,0.003,0.003,0.003,0.003,0.002,0.002,0.002

train_acc1
52.235,89.675,95.097,96.452,97.133,97.623,97.878,98.12,98.302,98.413,98.568,98.627,98.718,98.823,98.835,98.917,98.958,99.052,99.053,99.098,99.135,99.188,99.21,99.27,99.262,99.31,99.355,99.365,99.395,99.397,99.44,99.453,99.488,99.507,99.527,99.563,99.597,99.615,99.628,99.655,99.667,99.67,99.677,99.717,99.707,99.75,99.765,99.753,99.773,99.818,99.8,99.815,99.833,99.837,99.85,99.882,99.857,99.87,99.9,99.895,99.9,99.912,99.92,99.92,99.942,99.928,99.953,99.952,99.945,99.96,99.963,99.958,99.96,99.973,99.975,99.975,99.977,99.98,99.978,99.98,99.985,99.978,99.983,99.987,99.988,99.988,99.99,99.99,99.988,99.99,99.993,99.99,99.993,99.993,99.995,99.992,99.993,99.993,99.993,99.995
61.69,91.182,95.145,96.368,97.078,97.575,97.857,98.045,98.212,98.355,98.453,98.563,98.628,98.703,98.807,98.848,98.945,98.982,98.995,99.082,99.108,99.128,99.173,99.153,99.198,99.275,99.287,99.31,99.348,99.362,99.382,99.433,99.45,99.47,99.502,99.52,99.553,99.545,99.508,99.598,99.618,99.597,99.595,99.627,99.672,99.697,99.733,99.7,99.73,99.762,99.758,99.772,99.782,99.778,99.8,99.823,99.82,99.82,99.827,99.827,99.852,99.85,99.855,99.873,99.845,99.887,99.883,99.917,99.927,99.913,99.91,99.92,99.917,99.933,99.925,99.925,99.943,99.938,99.945,99.947,99.955,99.945,99.955,99.958,99.952,99.962,99.96,99.97,99.967,99.972,99.975,99.982,99.975,99.978,99.982,99.982,99.985,99.985,99.985,99.985
56.465,90.213,95.243,96.56,97.173,97.623,97.882,98.128,98.268,98.457,98.515,98.632,98.722,98.808,98.897,98.923,98.983,99.047,99.072,99.137,99.127,99.188,99.213,99.24,99.275,99.318,99.36,99.347,99.382,99.413,99.448,99.498,99.497,99.522,99.515,99.605,99.598,99.622,99.615,99.633,99.698,99.668,99.663,99.707,99.648,99.73,99.755,99.75,99.773,99.798,99.823,99.802,99.828,99.828,99.863,99.863,99.865,99.868,99.857,99.885,99.885,99.897,99.9,99.907,99.902,99.93,99.928,99.927,99.945,99.935,99.938,99.94,99.948,99.957,99.952,99.957,99.957,99.967,99.962,99.967,99.977,99.958,99.972,99.973,99.965,99.972,99.973,99.977,99.98,99.982,99.982,99.985,99.985,99.982,99.988,99.988,99.985,99.988,99.988,99.993

val_acc1
83.49,94.21,96.34,97.06,97.59,97.87,98.09,98.34,98.32,98.34,98.38,98.44,98.65,98.63,98.74,98.73,98.82,98.81,98.8,98.85,98.77,98.91,98.89,98.93,98.91,99.0,98.92,99.03,98.89,98.96,98.96,98.89,98.95,98.91,98.93,98.98,98.97,99.02,98.98,98.97,99.03,98.99,99.01,98.92,98.99,98.96,99.02,99.06,98.93,98.98,99.05,99.0,98.99,99.0,98.99,99.05,98.99,99.03,99.03,99.03,99.03,98.96,98.99,98.96,99.04,99.01,99.03,99.03,99.03,98.97,98.97,98.97,99.0,99.0,98.97,99.0,98.98,98.97,98.96,99.01,98.99,98.97,98.98,99.0,98.97,98.94,98.95,98.98,98.92,98.95,98.93,98.96,98.98,98.96,98.99,98.95,98.96,98.94,98.91,98.92
85.9,94.49,96.32,96.96,97.36,97.78,97.93,98.11,98.22,98.39,98.32,98.35,98.53,98.66,98.61,98.66,98.67,98.75,98.77,98.81,98.75,98.79,98.84,98.81,98.74,98.84,98.83,98.83,98.7,98.88,98.82,98.87,98.91,98.85,98.83,98.85,98.89,98.86,98.93,98.89,98.96,98.75,98.96,98.92,98.89,98.95,98.94,98.89,98.92,99.01,98.94,98.99,98.95,99.01,99.0,98.91,98.87,98.98,98.96,98.94,98.91,98.98,98.98,98.97,98.98,98.94,98.96,98.98,98.91,98.91,98.91,98.9,98.92,98.95,98.95,98.83,98.9,98.9,98.89,98.87,98.95,98.94,98.94,98.91,98.99,98.98,98.92,98.94,98.93,98.9,98.93,98.97,98.95,98.94,98.96,98.97,98.88,98.98,98.96,98.95
84.23,94.72,96.49,97.13,97.77,97.92,98.21,98.34,98.44,98.5,98.51,98.61,98.7,98.75,98.71,98.86,98.81,98.93,98.87,98.88,98.75,98.74,98.91,98.87,98.95,98.96,98.93,98.94,98.91,98.92,98.95,98.91,99.04,99.01,99.0,99.01,99.03,98.98,99.07,98.98,99.04,98.99,99.03,99.03,98.99,99.11,99.04,99.06,99.04,99.09,99.04,99.08,99.13,99.08,99.06,99.05,99.06,99.08,99.03,99.01,99.08,99.07,99.02,99.07,99.04,99.03,99.05,98.98,99.01,99.09,99.09,98.99,99.09,99.05,99.04,99.01,99.06,99.08,99.06,98.99,99.05,99.09,99.06,98.96,99.06,99.02,99.05,99.07,99.05,99.02,99.07,99.06,99.06,99.03,99.02,99.08,99.05,99.03,99.05,98.99

val_loss
0.776,0.218,0.135,0.102,0.083,0.071,0.063,0.058,0.054,0.051,0.049,0.046,0.043,0.042,0.04,0.039,0.038,0.038,0.037,0.036,0.038,0.035,0.035,0.033,0.034,0.033,0.033,0.032,0.035,0.033,0.033,0.034,0.032,0.032,0.033,0.031,0.031,0.032,0.031,0.031,0.032,0.035,0.031,0.034,0.032,0.034,0.032,0.034,0.034,0.032,0.032,0.034,0.032,0.033,0.033,0.032,0.034,0.034,0.032,0.033,0.034,0.035,0.035,0.036,0.032,0.033,0.033,0.034,0.035,0.035,0.035,0.035,0.034,0.035,0.037,0.036,0.035,0.035,0.037,0.036,0.036,0.037,0.036,0.038,0.038,0.037,0.036,0.036,0.036,0.037,0.037,0.038,0.037,0.037,0.039,0.037,0.038,0.038,0.038,0.039
0.587,0.204,0.134,0.105,0.087,0.074,0.066,0.061,0.059,0.052,0.052,0.05,0.046,0.043,0.044,0.04,0.039,0.039,0.038,0.037,0.038,0.036,0.036,0.037,0.037,0.033,0.034,0.034,0.039,0.032,0.034,0.034,0.032,0.034,0.032,0.033,0.032,0.033,0.031,0.032,0.033,0.036,0.031,0.032,0.032,0.032,0.031,0.031,0.033,0.031,0.032,0.032,0.032,0.031,0.031,0.033,0.035,0.032,0.032,0.032,0.035,0.032,0.034,0.033,0.032,0.034,0.032,0.032,0.034,0.034,0.035,0.033,0.032,0.033,0.034,0.034,0.035,0.034,0.037,0.036,0.034,0.034,0.035,0.036,0.035,0.035,0.035,0.035,0.035,0.034,0.035,0.035,0.035,0.036,0.036,0.035,0.038,0.036,0.036,0.037
0.674,0.21,0.128,0.096,0.079,0.07,0.061,0.057,0.053,0.047,0.045,0.046,0.042,0.04,0.039,0.039,0.036,0.036,0.035,0.034,0.036,0.038,0.034,0.034,0.033,0.032,0.033,0.031,0.032,0.032,0.032,0.031,0.03,0.032,0.03,0.03,0.03,0.03,0.029,0.03,0.029,0.032,0.028,0.029,0.032,0.029,0.029,0.029,0.031,0.028,0.03,0.029,0.03,0.029,0.029,0.031,0.031,0.03,0.03,0.03,0.031,0.031,0.031,0.03,0.031,0.032,0.03,0.03,0.034,0.031,0.031,0.032,0.03,0.03,0.031,0.033,0.031,0.031,0.033,0.033,0.031,0.032,0.034,0.035,0.033,0.032,0.034,0.032,0.033,0.033,0.033,0.033,0.032,0.032,0.033,0.033,0.033,0.032,0.034,0.035

learning_rate
0.0005,0.0005,0.0005,0.0005,0.0005,0.0005,0.0005,0.0005,0.0005,0.0005,0.0005,0.0005,0.0005,0.0005,0.0005,0.0005,0.0005,0.0005,0.0005,0.0005,0.0005,0.0005,0.0005,0.0005,0.0005,0.0005,0.0005,0.0005,0.0005,0.0005,0.0005,0.0005,0.0005,0.0005,0.0005,0.0005,0.0005,0.0005,0.0005,0.0005,0.0005,0.0005,0.0005,0.0005,0.0005,0.0005,0.0005,0.0005,0.0005,0.0005,0.0005,0.0005,0.0005,0.0005,0.0005,0.0005,0.0005,0.0005,0.0005,0.0005,0.0005,0.0005,0.0005,0.0005,0.0005,0.0005,0.0005,0.0005,0.0005,0.0005,0.0005,0.0005,0.0005,0.0005,0.0005,0.0005,0.0005,0.0005,0.0005,0.0005,0.0005,0.0005,0.0005,0.0005,0.0005,0.0005,0.0005,0.0005,0.0005,0.0005,0.0005,0.0005,0.0005,0.0005,0.0005,0.0005,0.0005,0.0005,0.0005,0.0005
0.0005,0.0005,0.0005,0.0005,0.0005,0.0005,0.0005,0.0005,0.0005,0.0005,0.0005,0.0005,0.0005,0.0005,0.0005,0.0005,0.0005,0.0005,0.0005,0.0005,0.0005,0.0005,0.0005,0.0005,0.0005,0.0005,0.0005,0.0005,0.0005,0.0005,0.0005,0.0005,0.0005,0.0005,0.0005,0.0005,0.0005,0.0005,0.0005,0.0005,0.0005,0.0005,0.0005,0.0005,0.0005,0.0005,0.0005,0.0005,0.0005,0.0005,0.0005,0.0005,0.0005,0.0005,0.0005,0.0005,0.0005,0.0005,0.0005,0.0005,0.0005,0.0005,0.0005,0.0005,0.0005,0.0005,0.0005,0.0005,0.0005,0.0005,0.0005,0.0005,0.0005,0.0005,0.0005,0.0005,0.0005,0.0005,0.0005,0.0005,0.0005,0.0005,0.0005,0.0005,0.0005,0.0005,0.0005,0.0005,0.0005,0.0005,0.0005,0.0005,0.0005,0.0005,0.0005,0.0005,0.0005,0.0005,0.0005,0.0005
0.0005,0.0005,0.0005,0.0005,0.0005,0.0005,0.0005,0.0005,0.0005,0.0005,0.0005,0.0005,0.0005,0.0005,0.0005,0.0005,0.0005,0.0005,0.0005,0.0005,0.0005,0.0005,0.0005,0.0005,0.0005,0.0005,0.0005,0.0005,0.0005,0.0005,0.0005,0.0005,0.0005,0.0005,0.0005,0.0005,0.0005,0.0005,0.0005,0.0005,0.0005,0.0005,0.0005,0.0005,0.0005,0.0005,0.0005,0.0005,0.0005,0.0005,0.0005,0.0005,0.0005,0.0005,0.0005,0.0005,0.0005,0.0005,0.0005,0.0005,0.0005,0.0005,0.0005,0.0005,0.0005,0.0005,0.0005,0.0005,0.0005,0.0005,0.0005,0.0005,0.0005,0.0005,0.0005,0.0005,0.0005,0.0005,0.0005,0.0005,0.0005,0.0005,0.0005,0.0005,0.0005,0.0005,0.0005,0.0005,0.0005,0.0005,0.0005,0.0005,0.0005,0.0005,0.0005,0.0005,0.0005,0.0005,0.0005,0.0005

