parameters
adam_lr:0.0005
adam_beta1:0.9
adam_beta2:0.999
adam_eps:1e-8
adam_weight_decay:0
adam_amsgrad:True
architecture:lenet5
dataset:mnist
combine_datasets:False
do_validation_set:False
epochs:100
batch_size:1024
test_set_split:0.1666667
validation_set_split:0.0
reduce_train_set:1
executions:2
base_seed:1230
training_method:adam
learning_method:constant

train_loss
1.575,0.336,0.165,0.118,0.095,0.08,0.07,0.063,0.057,0.053,0.049,0.045,0.043,0.04,0.038,0.036,0.034,0.033,0.031,0.03,0.028,0.027,0.026,0.025,0.024,0.023,0.022,0.021,0.02,0.019,0.019,0.018,0.018,0.017,0.016,0.016,0.015,0.015,0.014,0.013,0.013,0.012,0.012,0.012,0.011,0.011,0.01,0.01,0.01,0.009,0.009,0.008,0.008,0.008,0.008,0.008,0.007,0.007,0.007,0.007,0.006,0.006,0.006,0.005,0.005,0.005,0.005,0.005,0.005,0.005,0.004,0.004,0.004,0.004,0.004,0.004,0.004,0.004,0.004,0.003,0.003,0.003,0.003,0.003,0.003,0.003,0.003,0.003,0.003,0.003,0.003,0.002,0.002,0.002,0.002,0.002,0.002,0.002,0.002,0.002
1.575,0.334,0.171,0.125,0.102,0.087,0.076,0.069,0.063,0.058,0.054,0.05,0.047,0.045,0.042,0.041,0.038,0.036,0.035,0.033,0.032,0.03,0.029,0.028,0.027,0.026,0.025,0.024,0.023,0.022,0.021,0.021,0.02,0.019,0.018,0.018,0.017,0.016,0.016,0.015,0.015,0.014,0.014,0.013,0.013,0.012,0.012,0.011,0.012,0.011,0.01,0.01,0.01,0.01,0.009,0.009,0.008,0.008,0.008,0.008,0.007,0.007,0.007,0.006,0.006,0.006,0.006,0.006,0.006,0.005,0.005,0.005,0.005,0.005,0.005,0.004,0.004,0.004,0.004,0.004,0.004,0.004,0.003,0.003,0.003,0.003,0.003,0.003,0.003,0.003,0.003,0.003,0.003,0.003,0.003,0.003,0.003,0.002,0.002,0.002

train_acc1
69.265,91.46,95.385,96.598,97.215,97.608,97.89,98.103,98.33,98.388,98.532,98.663,98.707,98.813,98.86,98.91,98.988,99.028,99.08,99.1,99.135,99.22,99.22,99.3,99.327,99.333,99.38,99.385,99.445,99.48,99.493,99.495,99.513,99.575,99.583,99.597,99.597,99.618,99.63,99.685,99.693,99.715,99.737,99.727,99.742,99.76,99.788,99.792,99.787,99.83,99.822,99.845,99.843,99.873,99.877,99.858,99.887,99.9,99.9,99.892,99.923,99.922,99.922,99.942,99.94,99.923,99.943,99.955,99.952,99.95,99.967,99.97,99.957,99.968,99.975,99.97,99.97,99.977,99.977,99.982,99.977,99.983,99.983,99.985,99.987,99.985,99.99,99.99,99.988,99.993,99.992,99.995,99.995,99.993,99.993,99.992,99.992,99.997,99.995,99.997
61.167,91.748,95.317,96.4,97.055,97.502,97.802,98.02,98.193,98.29,98.425,98.523,98.662,98.727,98.757,98.838,98.892,98.97,99.01,99.013,99.078,99.168,99.183,99.205,99.24,99.253,99.3,99.302,99.352,99.363,99.395,99.415,99.467,99.463,99.507,99.512,99.558,99.57,99.592,99.598,99.607,99.622,99.673,99.657,99.692,99.697,99.743,99.738,99.71,99.76,99.787,99.793,99.785,99.795,99.818,99.813,99.845,99.833,99.845,99.85,99.875,99.873,99.892,99.908,99.913,99.902,99.918,99.935,99.927,99.938,99.947,99.952,99.943,99.955,99.955,99.953,99.952,99.955,99.973,99.978,99.965,99.978,99.975,99.978,99.98,99.982,99.978,99.975,99.983,99.982,99.983,99.987,99.988,99.992,99.988,99.987,99.983,99.992,99.987,99.988

val_acc1
86.61,95.09,96.75,97.43,97.78,98.16,98.26,98.36,98.43,98.44,98.63,98.67,98.69,98.77,98.76,98.8,98.87,98.98,98.95,99.0,99.08,99.02,99.07,99.12,98.99,99.12,99.12,99.02,99.11,99.12,99.1,99.0,99.12,99.11,99.13,99.12,99.15,99.06,99.14,99.17,99.18,99.19,99.15,99.16,99.1,99.1,99.14,99.06,99.17,99.13,99.08,99.13,99.14,99.12,99.12,99.12,99.13,99.06,99.07,99.14,99.13,99.16,99.12,99.13,99.11,99.11,99.11,99.09,99.11,99.08,99.11,99.16,99.16,99.07,99.11,99.14,99.13,99.1,99.11,99.1,99.08,99.11,99.12,99.11,99.11,99.11,99.11,99.13,99.09,99.16,99.15,99.13,99.15,99.14,99.15,99.13,99.18,99.08,99.13,99.06
86.97,94.72,96.25,97.08,97.36,97.87,98.0,98.09,98.22,98.37,98.5,98.47,98.61,98.58,98.73,98.66,98.69,98.84,98.76,98.81,98.75,98.84,98.8,98.91,98.94,98.93,98.85,98.88,98.95,98.93,98.94,98.79,98.97,99.08,98.98,98.96,99.0,99.0,98.95,99.09,99.11,99.03,99.08,99.03,99.08,99.05,98.98,98.98,99.01,99.1,99.02,99.07,99.07,99.09,99.07,99.06,98.96,99.05,99.0,98.94,99.06,99.03,98.97,99.06,98.98,99.03,99.0,98.99,99.0,99.0,98.96,99.0,99.0,98.96,99.04,99.01,99.02,99.02,98.96,99.0,98.98,99.0,98.93,98.98,98.88,98.96,98.98,98.9,98.99,98.92,98.97,99.0,98.97,98.96,98.93,98.95,98.95,99.0,98.98,99.0

val_loss
0.57,0.185,0.12,0.09,0.076,0.064,0.057,0.053,0.049,0.047,0.043,0.04,0.039,0.037,0.036,0.035,0.034,0.032,0.033,0.033,0.031,0.031,0.03,0.029,0.03,0.03,0.028,0.029,0.029,0.028,0.028,0.03,0.029,0.027,0.027,0.028,0.027,0.029,0.028,0.027,0.026,0.027,0.026,0.027,0.027,0.028,0.027,0.029,0.028,0.028,0.028,0.028,0.029,0.027,0.027,0.028,0.029,0.028,0.03,0.03,0.028,0.028,0.03,0.029,0.03,0.029,0.028,0.029,0.032,0.03,0.031,0.03,0.03,0.03,0.031,0.03,0.03,0.031,0.032,0.031,0.033,0.032,0.031,0.03,0.032,0.033,0.032,0.032,0.032,0.032,0.033,0.031,0.032,0.032,0.033,0.032,0.032,0.032,0.032,0.033
0.564,0.197,0.13,0.102,0.087,0.074,0.065,0.061,0.057,0.054,0.05,0.046,0.044,0.042,0.041,0.04,0.041,0.037,0.038,0.036,0.035,0.035,0.035,0.033,0.034,0.034,0.035,0.033,0.032,0.032,0.031,0.034,0.034,0.03,0.031,0.031,0.031,0.031,0.031,0.029,0.029,0.03,0.03,0.031,0.031,0.031,0.031,0.032,0.031,0.03,0.033,0.031,0.031,0.03,0.031,0.031,0.033,0.031,0.032,0.034,0.031,0.032,0.033,0.032,0.032,0.032,0.033,0.032,0.034,0.032,0.034,0.033,0.033,0.034,0.033,0.033,0.034,0.034,0.036,0.034,0.035,0.035,0.035,0.035,0.036,0.036,0.035,0.036,0.035,0.036,0.035,0.036,0.036,0.036,0.037,0.036,0.036,0.036,0.036,0.037

learning_rate
0.0005,0.0005,0.0005,0.0005,0.0005,0.0005,0.0005,0.0005,0.0005,0.0005,0.0005,0.0005,0.0005,0.0005,0.0005,0.0005,0.0005,0.0005,0.0005,0.0005,0.0005,0.0005,0.0005,0.0005,0.0005,0.0005,0.0005,0.0005,0.0005,0.0005,0.0005,0.0005,0.0005,0.0005,0.0005,0.0005,0.0005,0.0005,0.0005,0.0005,0.0005,0.0005,0.0005,0.0005,0.0005,0.0005,0.0005,0.0005,0.0005,0.0005,0.0005,0.0005,0.0005,0.0005,0.0005,0.0005,0.0005,0.0005,0.0005,0.0005,0.0005,0.0005,0.0005,0.0005,0.0005,0.0005,0.0005,0.0005,0.0005,0.0005,0.0005,0.0005,0.0005,0.0005,0.0005,0.0005,0.0005,0.0005,0.0005,0.0005,0.0005,0.0005,0.0005,0.0005,0.0005,0.0005,0.0005,0.0005,0.0005,0.0005,0.0005,0.0005,0.0005,0.0005,0.0005,0.0005,0.0005,0.0005,0.0005,0.0005
0.0005,0.0005,0.0005,0.0005,0.0005,0.0005,0.0005,0.0005,0.0005,0.0005,0.0005,0.0005,0.0005,0.0005,0.0005,0.0005,0.0005,0.0005,0.0005,0.0005,0.0005,0.0005,0.0005,0.0005,0.0005,0.0005,0.0005,0.0005,0.0005,0.0005,0.0005,0.0005,0.0005,0.0005,0.0005,0.0005,0.0005,0.0005,0.0005,0.0005,0.0005,0.0005,0.0005,0.0005,0.0005,0.0005,0.0005,0.0005,0.0005,0.0005,0.0005,0.0005,0.0005,0.0005,0.0005,0.0005,0.0005,0.0005,0.0005,0.0005,0.0005,0.0005,0.0005,0.0005,0.0005,0.0005,0.0005,0.0005,0.0005,0.0005,0.0005,0.0005,0.0005,0.0005,0.0005,0.0005,0.0005,0.0005,0.0005,0.0005,0.0005,0.0005,0.0005,0.0005,0.0005,0.0005,0.0005,0.0005,0.0005,0.0005,0.0005,0.0005,0.0005,0.0005,0.0005,0.0005,0.0005,0.0005,0.0005,0.0005

