parameters
rmsprop_lr:0.0005
rmsprop_momentum:0
rmsprop_alpha:0.99
rmsprop_eps:1e-8
rmsprop_centered:False
rmsprop_weight_decay:0
architecture:lenet5
dataset:mnist
combine_datasets:False
do_validation_set:False
epochs:100
batch_size:1024
test_set_split:0.1666667
validation_set_split:0.0
reduce_train_set:1
executions:2
base_seed:1230
training_method:rmsprop
learning_method:constant

train_loss
0.723,0.194,0.13,0.102,0.086,0.074,0.066,0.059,0.054,0.049,0.046,0.043,0.04,0.038,0.036,0.034,0.032,0.03,0.029,0.028,0.026,0.025,0.023,0.022,0.021,0.02,0.02,0.018,0.018,0.017,0.016,0.015,0.015,0.014,0.013,0.012,0.011,0.012,0.011,0.01,0.009,0.009,0.008,0.008,0.007,0.008,0.006,0.009,0.006,0.005,0.005,0.009,0.011,0.004,0.004,0.004,0.004,0.004,0.004,0.004,0.004,0.003,0.003,0.007,0.002,0.002,0.002,0.008,0.002,0.002,0.002,0.001,0.002,0.002,0.011,0.001,0.001,0.001,0.001,0.001,0.001,0.001,0.009,0.001,0.001,0.001,0.007,0.001,0.001,0.001,0.001,0.0,0.0,0.009,0.001,0.001,0.0,0.0,0.0,0.0
0.716,0.202,0.138,0.11,0.092,0.08,0.072,0.065,0.059,0.054,0.051,0.047,0.044,0.042,0.039,0.038,0.035,0.034,0.032,0.031,0.029,0.027,0.026,0.025,0.023,0.023,0.022,0.02,0.02,0.019,0.017,0.017,0.017,0.016,0.015,0.014,0.014,0.014,0.012,0.012,0.011,0.01,0.01,0.01,0.009,0.01,0.008,0.008,0.008,0.007,0.007,0.007,0.008,0.005,0.005,0.006,0.009,0.004,0.004,0.005,0.004,0.004,0.003,0.005,0.003,0.003,0.008,0.003,0.002,0.002,0.009,0.002,0.002,0.002,0.002,0.002,0.002,0.009,0.001,0.001,0.001,0.001,0.001,0.009,0.001,0.001,0.001,0.001,0.007,0.001,0.001,0.001,0.001,0.006,0.002,0.001,0.001,0.001,0.001,0.001

train_acc1
80.577,94.907,96.338,97.043,97.468,97.737,98.048,98.205,98.377,98.475,98.618,98.717,98.805,98.84,98.907,98.923,99.023,99.057,99.12,99.117,99.17,99.24,99.293,99.323,99.358,99.4,99.41,99.497,99.468,99.537,99.582,99.573,99.565,99.615,99.635,99.672,99.713,99.693,99.697,99.722,99.767,99.795,99.805,99.783,99.825,99.805,99.868,99.77,99.902,99.915,99.91,99.795,99.738,99.952,99.963,99.95,99.952,99.958,99.962,99.943,99.943,99.968,99.968,99.84,99.987,99.992,99.993,99.807,99.978,99.995,99.99,99.993,99.972,99.982,99.737,99.995,99.998,99.998,99.997,99.998,99.995,99.997,99.827,99.998,99.998,99.998,99.842,99.988,99.998,100.0,99.998,99.998,99.998,99.83,99.985,100.0,100.0,100.0,100.0,100.0
81.195,94.695,96.097,96.848,97.308,97.623,97.892,98.103,98.273,98.4,98.505,98.615,98.69,98.782,98.853,98.9,98.975,98.978,99.1,99.107,99.168,99.195,99.263,99.292,99.297,99.337,99.375,99.425,99.4,99.472,99.502,99.517,99.497,99.537,99.607,99.6,99.625,99.597,99.657,99.68,99.71,99.727,99.72,99.748,99.755,99.722,99.81,99.815,99.81,99.827,99.853,99.847,99.818,99.888,99.9,99.885,99.763,99.945,99.95,99.892,99.935,99.933,99.955,99.862,99.953,99.97,99.793,99.953,99.982,99.985,99.76,99.98,99.988,99.993,99.98,99.993,99.982,99.797,99.995,99.997,99.992,99.997,99.995,99.792,99.99,99.998,99.998,100.0,99.84,99.993,100.0,99.998,100.0,99.902,99.952,100.0,100.0,100.0,100.0,100.0

val_acc1
94.31,96.4,97.02,97.48,97.91,98.06,98.4,98.24,98.47,98.43,98.37,98.58,98.63,98.75,98.85,98.89,98.87,98.68,98.8,98.95,98.88,98.89,98.88,98.87,98.9,99.02,99.06,98.91,99.02,99.0,99.12,98.97,99.09,99.08,99.11,99.07,98.92,99.08,98.95,98.87,98.99,99.11,99.06,99.03,98.98,99.11,98.94,99.17,98.86,99.08,99.02,93.48,99.09,99.16,99.16,98.94,99.01,99.06,98.98,99.04,99.06,99.05,99.05,99.08,99.06,99.09,99.11,99.05,99.06,99.13,99.07,99.11,99.03,99.12,99.07,99.12,99.12,99.13,99.11,99.03,99.05,99.08,99.12,99.15,99.12,99.14,98.52,99.13,99.11,99.12,99.12,99.13,99.11,98.96,99.11,99.1,99.17,99.14,99.15,99.1
93.66,95.99,96.54,97.19,97.66,97.76,98.03,97.93,98.13,98.33,98.3,98.43,98.36,98.66,98.66,98.42,98.8,98.71,98.72,98.95,98.85,98.74,98.8,98.91,98.8,98.72,98.99,98.87,98.94,98.69,99.1,98.98,98.87,98.95,99.0,98.89,98.8,98.9,98.9,98.93,98.93,98.92,98.99,99.01,98.89,99.05,99.0,98.97,99.01,98.97,99.04,98.1,98.96,98.99,99.01,96.21,98.85,98.99,98.84,99.02,99.05,98.74,98.95,99.05,99.01,98.77,99.0,98.99,98.95,99.01,98.86,98.98,98.96,99.0,98.72,98.93,98.51,99.0,98.96,98.9,98.93,98.97,98.95,98.99,99.03,98.98,98.98,98.99,98.88,99.03,99.04,99.01,98.98,96.28,99.03,98.98,99.01,99.03,98.97,98.97

val_loss
0.241,0.136,0.108,0.084,0.069,0.061,0.055,0.058,0.052,0.048,0.051,0.042,0.041,0.038,0.036,0.035,0.032,0.038,0.034,0.031,0.032,0.034,0.033,0.034,0.031,0.031,0.028,0.032,0.029,0.031,0.028,0.032,0.032,0.027,0.03,0.031,0.036,0.029,0.032,0.035,0.031,0.029,0.029,0.028,0.033,0.033,0.032,0.031,0.035,0.032,0.034,0.284,0.031,0.03,0.03,0.041,0.034,0.033,0.036,0.034,0.036,0.033,0.034,0.033,0.034,0.033,0.034,0.038,0.038,0.034,0.036,0.035,0.037,0.035,0.036,0.035,0.035,0.036,0.037,0.04,0.039,0.039,0.037,0.036,0.039,0.039,0.063,0.038,0.039,0.039,0.039,0.038,0.041,0.044,0.039,0.039,0.038,0.038,0.039,0.039
0.252,0.151,0.116,0.095,0.079,0.071,0.062,0.064,0.058,0.051,0.052,0.047,0.05,0.041,0.042,0.045,0.036,0.043,0.039,0.034,0.036,0.038,0.037,0.033,0.037,0.04,0.032,0.036,0.032,0.04,0.03,0.033,0.036,0.033,0.033,0.038,0.04,0.036,0.034,0.035,0.035,0.034,0.035,0.034,0.037,0.034,0.035,0.036,0.036,0.037,0.033,0.067,0.036,0.036,0.037,0.156,0.04,0.037,0.046,0.037,0.037,0.047,0.041,0.038,0.037,0.048,0.04,0.039,0.041,0.039,0.044,0.04,0.04,0.039,0.05,0.043,0.067,0.041,0.041,0.043,0.044,0.043,0.043,0.045,0.041,0.042,0.042,0.043,0.049,0.044,0.043,0.043,0.045,0.183,0.044,0.045,0.043,0.045,0.046,0.047

learning_rate
0.0005,0.0005,0.0005,0.0005,0.0005,0.0005,0.0005,0.0005,0.0005,0.0005,0.0005,0.0005,0.0005,0.0005,0.0005,0.0005,0.0005,0.0005,0.0005,0.0005,0.0005,0.0005,0.0005,0.0005,0.0005,0.0005,0.0005,0.0005,0.0005,0.0005,0.0005,0.0005,0.0005,0.0005,0.0005,0.0005,0.0005,0.0005,0.0005,0.0005,0.0005,0.0005,0.0005,0.0005,0.0005,0.0005,0.0005,0.0005,0.0005,0.0005,0.0005,0.0005,0.0005,0.0005,0.0005,0.0005,0.0005,0.0005,0.0005,0.0005,0.0005,0.0005,0.0005,0.0005,0.0005,0.0005,0.0005,0.0005,0.0005,0.0005,0.0005,0.0005,0.0005,0.0005,0.0005,0.0005,0.0005,0.0005,0.0005,0.0005,0.0005,0.0005,0.0005,0.0005,0.0005,0.0005,0.0005,0.0005,0.0005,0.0005,0.0005,0.0005,0.0005,0.0005,0.0005,0.0005,0.0005,0.0005,0.0005,0.0005
0.0005,0.0005,0.0005,0.0005,0.0005,0.0005,0.0005,0.0005,0.0005,0.0005,0.0005,0.0005,0.0005,0.0005,0.0005,0.0005,0.0005,0.0005,0.0005,0.0005,0.0005,0.0005,0.0005,0.0005,0.0005,0.0005,0.0005,0.0005,0.0005,0.0005,0.0005,0.0005,0.0005,0.0005,0.0005,0.0005,0.0005,0.0005,0.0005,0.0005,0.0005,0.0005,0.0005,0.0005,0.0005,0.0005,0.0005,0.0005,0.0005,0.0005,0.0005,0.0005,0.0005,0.0005,0.0005,0.0005,0.0005,0.0005,0.0005,0.0005,0.0005,0.0005,0.0005,0.0005,0.0005,0.0005,0.0005,0.0005,0.0005,0.0005,0.0005,0.0005,0.0005,0.0005,0.0005,0.0005,0.0005,0.0005,0.0005,0.0005,0.0005,0.0005,0.0005,0.0005,0.0005,0.0005,0.0005,0.0005,0.0005,0.0005,0.0005,0.0005,0.0005,0.0005,0.0005,0.0005,0.0005,0.0005,0.0005,0.0005

