parameters
rmsprop_lr:0.0005
rmsprop_momentum:0
rmsprop_alpha:0.99
rmsprop_eps:1e-8
rmsprop_centered:False
rmsprop_weight_decay:0
architecture:lenet5
dataset:mnist
combine_datasets:False
do_validation_set:False
epochs:100
batch_size:1024
test_set_split:0.1666667
validation_set_split:0.0
reduce_train_set:1
executions:3
base_seed:42
training_method:rmsprop
learning_method:constant

train_loss
0.807,0.217,0.142,0.11,0.09,0.077,0.068,0.061,0.055,0.052,0.047,0.044,0.042,0.039,0.037,0.034,0.033,0.032,0.03,0.029,0.027,0.025,0.025,0.023,0.022,0.022,0.021,0.019,0.019,0.018,0.017,0.016,0.015,0.015,0.014,0.014,0.013,0.012,0.011,0.011,0.01,0.01,0.009,0.009,0.008,0.008,0.007,0.007,0.007,0.006,0.006,0.006,0.005,0.006,0.005,0.004,0.004,0.004,0.003,0.004,0.009,0.003,0.002,0.002,0.002,0.002,0.006,0.002,0.001,0.003,0.002,0.001,0.005,0.002,0.001,0.001,0.002,0.011,0.001,0.001,0.001,0.001,0.001,0.001,0.01,0.001,0.001,0.001,0.001,0.001,0.008,0.001,0.0,0.0,0.0,0.0,0.015,0.001,0.0,0.0
0.722,0.212,0.146,0.115,0.096,0.084,0.075,0.067,0.061,0.057,0.053,0.049,0.047,0.044,0.042,0.039,0.038,0.036,0.034,0.033,0.031,0.03,0.029,0.028,0.026,0.026,0.024,0.023,0.023,0.022,0.021,0.02,0.019,0.018,0.018,0.017,0.016,0.016,0.015,0.015,0.014,0.013,0.013,0.012,0.011,0.012,0.011,0.01,0.009,0.009,0.009,0.009,0.008,0.008,0.007,0.007,0.007,0.007,0.005,0.006,0.005,0.006,0.009,0.004,0.004,0.004,0.005,0.003,0.009,0.003,0.003,0.003,0.012,0.003,0.002,0.005,0.002,0.002,0.002,0.011,0.002,0.002,0.002,0.002,0.011,0.002,0.002,0.001,0.001,0.001,0.011,0.002,0.001,0.001,0.001,0.001,0.012,0.001,0.001,0.001
0.781,0.211,0.14,0.109,0.089,0.077,0.067,0.061,0.054,0.051,0.047,0.043,0.041,0.038,0.036,0.033,0.032,0.031,0.029,0.028,0.027,0.025,0.024,0.023,0.022,0.021,0.02,0.019,0.018,0.017,0.018,0.016,0.015,0.015,0.014,0.014,0.013,0.012,0.012,0.011,0.01,0.01,0.01,0.009,0.009,0.01,0.007,0.008,0.008,0.007,0.007,0.008,0.005,0.006,0.005,0.006,0.005,0.005,0.005,0.005,0.004,0.004,0.004,0.003,0.004,0.011,0.003,0.002,0.002,0.002,0.003,0.004,0.002,0.009,0.002,0.001,0.001,0.001,0.002,0.001,0.012,0.001,0.001,0.001,0.001,0.001,0.009,0.001,0.001,0.001,0.001,0.001,0.014,0.001,0.001,0.001,0.001,0.001,0.001,0.001

train_acc1
77.928,94.307,96.05,96.907,97.4,97.793,98.047,98.248,98.407,98.497,98.625,98.723,98.785,98.842,98.902,98.998,99.027,99.093,99.128,99.153,99.192,99.262,99.253,99.313,99.387,99.393,99.428,99.465,99.457,99.507,99.497,99.57,99.597,99.612,99.588,99.623,99.662,99.698,99.703,99.705,99.742,99.732,99.793,99.777,99.822,99.818,99.832,99.842,99.807,99.885,99.88,99.892,99.923,99.877,99.887,99.948,99.935,99.943,99.955,99.94,99.767,99.963,99.977,99.985,99.985,99.983,99.828,99.992,99.993,99.947,99.953,99.992,99.888,99.977,99.998,100.0,99.985,99.738,99.995,99.998,100.0,100.0,99.997,99.995,99.805,99.997,100.0,100.0,100.0,100.0,99.828,100.0,100.0,100.0,100.0,100.0,99.683,99.993,100.0,100.0
80.403,94.273,95.907,96.698,97.243,97.643,97.823,98.1,98.233,98.302,98.397,98.527,98.6,98.68,98.768,98.85,98.903,98.95,99.023,99.027,99.037,99.15,99.112,99.172,99.22,99.223,99.332,99.333,99.283,99.358,99.393,99.435,99.445,99.477,99.487,99.482,99.528,99.55,99.565,99.557,99.62,99.647,99.627,99.682,99.693,99.658,99.713,99.73,99.762,99.767,99.768,99.79,99.805,99.815,99.835,99.827,99.827,99.863,99.898,99.853,99.895,99.858,99.787,99.918,99.948,99.947,99.882,99.958,99.797,99.967,99.972,99.967,99.72,99.967,99.978,99.868,99.985,99.99,99.987,99.75,99.978,99.99,99.992,99.995,99.74,99.965,99.992,99.995,99.993,99.992,99.782,99.983,99.997,99.998,99.992,99.995,99.745,99.992,99.998,99.998
78.545,94.398,96.077,96.903,97.397,97.823,98.027,98.232,98.385,98.498,98.608,98.732,98.757,98.847,98.867,98.997,99.035,99.073,99.148,99.168,99.193,99.22,99.235,99.347,99.345,99.358,99.407,99.458,99.448,99.513,99.492,99.545,99.567,99.593,99.598,99.612,99.625,99.69,99.662,99.695,99.748,99.73,99.732,99.778,99.775,99.742,99.842,99.812,99.817,99.86,99.868,99.762,99.898,99.882,99.91,99.852,99.9,99.917,99.9,99.913,99.922,99.923,99.93,99.948,99.902,99.732,99.957,99.98,99.98,99.982,99.953,99.917,99.985,99.788,99.962,99.99,99.993,99.988,99.962,99.992,99.78,99.983,99.993,99.995,99.995,99.993,99.797,99.99,99.998,99.998,99.998,99.998,99.725,99.99,100.0,100.0,100.0,100.0,100.0,100.0

val_acc1
93.49,95.76,96.89,97.39,97.59,98.06,98.2,98.38,98.32,98.44,98.55,98.48,98.63,98.69,98.63,98.52,98.68,98.69,98.63,98.66,98.84,98.54,98.87,98.95,98.86,98.83,98.81,98.85,98.86,98.98,98.83,98.94,98.91,98.78,98.82,98.88,98.92,99.04,98.94,98.97,98.85,98.92,99.03,98.75,98.99,99.05,98.89,98.97,99.0,98.35,98.94,98.84,98.95,98.84,98.91,98.92,98.84,99.0,98.92,99.06,99.01,99.02,99.02,98.97,98.99,98.93,98.96,99.01,98.86,97.55,99.02,99.03,98.72,98.99,98.95,98.75,98.9,99.06,99.03,98.98,99.06,98.97,98.99,98.96,99.08,99.05,99.05,99.06,99.03,98.98,99.11,99.02,99.06,99.04,99.13,99.07,98.97,99.0,99.04,99.08
93.63,95.9,96.78,97.35,97.49,97.8,98.13,98.04,98.27,98.18,98.37,98.27,98.37,98.46,98.61,98.71,98.47,98.76,98.72,98.75,98.72,98.7,98.74,98.91,98.37,98.85,98.79,98.77,98.84,98.98,98.8,98.9,98.84,98.77,98.91,98.87,98.8,98.99,98.92,98.89,98.45,98.88,98.92,98.73,98.9,98.98,98.9,98.91,98.86,98.73,98.92,98.75,98.92,98.7,98.79,98.87,98.92,98.98,98.74,99.03,98.91,98.99,98.99,98.99,98.87,98.91,98.96,98.86,98.92,99.02,99.08,98.96,99.05,99.03,99.01,98.98,98.98,99.06,99.01,99.01,99.03,99.0,99.01,98.99,98.97,99.1,99.1,98.97,98.96,99.09,99.04,99.0,99.05,99.01,98.99,99.07,99.02,99.06,99.05,99.06
93.94,96.2,96.95,97.44,97.85,98.14,98.32,98.37,98.41,98.59,98.48,98.67,98.58,98.71,98.72,98.81,98.68,98.81,98.78,98.89,98.94,98.66,98.94,98.98,98.75,98.92,99.03,98.97,98.9,99.04,98.98,99.02,99.08,98.65,99.02,99.0,99.06,99.17,99.04,99.2,98.91,99.04,99.11,98.95,99.14,99.13,99.1,98.73,99.11,98.96,99.14,99.02,98.98,99.01,98.99,99.05,99.03,99.12,98.95,99.1,99.1,99.06,99.11,99.05,99.08,99.1,99.15,99.15,99.17,99.02,99.07,99.03,99.04,99.08,99.19,99.05,99.13,99.13,99.02,98.99,99.13,99.1,99.11,99.05,99.01,99.13,99.14,99.12,99.13,99.13,99.09,99.08,99.15,99.13,99.12,99.13,99.09,99.14,99.1,99.1

val_loss
0.274,0.153,0.111,0.09,0.083,0.065,0.057,0.053,0.05,0.047,0.045,0.044,0.043,0.039,0.043,0.046,0.041,0.039,0.042,0.038,0.037,0.045,0.035,0.031,0.034,0.037,0.036,0.034,0.034,0.032,0.036,0.034,0.033,0.035,0.036,0.036,0.034,0.031,0.035,0.035,0.037,0.033,0.033,0.038,0.033,0.032,0.035,0.036,0.033,0.058,0.034,0.041,0.036,0.04,0.038,0.036,0.037,0.035,0.037,0.035,0.036,0.035,0.037,0.037,0.036,0.042,0.037,0.039,0.041,0.098,0.038,0.039,0.05,0.04,0.041,0.052,0.041,0.038,0.038,0.039,0.039,0.04,0.045,0.043,0.04,0.04,0.041,0.041,0.042,0.042,0.04,0.042,0.041,0.042,0.042,0.041,0.047,0.042,0.042,0.043
0.253,0.154,0.115,0.096,0.088,0.071,0.063,0.063,0.056,0.056,0.055,0.056,0.05,0.047,0.043,0.043,0.048,0.039,0.04,0.037,0.039,0.04,0.038,0.034,0.05,0.036,0.037,0.036,0.037,0.033,0.034,0.034,0.035,0.037,0.033,0.039,0.035,0.031,0.032,0.032,0.048,0.035,0.033,0.04,0.036,0.032,0.037,0.035,0.035,0.043,0.036,0.042,0.037,0.044,0.04,0.038,0.037,0.034,0.041,0.035,0.037,0.036,0.041,0.035,0.039,0.04,0.038,0.041,0.04,0.036,0.037,0.038,0.037,0.038,0.039,0.041,0.038,0.038,0.039,0.04,0.039,0.039,0.04,0.043,0.042,0.04,0.04,0.04,0.041,0.04,0.044,0.043,0.041,0.042,0.042,0.043,0.042,0.041,0.042,0.043
0.268,0.147,0.108,0.088,0.077,0.063,0.055,0.053,0.048,0.045,0.047,0.041,0.044,0.037,0.039,0.038,0.042,0.036,0.037,0.033,0.036,0.041,0.031,0.031,0.039,0.032,0.03,0.032,0.034,0.029,0.031,0.032,0.031,0.044,0.032,0.031,0.033,0.029,0.031,0.029,0.033,0.033,0.032,0.033,0.029,0.029,0.032,0.045,0.03,0.033,0.031,0.032,0.035,0.032,0.032,0.033,0.033,0.032,0.036,0.032,0.032,0.033,0.033,0.034,0.033,0.033,0.031,0.032,0.034,0.035,0.037,0.034,0.034,0.036,0.033,0.038,0.035,0.035,0.038,0.038,0.036,0.034,0.035,0.038,0.04,0.035,0.039,0.038,0.036,0.035,0.038,0.037,0.039,0.037,0.038,0.036,0.038,0.036,0.039,0.039

learning_rate
0.0005,0.0005,0.0005,0.0005,0.0005,0.0005,0.0005,0.0005,0.0005,0.0005,0.0005,0.0005,0.0005,0.0005,0.0005,0.0005,0.0005,0.0005,0.0005,0.0005,0.0005,0.0005,0.0005,0.0005,0.0005,0.0005,0.0005,0.0005,0.0005,0.0005,0.0005,0.0005,0.0005,0.0005,0.0005,0.0005,0.0005,0.0005,0.0005,0.0005,0.0005,0.0005,0.0005,0.0005,0.0005,0.0005,0.0005,0.0005,0.0005,0.0005,0.0005,0.0005,0.0005,0.0005,0.0005,0.0005,0.0005,0.0005,0.0005,0.0005,0.0005,0.0005,0.0005,0.0005,0.0005,0.0005,0.0005,0.0005,0.0005,0.0005,0.0005,0.0005,0.0005,0.0005,0.0005,0.0005,0.0005,0.0005,0.0005,0.0005,0.0005,0.0005,0.0005,0.0005,0.0005,0.0005,0.0005,0.0005,0.0005,0.0005,0.0005,0.0005,0.0005,0.0005,0.0005,0.0005,0.0005,0.0005,0.0005,0.0005
0.0005,0.0005,0.0005,0.0005,0.0005,0.0005,0.0005,0.0005,0.0005,0.0005,0.0005,0.0005,0.0005,0.0005,0.0005,0.0005,0.0005,0.0005,0.0005,0.0005,0.0005,0.0005,0.0005,0.0005,0.0005,0.0005,0.0005,0.0005,0.0005,0.0005,0.0005,0.0005,0.0005,0.0005,0.0005,0.0005,0.0005,0.0005,0.0005,0.0005,0.0005,0.0005,0.0005,0.0005,0.0005,0.0005,0.0005,0.0005,0.0005,0.0005,0.0005,0.0005,0.0005,0.0005,0.0005,0.0005,0.0005,0.0005,0.0005,0.0005,0.0005,0.0005,0.0005,0.0005,0.0005,0.0005,0.0005,0.0005,0.0005,0.0005,0.0005,0.0005,0.0005,0.0005,0.0005,0.0005,0.0005,0.0005,0.0005,0.0005,0.0005,0.0005,0.0005,0.0005,0.0005,0.0005,0.0005,0.0005,0.0005,0.0005,0.0005,0.0005,0.0005,0.0005,0.0005,0.0005,0.0005,0.0005,0.0005,0.0005
0.0005,0.0005,0.0005,0.0005,0.0005,0.0005,0.0005,0.0005,0.0005,0.0005,0.0005,0.0005,0.0005,0.0005,0.0005,0.0005,0.0005,0.0005,0.0005,0.0005,0.0005,0.0005,0.0005,0.0005,0.0005,0.0005,0.0005,0.0005,0.0005,0.0005,0.0005,0.0005,0.0005,0.0005,0.0005,0.0005,0.0005,0.0005,0.0005,0.0005,0.0005,0.0005,0.0005,0.0005,0.0005,0.0005,0.0005,0.0005,0.0005,0.0005,0.0005,0.0005,0.0005,0.0005,0.0005,0.0005,0.0005,0.0005,0.0005,0.0005,0.0005,0.0005,0.0005,0.0005,0.0005,0.0005,0.0005,0.0005,0.0005,0.0005,0.0005,0.0005,0.0005,0.0005,0.0005,0.0005,0.0005,0.0005,0.0005,0.0005,0.0005,0.0005,0.0005,0.0005,0.0005,0.0005,0.0005,0.0005,0.0005,0.0005,0.0005,0.0005,0.0005,0.0005,0.0005,0.0005,0.0005,0.0005,0.0005,0.0005

