parameters
sgd_lr:0.05
sgd_momentum:0.9
sgd_weight_decay:0
sgd_dampening:0
sgd_nesterov:False
architecture:lenet5
dataset:mnist
combine_datasets:False
do_validation_set:False
epochs:100
batch_size:1024
test_set_split:0.1666667
validation_set_split:0.0
reduce_train_set:1
executions:3
base_seed:42
training_method:sgd
learning_method:constant

train_loss
1.468,0.152,0.076,0.06,0.05,0.042,0.039,0.034,0.032,0.028,0.026,0.023,0.021,0.02,0.019,0.017,0.016,0.016,0.015,0.013,0.012,0.011,0.01,0.009,0.009,0.008,0.008,0.007,0.006,0.006,0.005,0.005,0.005,0.004,0.004,0.003,0.003,0.003,0.003,0.003,0.003,0.002,0.002,0.002,0.002,0.002,0.002,0.002,0.001,0.001,0.001,0.001,0.001,0.001,0.001,0.001,0.001,0.001,0.001,0.001,0.001,0.001,0.001,0.001,0.001,0.001,0.001,0.001,0.001,0.001,0.001,0.001,0.001,0.001,0.0,0.001,0.0,0.0,0.0,0.0,0.0,0.0,0.0,0.0,0.0,0.0,0.0,0.0,0.0,0.0,0.0,0.0,0.0,0.0,0.0,0.0,0.0,0.0,0.0,0.0
1.461,0.158,0.086,0.065,0.054,0.047,0.041,0.037,0.034,0.031,0.028,0.026,0.024,0.022,0.02,0.02,0.018,0.017,0.016,0.015,0.013,0.012,0.012,0.01,0.01,0.009,0.009,0.008,0.008,0.007,0.007,0.006,0.005,0.005,0.005,0.004,0.004,0.004,0.004,0.003,0.003,0.003,0.003,0.002,0.003,0.003,0.002,0.002,0.002,0.002,0.002,0.002,0.001,0.001,0.001,0.001,0.001,0.001,0.001,0.001,0.001,0.001,0.001,0.001,0.001,0.001,0.001,0.001,0.001,0.001,0.001,0.001,0.001,0.001,0.001,0.001,0.001,0.001,0.001,0.001,0.0,0.0,0.0,0.0,0.0,0.0,0.0,0.0,0.0,0.0,0.0,0.0,0.0,0.0,0.0,0.0,0.0,0.0,0.0,0.0
1.446,0.153,0.083,0.064,0.053,0.045,0.039,0.034,0.032,0.029,0.026,0.025,0.023,0.02,0.02,0.018,0.017,0.015,0.015,0.014,0.012,0.011,0.011,0.01,0.01,0.009,0.009,0.008,0.008,0.008,0.006,0.006,0.006,0.005,0.005,0.005,0.004,0.004,0.004,0.003,0.003,0.003,0.003,0.002,0.003,0.002,0.002,0.002,0.002,0.002,0.001,0.001,0.001,0.001,0.001,0.001,0.001,0.001,0.001,0.001,0.001,0.001,0.001,0.001,0.001,0.001,0.001,0.001,0.001,0.001,0.001,0.001,0.001,0.001,0.001,0.001,0.0,0.0,0.0,0.0,0.0,0.0,0.0,0.0,0.0,0.0,0.0,0.0,0.0,0.0,0.0,0.0,0.0,0.0,0.0,0.0,0.0,0.0,0.0,0.0

train_acc1
49.918,95.46,97.662,98.148,98.48,98.732,98.812,98.993,99.023,99.162,99.153,99.282,99.37,99.382,99.457,99.497,99.553,99.55,99.58,99.638,99.663,99.705,99.74,99.773,99.773,99.827,99.812,99.823,99.87,99.867,99.91,99.907,99.92,99.948,99.93,99.963,99.96,99.975,99.973,99.978,99.973,99.988,99.988,99.993,99.992,99.992,99.993,99.993,99.995,99.998,99.997,99.998,99.998,99.998,99.998,99.998,100.0,99.998,99.998,100.0,100.0,100.0,100.0,100.0,99.998,100.0,100.0,100.0,100.0,100.0,100.0,100.0,100.0,100.0,100.0,100.0,100.0,100.0,100.0,100.0,100.0,100.0,100.0,100.0,100.0,100.0,100.0,100.0,100.0,100.0,100.0,100.0,100.0,100.0,100.0,100.0,100.0,100.0,100.0,100.0
48.978,95.195,97.437,98.002,98.303,98.605,98.742,98.873,98.968,99.045,99.147,99.238,99.26,99.347,99.403,99.408,99.502,99.498,99.503,99.547,99.638,99.685,99.673,99.742,99.73,99.772,99.807,99.788,99.802,99.847,99.867,99.873,99.922,99.898,99.892,99.953,99.952,99.942,99.945,99.962,99.952,99.975,99.983,99.975,99.953,99.975,99.985,99.992,99.99,99.992,99.992,99.992,99.993,99.995,99.998,99.995,99.997,99.995,99.993,100.0,99.997,99.995,100.0,99.998,99.998,100.0,100.0,100.0,100.0,100.0,100.0,99.998,100.0,100.0,100.0,100.0,100.0,100.0,100.0,100.0,100.0,100.0,100.0,100.0,100.0,100.0,100.0,100.0,100.0,100.0,100.0,100.0,100.0,100.0,100.0,100.0,100.0,100.0,100.0,100.0
49.958,95.287,97.492,98.05,98.39,98.605,98.8,98.923,99.037,99.158,99.213,99.263,99.252,99.435,99.388,99.502,99.51,99.592,99.565,99.615,99.703,99.732,99.697,99.728,99.757,99.783,99.783,99.798,99.812,99.81,99.86,99.845,99.855,99.888,99.892,99.908,99.927,99.928,99.937,99.948,99.933,99.97,99.97,99.97,99.943,99.978,99.988,99.985,99.992,99.99,99.995,99.992,99.995,99.995,99.998,99.995,99.995,99.997,99.997,100.0,100.0,99.998,99.998,100.0,100.0,100.0,100.0,100.0,100.0,100.0,100.0,100.0,100.0,100.0,100.0,100.0,100.0,100.0,100.0,100.0,100.0,100.0,100.0,100.0,100.0,100.0,100.0,100.0,100.0,100.0,100.0,100.0,100.0,100.0,100.0,100.0,100.0,100.0,100.0,100.0

val_acc1
92.71,97.66,98.08,98.25,98.4,98.67,98.72,98.74,98.78,98.69,98.82,98.78,98.97,98.86,98.84,98.82,98.9,98.89,99.01,98.94,98.88,98.84,98.93,98.78,98.99,99.01,98.95,98.94,98.88,98.98,98.99,98.89,98.95,98.83,98.9,98.93,98.95,98.95,99.01,98.93,98.93,98.92,98.93,98.9,98.93,98.94,99.0,98.98,98.92,98.91,99.01,99.0,99.02,98.98,98.98,98.94,98.96,98.96,99.0,98.96,98.92,98.91,98.95,98.92,98.92,98.95,98.93,98.93,98.94,98.95,98.94,98.97,98.92,98.97,98.94,98.93,98.97,98.91,98.92,98.96,98.94,98.98,98.95,98.94,98.96,98.97,98.92,98.91,98.94,98.92,98.95,98.92,98.94,98.9,98.95,98.95,98.92,98.9,98.96,98.96
92.13,97.09,97.59,98.24,98.43,98.6,98.75,98.85,98.7,98.75,98.91,98.95,98.94,98.97,98.97,98.63,98.91,99.03,98.93,98.97,98.95,98.83,99.01,98.98,99.07,99.09,99.05,99.04,99.02,99.0,99.03,99.0,99.03,99.06,99.01,99.09,99.1,99.02,99.1,99.0,99.15,98.95,99.13,99.07,99.16,99.05,99.1,99.08,99.05,99.12,99.09,99.02,99.1,99.06,99.07,99.04,99.05,99.06,99.07,99.12,99.09,99.03,99.07,99.09,99.06,99.07,99.06,99.08,99.09,99.08,99.04,99.03,99.08,99.06,99.07,99.08,99.09,99.1,99.06,99.05,99.05,99.06,99.04,99.03,99.04,99.07,99.08,99.06,99.05,99.05,99.03,99.07,99.06,99.08,99.02,99.04,99.05,99.04,99.03,99.04
91.83,97.33,97.94,98.23,98.52,98.81,98.87,99.0,98.97,98.96,98.98,99.01,99.02,99.05,99.09,99.03,99.09,99.1,99.15,99.02,99.1,99.02,99.14,99.05,99.1,99.08,99.01,99.05,99.05,99.15,99.08,99.09,99.12,99.06,99.09,99.06,99.14,99.12,99.13,99.0,99.01,99.02,99.06,99.07,99.07,99.19,99.11,99.08,99.05,99.06,99.14,99.01,99.13,99.15,99.11,99.05,99.11,99.08,99.11,99.16,99.11,99.11,99.1,99.05,99.1,99.13,99.09,99.1,99.12,99.09,99.13,99.13,99.12,99.1,99.13,99.1,99.13,99.1,99.09,99.12,99.11,99.08,99.13,99.12,99.11,99.11,99.13,99.08,99.07,99.15,99.12,99.14,99.1,99.1,99.14,99.11,99.09,99.09,99.13,99.1

val_loss
0.253,0.08,0.063,0.052,0.051,0.041,0.037,0.041,0.04,0.041,0.037,0.037,0.033,0.035,0.038,0.035,0.033,0.035,0.032,0.035,0.035,0.037,0.033,0.039,0.034,0.035,0.037,0.037,0.038,0.036,0.036,0.039,0.037,0.039,0.038,0.037,0.038,0.041,0.038,0.039,0.041,0.042,0.04,0.04,0.041,0.042,0.042,0.042,0.043,0.042,0.043,0.043,0.043,0.044,0.043,0.044,0.043,0.044,0.043,0.044,0.045,0.045,0.046,0.046,0.046,0.045,0.045,0.045,0.047,0.047,0.047,0.046,0.046,0.047,0.047,0.047,0.046,0.049,0.048,0.048,0.048,0.048,0.048,0.05,0.048,0.048,0.048,0.049,0.049,0.049,0.049,0.05,0.049,0.05,0.049,0.049,0.051,0.05,0.05,0.052
0.285,0.096,0.076,0.052,0.047,0.042,0.038,0.037,0.039,0.036,0.032,0.032,0.033,0.031,0.032,0.04,0.033,0.031,0.032,0.033,0.034,0.036,0.03,0.03,0.03,0.03,0.03,0.031,0.031,0.031,0.033,0.032,0.034,0.032,0.032,0.031,0.031,0.032,0.033,0.033,0.032,0.037,0.032,0.033,0.033,0.035,0.033,0.033,0.036,0.034,0.035,0.035,0.035,0.035,0.035,0.037,0.037,0.036,0.036,0.036,0.037,0.036,0.038,0.038,0.037,0.036,0.038,0.037,0.039,0.037,0.039,0.038,0.038,0.038,0.039,0.039,0.038,0.039,0.04,0.039,0.04,0.04,0.04,0.042,0.04,0.039,0.04,0.04,0.04,0.041,0.041,0.041,0.041,0.041,0.041,0.041,0.042,0.041,0.042,0.042
0.264,0.088,0.068,0.054,0.046,0.039,0.035,0.032,0.031,0.035,0.03,0.031,0.032,0.029,0.028,0.029,0.029,0.028,0.027,0.029,0.028,0.034,0.027,0.028,0.028,0.028,0.03,0.03,0.032,0.03,0.033,0.034,0.029,0.029,0.031,0.03,0.03,0.031,0.029,0.033,0.03,0.032,0.031,0.031,0.033,0.03,0.031,0.032,0.035,0.032,0.033,0.033,0.033,0.033,0.033,0.034,0.034,0.034,0.033,0.033,0.035,0.034,0.035,0.036,0.035,0.035,0.035,0.035,0.037,0.037,0.036,0.035,0.036,0.036,0.037,0.037,0.036,0.037,0.037,0.038,0.037,0.038,0.038,0.039,0.039,0.037,0.039,0.038,0.037,0.038,0.039,0.039,0.039,0.04,0.04,0.038,0.039,0.038,0.04,0.04

learning_rate
0.05,0.05,0.05,0.05,0.05,0.05,0.05,0.05,0.05,0.05,0.05,0.05,0.05,0.05,0.05,0.05,0.05,0.05,0.05,0.05,0.05,0.05,0.05,0.05,0.05,0.05,0.05,0.05,0.05,0.05,0.05,0.05,0.05,0.05,0.05,0.05,0.05,0.05,0.05,0.05,0.05,0.05,0.05,0.05,0.05,0.05,0.05,0.05,0.05,0.05,0.05,0.05,0.05,0.05,0.05,0.05,0.05,0.05,0.05,0.05,0.05,0.05,0.05,0.05,0.05,0.05,0.05,0.05,0.05,0.05,0.05,0.05,0.05,0.05,0.05,0.05,0.05,0.05,0.05,0.05,0.05,0.05,0.05,0.05,0.05,0.05,0.05,0.05,0.05,0.05,0.05,0.05,0.05,0.05,0.05,0.05,0.05,0.05,0.05,0.05
0.05,0.05,0.05,0.05,0.05,0.05,0.05,0.05,0.05,0.05,0.05,0.05,0.05,0.05,0.05,0.05,0.05,0.05,0.05,0.05,0.05,0.05,0.05,0.05,0.05,0.05,0.05,0.05,0.05,0.05,0.05,0.05,0.05,0.05,0.05,0.05,0.05,0.05,0.05,0.05,0.05,0.05,0.05,0.05,0.05,0.05,0.05,0.05,0.05,0.05,0.05,0.05,0.05,0.05,0.05,0.05,0.05,0.05,0.05,0.05,0.05,0.05,0.05,0.05,0.05,0.05,0.05,0.05,0.05,0.05,0.05,0.05,0.05,0.05,0.05,0.05,0.05,0.05,0.05,0.05,0.05,0.05,0.05,0.05,0.05,0.05,0.05,0.05,0.05,0.05,0.05,0.05,0.05,0.05,0.05,0.05,0.05,0.05,0.05,0.05
0.05,0.05,0.05,0.05,0.05,0.05,0.05,0.05,0.05,0.05,0.05,0.05,0.05,0.05,0.05,0.05,0.05,0.05,0.05,0.05,0.05,0.05,0.05,0.05,0.05,0.05,0.05,0.05,0.05,0.05,0.05,0.05,0.05,0.05,0.05,0.05,0.05,0.05,0.05,0.05,0.05,0.05,0.05,0.05,0.05,0.05,0.05,0.05,0.05,0.05,0.05,0.05,0.05,0.05,0.05,0.05,0.05,0.05,0.05,0.05,0.05,0.05,0.05,0.05,0.05,0.05,0.05,0.05,0.05,0.05,0.05,0.05,0.05,0.05,0.05,0.05,0.05,0.05,0.05,0.05,0.05,0.05,0.05,0.05,0.05,0.05,0.05,0.05,0.05,0.05,0.05,0.05,0.05,0.05,0.05,0.05,0.05,0.05,0.05,0.05

