parameters
sgd_lr:0.05
sgd_momentum:0.9
sgd_weight_decay:0
sgd_dampening:0
sgd_nesterov:False
architecture:lenet5
dataset:mnist
combine_datasets:False
do_validation_set:False
epochs:100
batch_size:1024
test_set_split:0.1666667
validation_set_split:0.0
reduce_train_set:1
executions:2
base_seed:1230
training_method:sgd
learning_method:constant

train_loss
1.421,0.142,0.08,0.061,0.05,0.045,0.039,0.033,0.031,0.029,0.027,0.024,0.022,0.02,0.018,0.018,0.017,0.015,0.014,0.012,0.011,0.011,0.009,0.009,0.009,0.008,0.008,0.007,0.006,0.006,0.005,0.006,0.005,0.004,0.004,0.004,0.004,0.003,0.003,0.003,0.003,0.002,0.002,0.002,0.002,0.002,0.002,0.002,0.002,0.002,0.001,0.001,0.001,0.001,0.001,0.001,0.001,0.001,0.001,0.001,0.001,0.001,0.001,0.001,0.001,0.001,0.001,0.001,0.001,0.001,0.001,0.001,0.001,0.001,0.001,0.001,0.001,0.001,0.0,0.0,0.0,0.0,0.0,0.0,0.0,0.0,0.0,0.0,0.0,0.0,0.0,0.0,0.0,0.0,0.0,0.0,0.0,0.0,0.0,0.0
1.421,0.156,0.088,0.067,0.055,0.049,0.043,0.037,0.033,0.032,0.028,0.026,0.024,0.022,0.021,0.019,0.018,0.015,0.014,0.013,0.012,0.012,0.011,0.01,0.009,0.008,0.008,0.008,0.007,0.006,0.005,0.005,0.005,0.005,0.005,0.005,0.004,0.003,0.003,0.003,0.003,0.002,0.002,0.002,0.002,0.002,0.002,0.002,0.002,0.001,0.001,0.001,0.001,0.001,0.001,0.001,0.001,0.001,0.001,0.001,0.001,0.001,0.001,0.001,0.001,0.001,0.001,0.001,0.001,0.001,0.001,0.001,0.001,0.001,0.001,0.0,0.0,0.0,0.0,0.0,0.0,0.0,0.0,0.0,0.0,0.0,0.0,0.0,0.0,0.0,0.0,0.0,0.0,0.0,0.0,0.0,0.0,0.0,0.0,0.0

train_acc1
50.99,95.65,97.507,98.16,98.497,98.687,98.825,98.993,99.06,99.082,99.143,99.257,99.303,99.403,99.443,99.452,99.485,99.572,99.607,99.67,99.663,99.715,99.8,99.782,99.793,99.823,99.822,99.858,99.883,99.882,99.922,99.878,99.898,99.925,99.955,99.953,99.937,99.96,99.97,99.973,99.985,99.983,99.99,99.988,99.993,99.993,99.99,99.99,99.993,99.997,99.993,99.997,99.997,99.998,99.997,99.997,99.997,99.995,99.998,99.998,99.998,99.998,99.998,99.998,99.998,99.998,99.998,99.998,99.998,99.998,99.998,99.998,99.998,100.0,100.0,100.0,100.0,100.0,99.998,100.0,99.998,100.0,100.0,100.0,100.0,100.0,100.0,100.0,100.0,100.0,100.0,100.0,100.0,100.0,100.0,100.0,100.0,100.0,100.0,100.0
53.147,95.173,97.26,97.95,98.323,98.562,98.68,98.855,99.013,98.998,99.153,99.21,99.303,99.328,99.345,99.425,99.442,99.57,99.637,99.623,99.667,99.678,99.713,99.748,99.758,99.792,99.813,99.81,99.832,99.848,99.913,99.893,99.903,99.908,99.903,99.92,99.932,99.957,99.975,99.965,99.985,99.99,99.99,99.98,99.987,99.99,99.997,99.992,99.995,99.998,99.998,99.998,99.998,99.998,99.998,99.997,99.998,99.997,99.998,99.998,99.998,99.998,99.998,99.998,99.998,99.998,100.0,100.0,100.0,100.0,100.0,100.0,100.0,100.0,100.0,100.0,100.0,100.0,100.0,100.0,100.0,100.0,100.0,100.0,100.0,100.0,100.0,100.0,100.0,100.0,100.0,100.0,100.0,100.0,100.0,100.0,100.0,100.0,100.0,100.0

val_acc1
91.96,97.43,97.89,98.29,98.48,98.62,98.78,98.64,98.81,98.95,98.76,99.05,99.03,99.19,99.1,98.96,99.09,99.1,99.14,98.99,99.02,99.07,99.02,99.18,98.98,99.04,99.09,99.1,99.07,99.12,99.06,99.04,99.23,99.22,99.16,99.16,99.22,99.09,99.09,99.14,99.11,99.17,99.2,99.21,99.18,99.18,99.11,99.11,99.12,99.17,99.12,99.06,99.11,99.16,99.1,99.11,99.2,99.2,99.16,99.11,99.18,99.14,99.13,99.17,99.14,99.13,99.14,99.17,99.18,99.15,99.18,99.16,99.15,99.15,99.14,99.2,99.14,99.17,99.14,99.19,99.17,99.1,99.19,99.19,99.13,99.16,99.14,99.16,99.15,99.15,99.15,99.2,99.19,99.13,99.15,99.15,99.13,99.12,99.16,99.12
92.31,97.05,98.01,98.31,98.58,98.66,98.69,98.65,98.9,98.96,98.77,98.87,98.98,98.97,98.77,98.71,98.81,98.94,98.95,98.95,98.85,98.89,98.93,98.99,98.86,98.92,98.92,98.74,98.95,99.06,98.88,98.84,98.88,98.98,99.02,98.98,98.92,98.97,98.94,99.04,99.03,98.97,98.98,99.03,98.96,99.04,98.98,98.97,99.0,98.98,99.0,99.03,99.03,98.98,99.0,99.02,98.96,99.03,98.99,99.0,99.0,98.98,98.99,99.0,99.04,98.97,99.01,99.03,98.99,99.02,99.01,99.07,99.06,98.99,99.01,99.03,99.0,99.02,99.04,99.01,98.99,99.06,99.06,99.02,99.01,99.03,99.02,99.02,99.0,99.01,99.02,99.04,99.01,99.04,99.02,99.06,99.05,99.04,99.01,99.0

val_loss
0.268,0.08,0.066,0.052,0.048,0.042,0.037,0.038,0.035,0.032,0.04,0.029,0.031,0.028,0.028,0.03,0.028,0.028,0.026,0.03,0.03,0.03,0.031,0.027,0.03,0.03,0.029,0.029,0.031,0.03,0.031,0.029,0.029,0.028,0.029,0.03,0.029,0.031,0.032,0.029,0.03,0.03,0.03,0.03,0.031,0.031,0.03,0.031,0.033,0.032,0.033,0.034,0.033,0.032,0.033,0.032,0.032,0.033,0.034,0.034,0.034,0.033,0.033,0.034,0.034,0.034,0.033,0.034,0.034,0.034,0.034,0.034,0.035,0.034,0.035,0.035,0.035,0.035,0.035,0.035,0.036,0.036,0.035,0.035,0.036,0.036,0.036,0.036,0.036,0.037,0.036,0.036,0.036,0.036,0.038,0.036,0.037,0.037,0.036,0.037
0.287,0.097,0.065,0.052,0.047,0.043,0.039,0.042,0.035,0.034,0.038,0.034,0.033,0.032,0.038,0.04,0.036,0.032,0.034,0.034,0.037,0.036,0.034,0.032,0.036,0.035,0.036,0.043,0.035,0.035,0.038,0.04,0.038,0.035,0.036,0.036,0.037,0.037,0.039,0.035,0.037,0.038,0.037,0.036,0.039,0.038,0.038,0.04,0.038,0.04,0.04,0.039,0.04,0.039,0.039,0.04,0.041,0.041,0.042,0.042,0.042,0.041,0.042,0.042,0.041,0.042,0.041,0.041,0.044,0.043,0.043,0.043,0.043,0.044,0.043,0.043,0.043,0.045,0.044,0.043,0.045,0.044,0.045,0.044,0.045,0.046,0.045,0.046,0.046,0.046,0.045,0.045,0.046,0.046,0.047,0.046,0.046,0.045,0.046,0.047

learning_rate
0.05,0.05,0.05,0.05,0.05,0.05,0.05,0.05,0.05,0.05,0.05,0.05,0.05,0.05,0.05,0.05,0.05,0.05,0.05,0.05,0.05,0.05,0.05,0.05,0.05,0.05,0.05,0.05,0.05,0.05,0.05,0.05,0.05,0.05,0.05,0.05,0.05,0.05,0.05,0.05,0.05,0.05,0.05,0.05,0.05,0.05,0.05,0.05,0.05,0.05,0.05,0.05,0.05,0.05,0.05,0.05,0.05,0.05,0.05,0.05,0.05,0.05,0.05,0.05,0.05,0.05,0.05,0.05,0.05,0.05,0.05,0.05,0.05,0.05,0.05,0.05,0.05,0.05,0.05,0.05,0.05,0.05,0.05,0.05,0.05,0.05,0.05,0.05,0.05,0.05,0.05,0.05,0.05,0.05,0.05,0.05,0.05,0.05,0.05,0.05
0.05,0.05,0.05,0.05,0.05,0.05,0.05,0.05,0.05,0.05,0.05,0.05,0.05,0.05,0.05,0.05,0.05,0.05,0.05,0.05,0.05,0.05,0.05,0.05,0.05,0.05,0.05,0.05,0.05,0.05,0.05,0.05,0.05,0.05,0.05,0.05,0.05,0.05,0.05,0.05,0.05,0.05,0.05,0.05,0.05,0.05,0.05,0.05,0.05,0.05,0.05,0.05,0.05,0.05,0.05,0.05,0.05,0.05,0.05,0.05,0.05,0.05,0.05,0.05,0.05,0.05,0.05,0.05,0.05,0.05,0.05,0.05,0.05,0.05,0.05,0.05,0.05,0.05,0.05,0.05,0.05,0.05,0.05,0.05,0.05,0.05,0.05,0.05,0.05,0.05,0.05,0.05,0.05,0.05,0.05,0.05,0.05,0.05,0.05,0.05

