parameters
tas_alpha:25
tas_beta:0.7
tas_gamma:0.02
sgd_lr:0.05
sgd_momentum:0.9
sgd_weight_decay:0
sgd_dampening:0
sgd_nesterov:False
architecture:lenet5
dataset:mnist
combine_datasets:False
do_validation_set:False
epochs:100
batch_size:1024
test_set_split:0.1666667
validation_set_split:0.0
reduce_train_set:1
executions:2
base_seed:1230
training_method:sgd
learning_method:tas

train_loss
1.421,0.142,0.08,0.061,0.05,0.045,0.039,0.033,0.031,0.029,0.027,0.024,0.022,0.02,0.018,0.018,0.017,0.015,0.013,0.012,0.011,0.011,0.009,0.009,0.008,0.008,0.008,0.007,0.006,0.006,0.005,0.006,0.005,0.004,0.004,0.004,0.004,0.003,0.003,0.003,0.003,0.003,0.002,0.002,0.002,0.002,0.002,0.002,0.002,0.002,0.001,0.001,0.001,0.001,0.001,0.001,0.001,0.001,0.001,0.001,0.001,0.001,0.001,0.001,0.001,0.001,0.001,0.001,0.001,0.001,0.001,0.001,0.001,0.001,0.001,0.001,0.001,0.001,0.001,0.001,0.001,0.001,0.001,0.001,0.001,0.001,0.001,0.001,0.001,0.001,0.001,0.001,0.001,0.001,0.001,0.001,0.001,0.001,0.001,0.001
1.421,0.156,0.088,0.067,0.055,0.049,0.042,0.038,0.033,0.031,0.028,0.026,0.024,0.022,0.021,0.019,0.018,0.015,0.014,0.014,0.012,0.012,0.01,0.01,0.009,0.008,0.008,0.008,0.007,0.006,0.005,0.006,0.005,0.005,0.005,0.005,0.004,0.003,0.003,0.003,0.003,0.002,0.002,0.002,0.002,0.002,0.002,0.002,0.002,0.001,0.001,0.001,0.001,0.001,0.001,0.001,0.001,0.001,0.001,0.001,0.001,0.001,0.001,0.001,0.001,0.001,0.001,0.001,0.001,0.001,0.001,0.001,0.001,0.001,0.001,0.001,0.001,0.001,0.001,0.001,0.001,0.001,0.001,0.001,0.001,0.001,0.001,0.001,0.001,0.001,0.001,0.001,0.001,0.001,0.001,0.001,0.001,0.001,0.001,0.001

train_acc1
50.982,95.66,97.518,98.16,98.532,98.683,98.822,99.005,99.075,99.075,99.16,99.272,99.322,99.39,99.433,99.45,99.505,99.563,99.627,99.673,99.682,99.728,99.785,99.807,99.803,99.82,99.82,99.855,99.883,99.89,99.923,99.872,99.907,99.93,99.957,99.947,99.943,99.962,99.972,99.975,99.983,99.987,99.99,99.988,99.993,99.99,99.99,99.992,99.993,99.998,99.995,99.997,99.997,99.998,99.997,99.998,99.997,99.995,99.998,99.998,99.998,99.998,99.998,99.998,99.998,99.998,99.998,99.998,99.998,99.998,99.998,99.998,99.998,99.998,99.998,100.0,99.998,100.0,99.998,100.0,99.998,100.0,100.0,100.0,100.0,99.998,100.0,100.0,100.0,100.0,100.0,100.0,100.0,100.0,100.0,100.0,100.0,100.0,100.0,100.0
53.147,95.177,97.28,97.948,98.328,98.545,98.683,98.838,99.027,98.995,99.168,99.212,99.282,99.312,99.352,99.437,99.438,99.58,99.635,99.607,99.667,99.68,99.712,99.747,99.77,99.788,99.823,99.823,99.833,99.852,99.89,99.882,99.895,99.925,99.907,99.918,99.92,99.95,99.972,99.962,99.987,99.988,99.983,99.985,99.987,99.99,99.995,99.99,99.985,99.998,99.995,99.998,99.997,99.997,99.998,99.997,99.998,99.997,99.998,99.998,99.998,99.998,99.998,99.998,99.998,99.998,99.998,99.998,100.0,100.0,100.0,99.998,99.998,100.0,100.0,100.0,100.0,100.0,100.0,100.0,100.0,100.0,100.0,100.0,100.0,100.0,100.0,100.0,100.0,100.0,100.0,100.0,100.0,100.0,100.0,100.0,100.0,100.0,100.0,100.0

val_acc1
91.95,97.46,97.91,98.3,98.48,98.61,98.77,98.67,98.82,98.96,98.78,99.1,99.04,99.14,99.06,98.93,99.1,99.06,99.09,99.04,99.0,99.1,99.05,99.16,99.05,99.05,99.14,99.06,99.04,99.11,99.08,99.07,99.24,99.16,99.14,99.13,99.18,99.09,99.05,99.15,99.12,99.12,99.18,99.16,99.14,99.18,99.13,99.14,99.1,99.13,99.06,99.04,99.13,99.12,99.09,99.14,99.12,99.18,99.13,99.13,99.13,99.13,99.14,99.13,99.11,99.11,99.16,99.13,99.15,99.14,99.14,99.15,99.15,99.15,99.14,99.14,99.14,99.13,99.15,99.14,99.14,99.13,99.14,99.15,99.14,99.17,99.13,99.16,99.16,99.14,99.15,99.14,99.17,99.13,99.16,99.14,99.14,99.16,99.13,99.14
92.27,97.01,98.05,98.28,98.56,98.67,98.67,98.64,98.9,98.92,98.83,98.83,98.95,98.94,98.77,98.7,98.86,98.92,98.87,98.93,98.82,98.84,98.9,98.99,98.88,98.93,98.87,98.86,98.89,98.97,98.83,98.89,98.92,98.97,98.94,98.97,98.91,98.92,98.97,99.03,98.96,98.94,98.99,98.99,98.97,98.99,99.0,98.96,98.98,99.02,98.97,99.05,99.04,99.0,99.02,99.03,98.99,99.02,99.01,99.02,99.03,99.03,99.06,99.02,99.05,99.04,99.06,99.05,99.03,99.04,99.04,99.01,99.03,99.05,99.04,99.03,99.03,99.03,99.03,99.04,99.02,99.05,99.05,99.05,99.04,99.05,99.05,99.04,99.04,99.05,99.04,99.04,99.05,99.05,99.04,99.04,99.05,99.05,99.05,99.05

val_loss
0.268,0.08,0.065,0.052,0.048,0.042,0.037,0.039,0.035,0.032,0.039,0.028,0.031,0.028,0.028,0.032,0.028,0.028,0.026,0.03,0.031,0.03,0.031,0.027,0.03,0.031,0.028,0.029,0.031,0.03,0.031,0.029,0.03,0.028,0.029,0.03,0.029,0.032,0.032,0.029,0.03,0.03,0.03,0.03,0.031,0.031,0.031,0.032,0.033,0.032,0.033,0.034,0.033,0.032,0.033,0.032,0.033,0.034,0.034,0.034,0.034,0.033,0.033,0.034,0.033,0.034,0.033,0.033,0.034,0.034,0.034,0.033,0.034,0.034,0.034,0.034,0.034,0.034,0.034,0.034,0.034,0.034,0.034,0.034,0.034,0.034,0.034,0.034,0.034,0.034,0.034,0.034,0.034,0.034,0.035,0.034,0.034,0.034,0.034,0.035
0.288,0.097,0.065,0.052,0.047,0.043,0.039,0.042,0.035,0.034,0.037,0.034,0.033,0.032,0.037,0.039,0.034,0.032,0.034,0.033,0.037,0.035,0.034,0.031,0.036,0.035,0.036,0.039,0.035,0.034,0.038,0.038,0.037,0.035,0.035,0.036,0.037,0.037,0.039,0.034,0.037,0.037,0.037,0.036,0.038,0.037,0.037,0.038,0.037,0.039,0.038,0.038,0.039,0.038,0.038,0.039,0.039,0.04,0.041,0.04,0.04,0.039,0.04,0.04,0.039,0.04,0.04,0.039,0.041,0.041,0.041,0.041,0.041,0.041,0.041,0.041,0.041,0.041,0.04,0.04,0.042,0.041,0.041,0.041,0.041,0.041,0.041,0.041,0.04,0.042,0.041,0.04,0.041,0.041,0.042,0.04,0.041,0.041,0.041,0.041

learning_rate
0.05,0.05,0.05,0.05,0.05,0.05,0.05,0.05,0.05,0.05,0.05,0.05,0.05,0.05,0.05,0.05,0.05,0.05,0.05,0.05,0.05,0.05,0.05,0.05,0.049999,0.049999,0.049999,0.049999,0.049998,0.049998,0.049997,0.049996,0.049995,0.049994,0.049992,0.04999,0.049987,0.049984,0.049979,0.049973,0.049965,0.049955,0.049943,0.049926,0.049906,0.049879,0.049845,0.049801,0.049744,0.049672,0.04958,0.049462,0.049311,0.049119,0.048874,0.048564,0.048171,0.047676,0.047056,0.046283,0.045328,0.044159,0.042746,0.041061,0.039088,0.036822,0.03428,0.031501,0.028547,0.0255,0.022453,0.019499,0.01672,0.014178,0.011912,0.009939,0.008254,0.006841,0.005672,0.004717,0.003944,0.003324,0.002829,0.002436,0.002126,0.001881,0.001689,0.001538,0.00142,0.001328,0.001256,0.001199,0.001155,0.001121,0.001094,0.001074,0.001057,0.001045,0.001035,0.001027
0.05,0.05,0.05,0.05,0.05,0.05,0.05,0.05,0.05,0.05,0.05,0.05,0.05,0.05,0.05,0.05,0.05,0.05,0.05,0.05,0.05,0.05,0.05,0.05,0.049999,0.049999,0.049999,0.049999,0.049998,0.049998,0.049997,0.049996,0.049995,0.049994,0.049992,0.04999,0.049987,0.049984,0.049979,0.049973,0.049965,0.049955,0.049943,0.049926,0.049906,0.049879,0.049845,0.049801,0.049744,0.049672,0.04958,0.049462,0.049311,0.049119,0.048874,0.048564,0.048171,0.047676,0.047056,0.046283,0.045328,0.044159,0.042746,0.041061,0.039088,0.036822,0.03428,0.031501,0.028547,0.0255,0.022453,0.019499,0.01672,0.014178,0.011912,0.009939,0.008254,0.006841,0.005672,0.004717,0.003944,0.003324,0.002829,0.002436,0.002126,0.001881,0.001689,0.001538,0.00142,0.001328,0.001256,0.001199,0.001155,0.001121,0.001094,0.001074,0.001057,0.001045,0.001035,0.001027

