parameters
sgd_lr:0.5
sgd_momentum:0
sgd_weight_decay:0
sgd_dampening:0
sgd_nesterov:False
architecture:vgg19bn_
dataset:cifar10
combine_datasets:False
do_validation_set:False
epochs:100
batch_size:128
test_set_split:0.1666667
validation_set_split:0.0
reduce_train_set:1
executions:3
base_seed:42
training_method:sgd
learning_method:constant

train_loss
2.711,2.251,1.984,1.87,1.796,1.669,1.526,1.387,1.241,1.109,1.003,0.915,0.837,0.767,0.709,0.661,0.618,0.578,0.542,0.508,0.488,0.46,0.435,0.415,0.397,0.375,0.363,0.34,0.327,0.313,0.298,0.287,0.275,0.265,0.253,0.24,0.227,0.222,0.212,0.202,0.199,0.189,0.18,0.169,0.163,0.162,0.149,0.148,0.14,0.136,0.128,0.126,0.116,0.118,0.109,0.114,0.097,0.103,0.097,0.089,0.089,0.085,0.083,0.081,0.074,0.074,0.071,0.069,0.067,0.064,0.063,0.059,0.059,0.054,0.056,0.053,0.054,0.052,0.049,0.047,0.055,0.052,0.048,0.043,0.044,0.038,0.042,0.041,0.036,0.037,0.037,0.036,0.035,0.03,0.034,0.03,0.031,0.028,0.029,0.031
2.546,2.151,1.939,1.862,1.797,1.686,1.54,1.39,1.186,1.024,0.905,0.818,0.737,0.671,0.607,0.563,0.527,0.485,0.456,0.427,0.402,0.381,0.354,0.339,0.319,0.301,0.29,0.27,0.258,0.245,0.231,0.219,0.207,0.199,0.192,0.18,0.167,0.161,0.158,0.151,0.144,0.132,0.127,0.12,0.116,0.117,0.105,0.103,0.098,0.094,0.091,0.088,0.08,0.078,0.071,0.072,0.068,0.07,0.066,0.061,0.06,0.055,0.053,0.052,0.051,0.05,0.053,0.045,0.044,0.045,0.045,0.041,0.039,0.038,0.033,0.038,0.037,0.031,0.035,0.034,0.035,0.029,0.03,0.03,0.03,0.028,0.025,0.029,0.025,0.025,0.025,0.026,0.023,0.026,0.021,0.022,0.021,0.024,0.019,0.021
2.699,2.301,2.293,2.286,2.277,2.254,1.975,1.873,1.795,1.686,1.58,1.479,1.374,1.265,1.155,1.066,0.986,0.91,0.847,0.782,0.733,0.685,0.642,0.601,0.577,0.536,0.515,0.49,0.468,0.442,0.422,0.407,0.386,0.373,0.362,0.34,0.322,0.314,0.306,0.289,0.282,0.266,0.256,0.25,0.24,0.233,0.223,0.209,0.203,0.195,0.191,0.182,0.174,0.171,0.161,0.157,0.148,0.143,0.143,0.13,0.13,0.121,0.12,0.117,0.109,0.106,0.106,0.099,0.094,0.095,0.091,0.087,0.083,0.08,0.077,0.075,0.073,0.068,0.068,0.068,0.069,0.061,0.06,0.06,0.055,0.056,0.058,0.054,0.054,0.049,0.048,0.049,0.047,0.046,0.046,0.042,0.043,0.041,0.041,0.041

train_acc1
10.356,13.046,21.686,25.516,29.03,33.49,40.762,47.896,54.828,60.554,64.804,68.118,71.192,73.668,75.59,77.534,79.254,80.64,81.952,82.91,83.71,84.784,85.55,86.052,86.762,87.542,87.914,88.632,88.988,89.582,89.996,90.442,90.812,91.094,91.578,91.86,92.396,92.448,92.856,93.138,93.37,93.628,93.882,94.388,94.564,94.59,94.952,95.04,95.362,95.524,95.672,95.846,96.098,96.022,96.286,96.056,96.754,96.498,96.668,96.922,97.03,97.128,97.252,97.308,97.458,97.506,97.658,97.68,97.73,97.758,97.906,98.006,98.032,98.064,98.108,98.142,98.244,98.27,98.376,98.336,98.282,98.182,98.428,98.566,98.584,98.704,98.592,98.588,98.818,98.738,98.774,98.778,98.81,99.034,98.874,98.94,98.986,99.062,98.984,98.952
11.648,16.254,22.002,24.004,27.31,33.722,39.86,47.284,56.682,63.186,67.704,71.434,74.694,77.102,79.412,81.112,82.444,83.696,84.622,85.702,86.552,87.236,88.386,88.738,89.334,89.944,90.192,90.89,91.264,91.836,92.27,92.748,93.102,93.174,93.546,93.876,94.376,94.454,94.658,94.9,95.194,95.48,95.796,95.94,96.086,96.006,96.394,96.434,96.696,96.818,96.948,97.054,97.302,97.304,97.52,97.462,97.698,97.596,97.806,97.896,97.918,98.126,98.234,98.218,98.254,98.31,98.22,98.474,98.514,98.452,98.432,98.604,98.636,98.716,98.89,98.648,98.744,98.926,98.79,98.84,98.824,99.01,99.012,98.952,99.008,99.062,99.156,99.078,99.204,99.162,99.168,99.092,99.212,99.122,99.254,99.25,99.318,99.152,99.36,99.312
9.914,10.668,11.206,11.414,11.922,13.612,20.946,24.764,28.946,33.958,38.11,43.536,47.922,53.012,58.14,61.974,65.028,67.794,70.096,72.71,74.7,76.66,77.93,79.634,80.578,81.874,82.558,83.516,84.262,85.22,85.706,86.272,87.066,87.424,87.868,88.416,89.114,89.448,89.818,90.2,90.438,90.982,91.304,91.512,91.984,92.13,92.44,92.922,93.18,93.336,93.468,93.86,94.094,94.124,94.462,94.586,95.012,95.118,95.084,95.512,95.606,95.98,95.902,96.012,96.232,96.414,96.308,96.576,96.796,96.828,96.84,96.954,97.228,97.198,97.328,97.424,97.542,97.688,97.628,97.692,97.614,97.892,97.966,97.866,98.076,98.09,97.996,98.152,98.132,98.292,98.416,98.282,98.382,98.358,98.412,98.57,98.522,98.642,98.658,98.568

val_acc1
10.91,19.97,21.47,25.49,29.94,36.6,33.65,42.76,51.68,57.85,62.95,62.06,65.41,71.86,72.03,66.68,76.34,72.85,74.68,76.04,78.36,83.48,81.64,81.97,80.21,82.48,83.28,81.76,81.78,85.58,85.21,84.42,85.91,85.62,84.77,84.15,84.29,86.19,86.88,86.34,86.6,87.62,87.69,82.31,84.17,85.61,87.23,87.04,85.13,80.22,87.74,85.24,86.9,87.75,87.79,88.09,87.49,88.29,88.99,88.81,88.74,88.48,87.98,88.91,86.99,86.86,88.12,89.03,88.84,89.47,89.52,88.92,89.0,87.41,88.46,89.03,87.92,89.21,88.94,89.58,83.83,89.27,89.58,88.69,89.53,89.32,89.07,88.68,88.47,89.54,88.92,89.65,87.5,89.81,89.33,89.6,89.21,89.68,89.61,89.98
13.32,21.83,22.29,23.17,29.03,33.45,37.04,45.53,52.98,62.4,65.55,66.79,68.28,75.32,71.1,64.2,68.69,72.91,79.11,82.67,81.17,82.49,80.85,85.01,82.11,84.0,82.15,85.57,84.85,82.02,86.39,85.46,83.46,87.25,87.88,85.26,86.69,84.43,84.36,88.22,87.33,88.87,86.91,86.0,84.77,80.06,89.78,88.29,86.85,88.57,87.69,86.54,88.31,87.65,89.08,84.55,89.64,87.92,88.72,88.77,88.79,88.82,88.88,89.77,89.56,88.15,89.51,89.76,89.63,89.54,89.73,89.02,90.32,89.81,89.88,88.46,90.0,89.64,87.72,89.65,89.92,90.0,89.84,89.59,89.98,89.04,90.26,88.59,90.34,90.25,90.1,90.15,89.69,89.43,90.39,90.28,89.62,89.66,90.25,89.54
10.2,10.93,11.21,11.61,12.3,16.89,24.33,25.95,30.49,36.7,38.12,47.4,51.59,55.25,50.31,57.38,64.08,61.69,66.37,71.9,68.22,75.86,73.19,75.22,78.32,80.23,74.83,80.86,80.08,80.81,82.05,82.81,79.93,82.86,84.47,83.87,83.15,84.19,83.43,83.24,85.59,84.76,85.61,85.87,79.75,82.85,86.82,81.1,84.36,85.34,85.81,85.88,85.67,87.86,85.56,85.99,86.29,86.92,87.56,87.05,87.89,87.67,87.97,85.86,86.24,86.83,87.84,86.9,87.92,87.65,86.69,87.94,87.24,88.66,87.77,87.93,87.7,88.47,87.66,88.06,87.69,88.5,88.43,87.7,88.78,88.62,87.36,87.91,87.15,88.6,87.94,88.39,88.79,87.08,87.84,89.27,89.17,89.27,89.17,88.84

val_loss
2.314,2.101,2.056,1.832,1.751,1.588,2.297,1.693,1.4,1.198,1.107,1.188,1.009,0.88,0.853,1.045,0.699,0.865,0.837,0.796,0.664,0.494,0.563,0.545,0.639,0.538,0.528,0.588,0.605,0.459,0.473,0.494,0.462,0.471,0.526,0.535,0.538,0.476,0.435,0.505,0.46,0.443,0.433,0.699,0.627,0.514,0.449,0.48,0.574,0.922,0.453,0.607,0.504,0.462,0.477,0.467,0.51,0.447,0.424,0.451,0.449,0.448,0.489,0.445,0.557,0.565,0.536,0.462,0.485,0.45,0.441,0.454,0.487,0.568,0.505,0.479,0.542,0.501,0.512,0.477,0.791,0.509,0.493,0.514,0.497,0.49,0.497,0.542,0.593,0.507,0.548,0.482,0.643,0.483,0.498,0.512,0.528,0.509,0.505,0.482
2.252,1.969,1.998,1.859,1.851,1.738,1.813,1.615,1.398,1.078,1.014,0.984,1.029,0.771,0.913,1.395,1.062,0.838,0.689,0.529,0.59,0.54,0.597,0.457,0.575,0.521,0.577,0.458,0.459,0.581,0.453,0.496,0.601,0.417,0.397,0.534,0.473,0.55,0.596,0.43,0.452,0.408,0.493,0.493,0.658,0.751,0.368,0.448,0.499,0.43,0.459,0.522,0.483,0.495,0.465,0.675,0.444,0.496,0.466,0.457,0.459,0.473,0.494,0.428,0.46,0.54,0.436,0.472,0.466,0.448,0.444,0.467,0.46,0.459,0.463,0.53,0.455,0.492,0.614,0.449,0.44,0.495,0.471,0.458,0.476,0.542,0.492,0.557,0.47,0.469,0.505,0.465,0.516,0.509,0.493,0.479,0.534,0.507,0.508,0.501
2.315,2.307,2.29,2.281,2.275,2.16,1.875,1.954,1.844,1.618,1.612,1.393,1.283,1.203,1.404,1.209,1.014,1.123,0.971,0.81,0.993,0.696,0.817,0.747,0.647,0.575,0.831,0.591,0.6,0.583,0.551,0.545,0.675,0.534,0.476,0.502,0.505,0.508,0.527,0.561,0.468,0.515,0.471,0.467,0.775,0.57,0.432,0.612,0.554,0.501,0.499,0.506,0.501,0.399,0.543,0.499,0.502,0.449,0.417,0.454,0.435,0.435,0.438,0.541,0.547,0.497,0.426,0.505,0.463,0.482,0.532,0.477,0.535,0.447,0.491,0.497,0.516,0.478,0.506,0.506,0.516,0.497,0.497,0.502,0.464,0.472,0.538,0.536,0.59,0.508,0.556,0.526,0.49,0.614,0.54,0.502,0.494,0.507,0.494,0.514

learning_rate
0.5,0.5,0.5,0.5,0.5,0.5,0.5,0.5,0.5,0.5,0.5,0.5,0.5,0.5,0.5,0.5,0.5,0.5,0.5,0.5,0.5,0.5,0.5,0.5,0.5,0.5,0.5,0.5,0.5,0.5,0.5,0.5,0.5,0.5,0.5,0.5,0.5,0.5,0.5,0.5,0.5,0.5,0.5,0.5,0.5,0.5,0.5,0.5,0.5,0.5,0.5,0.5,0.5,0.5,0.5,0.5,0.5,0.5,0.5,0.5,0.5,0.5,0.5,0.5,0.5,0.5,0.5,0.5,0.5,0.5,0.5,0.5,0.5,0.5,0.5,0.5,0.5,0.5,0.5,0.5,0.5,0.5,0.5,0.5,0.5,0.5,0.5,0.5,0.5,0.5,0.5,0.5,0.5,0.5,0.5,0.5,0.5,0.5,0.5,0.5
0.5,0.5,0.5,0.5,0.5,0.5,0.5,0.5,0.5,0.5,0.5,0.5,0.5,0.5,0.5,0.5,0.5,0.5,0.5,0.5,0.5,0.5,0.5,0.5,0.5,0.5,0.5,0.5,0.5,0.5,0.5,0.5,0.5,0.5,0.5,0.5,0.5,0.5,0.5,0.5,0.5,0.5,0.5,0.5,0.5,0.5,0.5,0.5,0.5,0.5,0.5,0.5,0.5,0.5,0.5,0.5,0.5,0.5,0.5,0.5,0.5,0.5,0.5,0.5,0.5,0.5,0.5,0.5,0.5,0.5,0.5,0.5,0.5,0.5,0.5,0.5,0.5,0.5,0.5,0.5,0.5,0.5,0.5,0.5,0.5,0.5,0.5,0.5,0.5,0.5,0.5,0.5,0.5,0.5,0.5,0.5,0.5,0.5,0.5,0.5
0.5,0.5,0.5,0.5,0.5,0.5,0.5,0.5,0.5,0.5,0.5,0.5,0.5,0.5,0.5,0.5,0.5,0.5,0.5,0.5,0.5,0.5,0.5,0.5,0.5,0.5,0.5,0.5,0.5,0.5,0.5,0.5,0.5,0.5,0.5,0.5,0.5,0.5,0.5,0.5,0.5,0.5,0.5,0.5,0.5,0.5,0.5,0.5,0.5,0.5,0.5,0.5,0.5,0.5,0.5,0.5,0.5,0.5,0.5,0.5,0.5,0.5,0.5,0.5,0.5,0.5,0.5,0.5,0.5,0.5,0.5,0.5,0.5,0.5,0.5,0.5,0.5,0.5,0.5,0.5,0.5,0.5,0.5,0.5,0.5,0.5,0.5,0.5,0.5,0.5,0.5,0.5,0.5,0.5,0.5,0.5,0.5,0.5,0.5,0.5

