parameters
sgd_lr:0.05
sgd_momentum:0.9
sgd_weight_decay:0
sgd_dampening:0
sgd_nesterov:True
architecture:vgg19bn_
dataset:cifar10
combine_datasets:False
do_validation_set:False
epochs:100
batch_size:128
test_set_split:0.1666667
validation_set_split:0.0
reduce_train_set:1
executions:3
base_seed:42
training_method:sgd
learning_method:constant

train_loss
2.455,2.134,1.885,1.775,1.565,1.35,1.087,0.883,0.75,0.664,0.596,0.544,0.505,0.466,0.43,0.406,0.376,0.348,0.323,0.305,0.285,0.273,0.253,0.24,0.224,0.21,0.2,0.188,0.176,0.169,0.161,0.15,0.145,0.141,0.131,0.119,0.109,0.109,0.107,0.101,0.098,0.091,0.083,0.083,0.078,0.082,0.076,0.069,0.068,0.064,0.062,0.056,0.058,0.057,0.054,0.054,0.051,0.048,0.045,0.042,0.045,0.044,0.04,0.042,0.035,0.036,0.033,0.036,0.031,0.032,0.031,0.031,0.031,0.031,0.032,0.03,0.027,0.023,0.024,0.028,0.026,0.023,0.028,0.022,0.025,0.024,0.022,0.022,0.019,0.02,0.021,0.02,0.016,0.022,0.017,0.017,0.018,0.018,0.017,0.015
2.571,2.329,2.311,2.291,2.074,1.895,1.842,1.807,1.774,1.722,1.565,1.439,1.319,1.196,1.095,0.994,0.917,0.845,0.795,0.738,0.698,0.658,0.63,0.597,0.569,0.544,0.526,0.5,0.482,0.46,0.439,0.426,0.406,0.388,0.375,0.357,0.342,0.331,0.315,0.307,0.296,0.288,0.275,0.262,0.257,0.244,0.237,0.227,0.217,0.209,0.204,0.195,0.185,0.18,0.175,0.174,0.164,0.158,0.151,0.15,0.14,0.134,0.133,0.13,0.121,0.118,0.117,0.111,0.107,0.101,0.1,0.096,0.095,0.086,0.089,0.085,0.082,0.078,0.074,0.077,0.073,0.071,0.066,0.067,0.063,0.061,0.063,0.062,0.057,0.056,0.054,0.052,0.054,0.052,0.05,0.045,0.05,0.044,0.044,0.045
2.503,2.304,2.292,2.253,1.963,1.837,1.625,1.41,1.175,0.981,0.83,0.731,0.652,0.594,0.545,0.509,0.467,0.431,0.401,0.381,0.352,0.33,0.308,0.291,0.272,0.258,0.25,0.227,0.219,0.208,0.195,0.187,0.178,0.17,0.161,0.148,0.142,0.135,0.13,0.119,0.116,0.112,0.107,0.102,0.099,0.092,0.091,0.087,0.081,0.076,0.076,0.074,0.069,0.067,0.063,0.062,0.056,0.059,0.057,0.053,0.053,0.051,0.046,0.048,0.05,0.041,0.043,0.037,0.044,0.04,0.039,0.036,0.036,0.031,0.034,0.034,0.032,0.033,0.031,0.027,0.031,0.027,0.027,0.03,0.028,0.025,0.025,0.024,0.025,0.025,0.024,0.022,0.025,0.024,0.022,0.022,0.021,0.021,0.021,0.021

train_acc1
11.584,17.306,23.54,29.512,39.868,50.73,61.322,69.08,74.272,77.322,79.888,81.772,83.16,84.52,85.634,86.426,87.47,88.404,89.292,89.758,90.484,90.936,91.454,91.954,92.438,92.986,93.24,93.54,94.106,94.43,94.536,94.95,95.102,95.292,95.666,96.038,96.27,96.328,96.406,96.532,96.702,96.948,97.17,97.15,97.338,97.244,97.388,97.658,97.688,97.824,97.924,98.036,98.042,98.032,98.158,98.15,98.246,98.464,98.4,98.52,98.454,98.482,98.642,98.548,98.772,98.8,98.962,98.764,98.966,98.874,98.968,98.904,98.878,98.972,98.91,99.044,99.056,99.216,99.19,99.046,99.128,99.228,99.042,99.28,99.204,99.19,99.282,99.282,99.376,99.354,99.314,99.326,99.476,99.232,99.392,99.408,99.366,99.388,99.446,99.526
10.516,10.758,11.152,12.29,18.738,23.632,26.642,28.548,30.012,32.798,39.63,45.448,50.556,56.032,60.368,64.456,67.66,70.6,72.578,74.636,76.32,77.738,78.698,79.958,80.884,81.522,82.33,83.238,83.786,84.572,85.114,85.624,86.17,87.002,87.44,87.916,88.396,88.872,89.404,89.728,89.954,90.294,90.65,90.986,91.156,91.726,92.012,92.286,92.476,92.796,93.118,93.308,93.642,93.958,93.89,93.972,94.372,94.53,94.664,94.872,95.08,95.37,95.414,95.424,95.774,95.838,96.042,96.088,96.348,96.376,96.49,96.662,96.598,97.092,96.91,97.024,97.082,97.212,97.416,97.252,97.442,97.592,97.656,97.682,97.812,97.922,97.784,97.832,98.056,98.078,98.152,98.186,98.194,98.236,98.256,98.452,98.29,98.466,98.474,98.44
10.81,11.136,11.548,13.112,20.54,25.586,36.578,46.948,58.042,65.428,71.006,75.152,78.046,79.806,81.65,83.008,84.42,85.59,86.532,87.328,88.268,89.014,89.646,90.178,90.838,91.35,91.574,92.356,92.602,93.006,93.3,93.706,93.988,94.248,94.522,94.946,95.172,95.502,95.65,95.986,96.078,96.172,96.382,96.506,96.652,96.94,96.886,97.022,97.274,97.382,97.416,97.426,97.67,97.734,97.924,97.844,98.076,97.936,98.128,98.208,98.198,98.292,98.558,98.416,98.324,98.576,98.586,98.76,98.45,98.642,98.738,98.842,98.786,98.952,98.88,98.832,98.914,98.898,98.93,99.142,98.942,99.118,99.07,98.984,99.05,99.198,99.152,99.146,99.192,99.166,99.224,99.268,99.162,99.152,99.276,99.274,99.344,99.276,99.336,99.266

val_acc1
13.26,20.98,24.97,35.48,42.95,52.03,65.1,72.03,75.23,77.24,79.51,79.02,78.23,80.12,83.48,82.19,84.29,84.97,85.17,85.23,83.0,85.48,87.67,87.97,87.93,88.28,87.71,87.96,87.96,87.34,88.37,88.4,88.12,88.29,88.92,88.65,88.48,88.64,88.4,89.15,88.73,89.21,89.04,89.14,89.19,89.46,88.86,89.38,89.24,88.92,89.58,89.4,89.7,88.75,89.1,89.19,89.63,89.6,90.08,89.4,88.97,89.64,90.1,89.98,90.6,89.58,89.72,90.12,89.81,90.23,90.18,90.03,90.16,89.98,90.19,89.72,89.92,89.91,89.66,89.82,89.64,89.91,89.65,90.18,89.92,90.45,90.45,90.24,90.58,90.25,90.44,90.19,89.67,90.24,90.44,90.38,90.64,90.22,90.46,90.61
10.35,11.05,10.95,13.89,22.3,24.87,27.97,30.47,28.96,35.46,40.13,42.17,52.06,59.31,59.81,64.25,66.21,71.36,72.6,75.29,75.73,75.33,78.22,78.69,79.01,79.4,80.69,80.76,82.57,82.53,83.58,82.81,83.24,84.24,84.98,85.64,85.54,84.74,85.39,86.22,85.19,86.76,85.61,86.29,86.19,87.19,86.81,86.83,87.45,86.51,87.45,87.82,87.6,86.83,87.36,86.58,87.65,88.18,88.03,87.81,87.91,87.58,87.16,88.11,87.56,86.83,87.8,87.8,88.36,87.77,88.09,88.14,87.95,88.62,88.53,88.78,88.29,88.41,88.61,88.7,89.06,88.7,88.28,88.41,89.1,88.58,88.71,88.19,89.0,88.58,88.96,88.67,88.97,88.45,88.77,88.66,89.01,89.03,89.2,88.66
10.12,11.56,11.87,18.03,20.37,31.42,41.81,51.73,60.71,63.97,72.2,74.88,77.59,74.59,80.27,81.7,82.02,83.47,85.23,84.23,83.61,84.22,85.69,86.11,86.71,86.21,87.38,87.04,86.29,87.73,87.71,87.01,87.68,87.74,88.13,88.06,88.19,88.17,87.22,87.8,88.61,88.91,88.96,88.34,88.81,88.95,88.91,89.34,89.12,89.11,88.84,89.0,89.45,89.63,89.65,89.37,88.73,89.05,88.71,89.58,89.63,88.91,89.15,88.95,89.36,89.85,89.3,89.46,89.54,89.43,90.01,89.41,89.96,89.54,89.41,89.28,89.62,89.96,90.13,90.03,89.8,89.84,89.89,90.22,89.65,90.49,90.3,89.97,89.51,89.97,90.25,90.36,90.3,89.79,90.15,89.64,90.34,89.91,89.65,89.88

val_loss
2.266,2.022,1.89,1.631,1.489,1.354,0.995,0.806,0.737,0.682,0.627,0.624,0.662,0.628,0.511,0.546,0.497,0.461,0.49,0.46,0.569,0.454,0.384,0.387,0.389,0.374,0.392,0.389,0.411,0.439,0.393,0.385,0.438,0.417,0.4,0.409,0.446,0.422,0.426,0.408,0.427,0.411,0.425,0.422,0.446,0.409,0.455,0.449,0.434,0.464,0.427,0.485,0.458,0.482,0.488,0.468,0.456,0.434,0.429,0.506,0.49,0.465,0.431,0.43,0.436,0.495,0.487,0.455,0.47,0.48,0.46,0.483,0.466,0.472,0.455,0.488,0.483,0.513,0.55,0.524,0.505,0.53,0.511,0.481,0.475,0.455,0.475,0.479,0.492,0.494,0.485,0.479,0.54,0.477,0.49,0.488,0.501,0.502,0.493,0.511
2.423,2.318,2.309,2.264,1.948,1.954,1.817,1.798,1.848,1.664,1.577,1.58,1.292,1.106,1.113,1.078,0.954,0.855,0.782,0.748,0.73,0.782,0.654,0.644,0.632,0.619,0.587,0.578,0.532,0.545,0.484,0.528,0.5,0.477,0.472,0.44,0.444,0.449,0.448,0.427,0.477,0.416,0.463,0.447,0.446,0.415,0.414,0.423,0.392,0.438,0.407,0.407,0.416,0.431,0.457,0.439,0.442,0.409,0.427,0.416,0.429,0.441,0.459,0.426,0.458,0.502,0.442,0.448,0.445,0.469,0.448,0.44,0.454,0.464,0.437,0.45,0.465,0.46,0.481,0.457,0.461,0.459,0.492,0.456,0.477,0.475,0.459,0.518,0.478,0.486,0.474,0.495,0.478,0.489,0.492,0.515,0.472,0.481,0.493,0.5
2.333,2.315,2.289,2.162,1.957,1.711,1.513,1.295,1.136,1.043,0.822,0.746,0.67,0.775,0.589,0.565,0.542,0.504,0.454,0.504,0.498,0.475,0.458,0.43,0.457,0.446,0.399,0.427,0.444,0.391,0.405,0.461,0.416,0.416,0.413,0.43,0.419,0.415,0.444,0.453,0.419,0.399,0.406,0.447,0.426,0.422,0.421,0.399,0.433,0.435,0.454,0.442,0.432,0.413,0.455,0.42,0.463,0.46,0.465,0.431,0.45,0.472,0.462,0.492,0.454,0.458,0.484,0.473,0.45,0.48,0.455,0.484,0.463,0.493,0.515,0.508,0.467,0.46,0.456,0.502,0.496,0.469,0.492,0.453,0.485,0.47,0.489,0.485,0.513,0.501,0.501,0.493,0.488,0.495,0.512,0.527,0.466,0.495,0.494,0.509

learning_rate
0.05,0.05,0.05,0.05,0.05,0.05,0.05,0.05,0.05,0.05,0.05,0.05,0.05,0.05,0.05,0.05,0.05,0.05,0.05,0.05,0.05,0.05,0.05,0.05,0.05,0.05,0.05,0.05,0.05,0.05,0.05,0.05,0.05,0.05,0.05,0.05,0.05,0.05,0.05,0.05,0.05,0.05,0.05,0.05,0.05,0.05,0.05,0.05,0.05,0.05,0.05,0.05,0.05,0.05,0.05,0.05,0.05,0.05,0.05,0.05,0.05,0.05,0.05,0.05,0.05,0.05,0.05,0.05,0.05,0.05,0.05,0.05,0.05,0.05,0.05,0.05,0.05,0.05,0.05,0.05,0.05,0.05,0.05,0.05,0.05,0.05,0.05,0.05,0.05,0.05,0.05,0.05,0.05,0.05,0.05,0.05,0.05,0.05,0.05,0.05
0.05,0.05,0.05,0.05,0.05,0.05,0.05,0.05,0.05,0.05,0.05,0.05,0.05,0.05,0.05,0.05,0.05,0.05,0.05,0.05,0.05,0.05,0.05,0.05,0.05,0.05,0.05,0.05,0.05,0.05,0.05,0.05,0.05,0.05,0.05,0.05,0.05,0.05,0.05,0.05,0.05,0.05,0.05,0.05,0.05,0.05,0.05,0.05,0.05,0.05,0.05,0.05,0.05,0.05,0.05,0.05,0.05,0.05,0.05,0.05,0.05,0.05,0.05,0.05,0.05,0.05,0.05,0.05,0.05,0.05,0.05,0.05,0.05,0.05,0.05,0.05,0.05,0.05,0.05,0.05,0.05,0.05,0.05,0.05,0.05,0.05,0.05,0.05,0.05,0.05,0.05,0.05,0.05,0.05,0.05,0.05,0.05,0.05,0.05,0.05
0.05,0.05,0.05,0.05,0.05,0.05,0.05,0.05,0.05,0.05,0.05,0.05,0.05,0.05,0.05,0.05,0.05,0.05,0.05,0.05,0.05,0.05,0.05,0.05,0.05,0.05,0.05,0.05,0.05,0.05,0.05,0.05,0.05,0.05,0.05,0.05,0.05,0.05,0.05,0.05,0.05,0.05,0.05,0.05,0.05,0.05,0.05,0.05,0.05,0.05,0.05,0.05,0.05,0.05,0.05,0.05,0.05,0.05,0.05,0.05,0.05,0.05,0.05,0.05,0.05,0.05,0.05,0.05,0.05,0.05,0.05,0.05,0.05,0.05,0.05,0.05,0.05,0.05,0.05,0.05,0.05,0.05,0.05,0.05,0.05,0.05,0.05,0.05,0.05,0.05,0.05,0.05,0.05,0.05,0.05,0.05,0.05,0.05,0.05,0.05

