parameters
sgd_lr:0.001
sgd_momentum:0
sgd_weight_decay:0
sgd_dampening:0
sgd_nesterov:False
architecture:vgg19bn_
dataset:cifar10
combine_datasets:False
do_validation_set:False
epochs:100
batch_size:128
test_set_split:0.1666667
validation_set_split:0.0
reduce_train_set:1
executions:3
base_seed:42
training_method:sgd
learning_method:constant

train_loss
2.247,2.064,1.886,1.788,1.712,1.648,1.586,1.529,1.483,1.437,1.392,1.353,1.32,1.285,1.258,1.228,1.201,1.171,1.148,1.124,1.101,1.082,1.063,1.043,1.027,1.013,0.997,0.98,0.968,0.949,0.94,0.926,0.916,0.909,0.892,0.879,0.868,0.857,0.857,0.836,0.831,0.827,0.813,0.803,0.796,0.786,0.775,0.77,0.763,0.756,0.748,0.739,0.733,0.724,0.718,0.714,0.704,0.698,0.693,0.686,0.676,0.673,0.666,0.654,0.655,0.646,0.644,0.636,0.633,0.628,0.623,0.613,0.611,0.605,0.596,0.598,0.586,0.584,0.578,0.572,0.576,0.567,0.564,0.555,0.553,0.552,0.547,0.54,0.535,0.531,0.525,0.523,0.525,0.52,0.511,0.511,0.507,0.501,0.497,0.494
2.261,2.13,1.928,1.802,1.717,1.644,1.577,1.517,1.471,1.43,1.387,1.352,1.317,1.283,1.256,1.227,1.201,1.17,1.148,1.125,1.1,1.083,1.06,1.043,1.028,1.01,0.993,0.976,0.969,0.948,0.938,0.922,0.911,0.9,0.887,0.872,0.859,0.85,0.842,0.827,0.825,0.807,0.799,0.789,0.783,0.771,0.759,0.755,0.745,0.743,0.73,0.722,0.718,0.706,0.699,0.698,0.688,0.682,0.674,0.667,0.665,0.652,0.648,0.643,0.639,0.633,0.627,0.622,0.616,0.612,0.609,0.599,0.594,0.59,0.581,0.577,0.573,0.571,0.564,0.556,0.555,0.548,0.544,0.539,0.534,0.535,0.53,0.524,0.521,0.517,0.508,0.51,0.504,0.504,0.497,0.498,0.491,0.487,0.484,0.48
2.263,2.118,1.944,1.826,1.746,1.678,1.619,1.562,1.511,1.468,1.423,1.384,1.348,1.311,1.28,1.248,1.223,1.187,1.162,1.137,1.114,1.096,1.075,1.058,1.038,1.025,1.01,0.994,0.981,0.964,0.952,0.94,0.931,0.919,0.906,0.894,0.881,0.867,0.864,0.852,0.84,0.831,0.816,0.812,0.803,0.796,0.786,0.778,0.769,0.765,0.753,0.745,0.739,0.733,0.725,0.716,0.712,0.706,0.697,0.688,0.685,0.677,0.668,0.663,0.656,0.654,0.642,0.642,0.641,0.626,0.629,0.619,0.612,0.604,0.606,0.596,0.587,0.588,0.582,0.578,0.575,0.566,0.563,0.557,0.552,0.553,0.545,0.54,0.533,0.531,0.528,0.522,0.52,0.517,0.51,0.511,0.509,0.504,0.499,0.494

train_acc1
16.818,24.258,28.96,31.782,34.918,37.632,40.056,42.13,44.176,46.194,48.272,49.922,51.46,52.862,54.05,55.012,56.116,57.562,58.254,59.294,60.204,60.88,61.348,62.392,62.946,63.412,63.982,64.824,64.976,65.704,66.332,66.62,67.108,67.326,67.98,68.42,68.822,69.29,69.296,70.1,70.216,70.392,70.894,71.578,71.468,71.99,72.478,72.428,72.84,73.284,73.286,73.668,74.05,74.13,74.5,74.504,75.028,75.124,75.462,75.504,75.744,75.968,76.358,76.832,76.804,77.014,77.158,77.424,77.48,77.678,77.956,78.326,78.286,78.468,78.854,78.962,79.4,79.11,79.598,79.764,79.588,80.022,79.958,80.528,80.476,80.546,80.75,80.862,81.084,81.216,81.414,81.622,81.224,81.628,82.084,82.072,82.17,82.314,82.594,82.69
15.836,22.534,28.394,32.174,35.1,37.984,40.504,42.82,44.954,46.338,48.67,50.072,51.43,52.852,54.07,55.238,56.304,57.116,58.038,59.048,60.18,60.68,61.476,62.26,62.884,63.516,63.966,64.932,64.974,65.622,66.11,66.774,67.38,67.686,68.204,68.63,69.03,69.402,69.734,70.382,70.402,71.14,71.37,71.734,72.144,72.522,72.838,73.012,73.574,73.504,73.972,74.2,74.498,74.79,75.184,75.242,75.378,75.706,76.138,76.35,76.336,76.88,76.814,77.368,77.418,77.634,77.736,78.072,78.15,78.298,78.524,78.728,79.038,79.096,79.442,79.552,79.766,79.8,80.496,80.34,80.234,80.484,80.844,81.034,81.29,81.144,81.204,81.46,81.588,81.72,82.102,81.984,82.264,82.322,82.456,82.48,82.818,82.832,82.894,83.058
15.234,21.502,27.31,30.874,33.896,36.228,38.676,41.192,43.328,44.952,47.064,48.556,50.294,51.846,53.084,54.582,55.462,56.902,57.668,58.57,59.562,60.3,61.18,61.922,62.536,63.03,63.504,64.298,64.796,65.354,65.694,66.244,66.62,66.91,67.404,67.946,68.468,69.046,69.158,69.604,70.01,70.394,70.906,71.244,71.316,71.51,71.994,72.3,72.742,72.804,73.246,73.422,73.708,73.84,74.39,74.444,74.624,74.832,75.106,75.5,75.696,75.816,76.364,76.43,76.852,76.776,77.482,77.2,77.318,78.038,77.734,78.152,78.21,78.578,78.552,78.83,79.394,79.302,79.476,79.582,79.804,80.154,80.17,80.388,80.458,80.482,80.734,81.012,80.974,81.336,81.332,81.708,81.646,81.65,81.888,82.1,81.934,82.166,82.422,82.738

val_acc1
18.56,27.55,30.9,33.36,36.47,39.56,41.19,44.06,46.47,48.11,50.01,52.06,53.48,54.46,55.68,56.58,57.73,59.24,59.37,60.83,61.68,61.97,62.39,63.25,63.81,63.79,64.56,64.79,65.3,65.78,65.87,67.17,67.07,67.48,67.95,68.47,68.47,69.02,68.82,68.83,70.24,69.28,69.72,70.46,70.5,71.25,71.63,71.42,72.2,72.32,71.88,72.83,72.98,72.51,73.3,73.47,74.08,74.14,74.45,74.46,74.62,74.47,74.46,74.74,74.12,75.01,75.33,75.47,75.59,75.76,75.43,76.11,76.1,76.05,76.43,76.7,76.63,76.77,76.41,76.73,76.91,77.0,77.46,77.6,76.57,77.53,77.65,77.79,77.2,77.42,78.12,78.15,78.11,77.97,78.18,78.04,78.46,78.68,78.69,78.78
16.48,26.17,30.87,33.73,36.79,40.65,42.97,45.64,47.68,49.9,51.06,52.65,53.76,55.54,56.94,57.27,58.93,60.21,60.64,61.8,61.64,62.7,63.6,63.88,64.71,64.57,65.18,65.47,66.27,66.43,67.32,67.8,68.23,68.45,69.11,69.23,69.56,70.3,70.28,69.98,71.01,71.49,71.25,71.55,71.52,72.61,73.07,72.51,73.54,72.93,73.18,74.33,73.99,74.5,74.43,74.5,75.22,74.72,75.26,75.67,74.81,75.48,75.73,75.77,76.27,75.63,76.03,76.47,76.76,76.57,76.93,77.1,77.36,76.84,77.36,77.47,77.53,78.06,77.67,77.72,77.96,77.5,78.32,78.56,78.57,78.51,78.53,78.51,78.34,78.74,78.51,78.46,78.96,78.98,78.69,78.93,79.14,79.18,78.91,79.3
17.14,25.02,29.6,33.87,35.53,38.65,40.69,43.38,45.37,46.94,48.94,50.88,51.94,53.73,54.67,55.71,57.09,58.46,59.38,59.63,60.24,61.21,60.55,62.34,62.8,63.22,63.99,64.47,64.8,65.63,65.92,66.43,66.28,66.42,67.45,68.13,68.43,68.83,69.51,69.54,70.34,70.12,68.97,70.7,71.15,71.66,70.5,70.94,71.94,71.92,72.42,72.5,72.89,73.53,73.51,73.68,74.02,73.75,74.08,74.11,74.65,73.76,74.95,74.71,74.83,74.66,75.42,75.38,75.7,75.57,75.84,76.43,76.2,76.25,76.52,76.83,75.95,76.87,76.9,76.78,76.96,77.18,77.28,77.68,77.21,77.4,77.51,77.92,77.52,77.56,77.73,78.01,78.21,77.76,78.18,78.28,78.72,78.41,78.73,77.75

val_loss
2.182,1.942,1.805,1.734,1.651,1.576,1.524,1.473,1.42,1.377,1.328,1.296,1.268,1.239,1.215,1.185,1.162,1.116,1.117,1.081,1.059,1.051,1.041,1.024,1.004,1.004,0.983,0.971,0.959,0.953,0.936,0.91,0.935,0.906,0.882,0.885,0.875,0.858,0.864,0.858,0.839,0.858,0.859,0.83,0.833,0.803,0.799,0.798,0.789,0.788,0.794,0.774,0.783,0.776,0.776,0.76,0.751,0.742,0.728,0.735,0.721,0.731,0.725,0.725,0.744,0.713,0.72,0.702,0.714,0.707,0.717,0.701,0.688,0.702,0.683,0.681,0.68,0.676,0.685,0.673,0.669,0.67,0.654,0.651,0.671,0.654,0.65,0.647,0.661,0.654,0.647,0.642,0.643,0.638,0.639,0.641,0.628,0.631,0.628,0.623
2.226,2.015,1.83,1.734,1.657,1.571,1.509,1.438,1.398,1.351,1.322,1.278,1.253,1.217,1.185,1.168,1.134,1.108,1.083,1.06,1.058,1.032,1.017,1.007,0.981,0.977,0.965,0.961,0.941,0.923,0.91,0.896,0.903,0.877,0.867,0.867,0.858,0.84,0.837,0.853,0.829,0.808,0.827,0.808,0.811,0.78,0.764,0.783,0.764,0.762,0.755,0.741,0.736,0.727,0.745,0.736,0.711,0.721,0.699,0.697,0.725,0.707,0.692,0.697,0.687,0.695,0.687,0.681,0.668,0.68,0.674,0.67,0.659,0.674,0.652,0.665,0.646,0.648,0.653,0.656,0.642,0.652,0.639,0.628,0.628,0.629,0.631,0.626,0.638,0.621,0.629,0.624,0.614,0.62,0.616,0.616,0.611,0.612,0.618,0.608
2.215,2.014,1.848,1.754,1.686,1.615,1.565,1.489,1.446,1.405,1.358,1.317,1.307,1.259,1.226,1.21,1.181,1.14,1.112,1.103,1.093,1.057,1.077,1.042,1.018,1.014,0.997,0.986,0.976,0.951,0.941,0.92,0.943,0.935,0.902,0.892,0.882,0.878,0.862,0.86,0.841,0.845,0.9,0.83,0.819,0.802,0.825,0.824,0.798,0.788,0.78,0.783,0.777,0.756,0.767,0.757,0.752,0.751,0.741,0.737,0.727,0.747,0.715,0.727,0.726,0.72,0.716,0.706,0.696,0.702,0.696,0.683,0.687,0.696,0.683,0.675,0.691,0.674,0.677,0.674,0.668,0.667,0.67,0.659,0.656,0.657,0.654,0.655,0.666,0.654,0.654,0.644,0.65,0.646,0.637,0.633,0.628,0.634,0.626,0.656

learning_rate
0.001,0.001,0.001,0.001,0.001,0.001,0.001,0.001,0.001,0.001,0.001,0.001,0.001,0.001,0.001,0.001,0.001,0.001,0.001,0.001,0.001,0.001,0.001,0.001,0.001,0.001,0.001,0.001,0.001,0.001,0.001,0.001,0.001,0.001,0.001,0.001,0.001,0.001,0.001,0.001,0.001,0.001,0.001,0.001,0.001,0.001,0.001,0.001,0.001,0.001,0.001,0.001,0.001,0.001,0.001,0.001,0.001,0.001,0.001,0.001,0.001,0.001,0.001,0.001,0.001,0.001,0.001,0.001,0.001,0.001,0.001,0.001,0.001,0.001,0.001,0.001,0.001,0.001,0.001,0.001,0.001,0.001,0.001,0.001,0.001,0.001,0.001,0.001,0.001,0.001,0.001,0.001,0.001,0.001,0.001,0.001,0.001,0.001,0.001,0.001
0.001,0.001,0.001,0.001,0.001,0.001,0.001,0.001,0.001,0.001,0.001,0.001,0.001,0.001,0.001,0.001,0.001,0.001,0.001,0.001,0.001,0.001,0.001,0.001,0.001,0.001,0.001,0.001,0.001,0.001,0.001,0.001,0.001,0.001,0.001,0.001,0.001,0.001,0.001,0.001,0.001,0.001,0.001,0.001,0.001,0.001,0.001,0.001,0.001,0.001,0.001,0.001,0.001,0.001,0.001,0.001,0.001,0.001,0.001,0.001,0.001,0.001,0.001,0.001,0.001,0.001,0.001,0.001,0.001,0.001,0.001,0.001,0.001,0.001,0.001,0.001,0.001,0.001,0.001,0.001,0.001,0.001,0.001,0.001,0.001,0.001,0.001,0.001,0.001,0.001,0.001,0.001,0.001,0.001,0.001,0.001,0.001,0.001,0.001,0.001
0.001,0.001,0.001,0.001,0.001,0.001,0.001,0.001,0.001,0.001,0.001,0.001,0.001,0.001,0.001,0.001,0.001,0.001,0.001,0.001,0.001,0.001,0.001,0.001,0.001,0.001,0.001,0.001,0.001,0.001,0.001,0.001,0.001,0.001,0.001,0.001,0.001,0.001,0.001,0.001,0.001,0.001,0.001,0.001,0.001,0.001,0.001,0.001,0.001,0.001,0.001,0.001,0.001,0.001,0.001,0.001,0.001,0.001,0.001,0.001,0.001,0.001,0.001,0.001,0.001,0.001,0.001,0.001,0.001,0.001,0.001,0.001,0.001,0.001,0.001,0.001,0.001,0.001,0.001,0.001,0.001,0.001,0.001,0.001,0.001,0.001,0.001,0.001,0.001,0.001,0.001,0.001,0.001,0.001,0.001,0.001,0.001,0.001,0.001,0.001

