parameters
sgd_lr:0.5
sgd_momentum:0.9
sgd_weight_decay:0
sgd_dampening:0
sgd_nesterov:True
architecture:vgg19bn_
dataset:cifar10
combine_datasets:False
do_validation_set:False
epochs:100
batch_size:128
test_set_split:0.1666667
validation_set_split:0.0
reduce_train_set:1
executions:3
base_seed:42
training_method:sgd
learning_method:constant

train_loss
2.551,2.309,2.309,2.31,2.309,2.31,2.31,2.31,2.309,2.31,2.309,2.309,2.309,2.31,2.31,2.31,2.309,2.309,2.309,2.309,2.309,2.31,2.31,2.31,2.309,2.309,2.31,2.309,2.309,2.31,2.309,2.31,2.308,2.31,2.309,2.309,2.309,2.309,2.31,2.31,2.309,2.31,2.31,2.309,2.309,2.31,2.309,2.309,2.309,2.31,2.309,2.31,2.309,2.31,2.309,2.309,2.309,2.309,2.309,2.31,2.31,2.309,2.31,2.309,2.309,2.309,2.309,2.309,2.309,2.309,2.31,2.309,2.309,2.31,2.309,2.31,2.31,2.309,2.309,2.31,2.309,2.309,2.31,2.309,2.31,2.31,2.309,2.309,2.309,2.31,2.31,2.309,2.309,2.309,2.31,2.31,2.31,2.309,2.309,2.309
2.656,2.309,2.309,2.31,2.309,2.31,2.309,2.31,2.309,2.31,2.309,2.309,2.309,2.31,2.31,2.31,2.309,2.309,2.309,2.309,2.309,2.31,2.31,2.31,2.309,2.309,2.31,2.309,2.309,2.31,2.309,2.31,2.308,2.31,2.309,2.309,2.309,2.309,2.31,2.31,2.309,2.31,2.31,2.309,2.309,2.31,2.309,2.309,2.309,2.31,2.309,2.31,2.309,2.31,2.309,2.309,2.309,2.309,2.309,2.31,2.31,2.309,2.31,2.309,2.309,2.309,2.309,2.309,2.309,2.309,2.31,2.309,2.309,2.31,2.309,2.31,2.31,2.309,2.309,2.31,2.309,2.309,2.31,2.309,2.31,2.31,2.309,2.309,2.309,2.31,2.31,2.309,2.309,2.309,2.31,2.31,2.31,2.309,2.309,2.309
2.548,2.309,2.309,2.31,2.309,2.31,2.309,2.31,2.309,2.31,2.309,2.309,2.309,2.31,2.31,2.31,2.309,2.309,2.309,2.309,2.309,2.31,2.31,2.31,2.309,2.309,2.31,2.309,2.309,2.31,2.309,2.31,2.308,2.31,2.309,2.309,2.309,2.309,2.31,2.31,2.309,2.31,2.31,2.309,2.309,2.31,2.309,2.309,2.309,2.31,2.309,2.31,2.309,2.31,2.309,2.309,2.309,2.309,2.309,2.31,2.31,2.309,2.31,2.309,2.309,2.309,2.309,2.309,2.309,2.309,2.31,2.309,2.309,2.31,2.309,2.31,2.31,2.309,2.309,2.31,2.309,2.309,2.31,2.309,2.31,2.31,2.309,2.309,2.309,2.31,2.31,2.309,2.309,2.309,2.31,2.31,2.31,2.309,2.309,2.309

train_acc1
9.972,10.166,10.232,10.048,9.988,9.956,9.91,10.012,9.91,10.21,10.022,10.076,9.872,9.96,9.65,9.986,9.934,9.98,10.174,9.67,9.858,9.718,9.89,10.026,9.946,10.02,10.032,10.212,9.898,9.932,10.154,10.006,10.044,9.848,10.008,9.97,10.304,10.13,9.972,9.882,10.132,10.15,10.024,10.108,10.01,9.912,9.912,9.984,9.784,9.894,10.246,9.778,9.982,10.03,10.0,10.1,10.038,10.008,9.994,9.87,9.832,9.9,10.122,9.952,9.984,9.988,9.938,10.098,9.9,10.092,9.964,9.818,10.102,10.126,9.992,9.942,9.852,10.162,9.812,9.918,9.956,10.014,10.118,9.948,10.002,9.916,10.082,10.044,9.982,9.888,9.97,9.916,10.008,10.066,10.078,9.954,10.038,9.872,10.174,10.058
10.036,10.166,10.232,10.048,9.988,9.956,9.906,10.012,9.91,10.21,10.022,10.076,9.872,9.96,9.65,9.986,9.934,9.98,10.164,9.67,9.858,9.718,9.89,10.026,9.946,10.02,10.032,10.212,9.898,9.932,10.154,10.006,10.044,9.848,10.008,9.97,10.304,10.13,9.972,9.882,10.132,10.15,10.024,10.108,10.01,9.912,9.912,9.984,9.784,9.894,10.246,9.778,9.982,10.03,9.996,10.1,10.038,10.008,9.994,9.87,9.832,9.9,10.122,9.952,9.984,9.988,9.938,10.098,9.9,10.092,9.964,9.818,10.102,10.126,9.992,9.942,9.852,10.162,9.812,9.918,9.956,10.014,10.118,9.948,10.002,9.916,10.082,10.044,9.982,9.886,9.97,9.916,10.008,10.066,10.078,9.954,10.038,9.872,10.174,10.058
10.026,10.166,10.232,10.048,9.988,9.956,9.906,10.012,9.91,10.21,10.022,10.076,9.872,9.96,9.65,9.986,9.934,9.98,10.174,9.67,9.858,9.718,9.89,10.026,9.946,10.02,10.032,10.212,9.898,9.932,10.154,10.006,10.044,9.848,10.008,9.97,10.304,10.13,9.972,9.882,10.132,10.15,10.024,10.108,10.01,9.912,9.912,9.984,9.784,9.894,10.246,9.778,9.982,10.03,10.0,10.1,10.038,10.008,9.994,9.87,9.832,9.9,10.122,9.952,9.984,9.988,9.938,10.098,9.9,10.092,9.964,9.818,10.102,10.126,9.992,9.942,9.852,10.162,9.812,9.918,9.956,10.014,10.118,9.948,10.002,9.916,10.082,10.044,9.982,9.888,9.97,9.916,10.008,10.066,10.078,9.954,10.038,9.872,10.174,10.058

val_acc1
10.0,9.99,10.0,9.98,10.0,9.88,10.0,10.0,10.0,10.0,9.98,9.99,10.0,10.0,10.0,9.99,10.0,10.0,9.93,9.97,10.0,10.01,9.99,10.0,10.0,9.99,10.0,10.01,10.0,10.03,10.0,9.86,10.0,10.0,10.01,9.98,10.02,9.99,9.87,10.0,10.0,10.0,10.0,9.99,10.0,10.0,9.99,10.0,10.0,10.0,10.0,10.02,10.01,9.88,10.0,9.99,9.95,9.87,10.01,10.0,10.0,10.0,9.98,10.01,10.0,9.89,10.01,10.0,10.0,9.98,9.99,10.0,10.01,9.97,10.0,10.0,10.01,10.0,10.0,9.94,9.94,10.0,10.0,10.0,10.0,10.0,10.0,10.01,10.0,10.0,10.0,10.01,10.01,10.0,10.0,10.0,10.01,9.99,9.97,9.97
10.0,10.01,10.0,10.0,10.01,10.0,10.0,10.02,10.0,10.0,10.0,10.0,10.0,10.0,10.0,10.0,10.0,10.0,10.01,10.0,10.0,10.0,10.0,10.0,10.0,10.0,10.0,10.0,10.0,10.0,10.0,10.0,10.0,10.0,10.0,10.0,10.0,10.01,10.01,10.0,10.0,10.0,10.0,10.01,10.0,10.01,10.0,10.0,10.0,10.0,10.0,10.0,10.0,10.0,10.0,10.0,10.01,10.01,10.0,10.0,10.0,10.0,10.01,10.01,10.0,10.01,10.01,9.99,10.0,10.0,10.0,10.0,10.0,10.02,10.0,10.01,10.0,10.0,10.0,10.0,10.01,10.0,10.01,10.0,10.0,10.0,10.0,10.0,10.0,10.0,10.0,10.01,10.0,10.0,10.0,9.99,10.0,10.0,10.0,10.0
10.0,9.96,10.0,9.95,10.0,9.79,10.0,9.98,10.0,10.0,10.02,9.95,10.0,10.0,10.0,9.98,10.01,10.0,9.79,10.01,9.97,10.01,10.02,10.0,10.0,10.02,10.0,10.01,10.0,10.02,10.0,9.87,10.06,10.0,10.0,9.95,10.04,10.0,9.79,10.0,10.0,10.0,9.97,10.0,10.0,10.0,9.95,9.95,9.97,10.01,10.0,10.05,10.0,9.84,10.0,9.95,9.82,9.83,10.0,10.0,10.0,10.0,9.99,10.0,10.0,9.78,9.99,10.0,10.01,9.96,10.01,10.0,10.02,9.99,10.0,9.99,10.0,10.01,10.0,9.73,9.81,10.01,10.0,10.0,10.0,10.01,10.0,10.01,10.0,10.0,10.0,10.01,10.0,10.01,10.0,10.0,10.0,10.01,9.98,9.99

val_loss
2.313,2.31,2.307,2.307,2.31,2.304,2.31,2.307,2.308,2.307,2.311,2.309,2.315,2.311,2.306,2.31,2.307,2.306,2.31,2.306,2.309,2.316,2.307,2.307,2.307,2.309,2.311,2.304,2.308,2.305,2.314,2.308,2.307,2.311,2.311,2.31,2.31,2.316,2.308,2.308,2.308,2.31,2.308,2.309,2.31,2.305,2.311,2.308,2.308,2.31,2.31,2.308,2.307,2.31,2.31,2.308,2.307,2.316,2.307,2.305,2.309,2.307,2.318,2.309,2.309,2.311,2.311,2.306,2.306,2.309,2.308,2.308,2.306,2.314,2.306,2.306,2.304,2.313,2.307,2.308,2.314,2.307,2.309,2.311,2.304,2.314,2.307,2.306,2.317,2.307,2.306,2.312,2.311,2.313,2.316,2.306,2.31,2.31,2.308,2.311
2.312,2.309,2.307,2.307,2.309,2.303,2.31,2.307,2.308,2.306,2.307,2.309,2.314,2.311,2.305,2.31,2.307,2.306,2.31,2.306,2.309,2.315,2.306,2.306,2.307,2.309,2.311,2.304,2.308,2.304,2.313,2.306,2.306,2.311,2.31,2.31,2.31,2.316,2.307,2.308,2.307,2.309,2.308,2.308,2.31,2.305,2.31,2.308,2.308,2.31,2.31,2.308,2.307,2.31,2.31,2.308,2.307,2.314,2.306,2.305,2.309,2.307,2.317,2.309,2.309,2.311,2.311,2.306,2.306,2.308,2.307,2.308,2.305,2.31,2.305,2.306,2.304,2.313,2.307,2.308,2.313,2.307,2.308,2.311,2.304,2.313,2.307,2.306,2.315,2.307,2.306,2.312,2.309,2.313,2.315,2.306,2.309,2.309,2.306,2.309
2.315,2.313,2.31,2.31,2.313,2.307,2.313,2.311,2.309,2.314,2.316,2.312,2.319,2.312,2.306,2.312,2.31,2.309,2.313,2.309,2.31,2.321,2.31,2.314,2.311,2.314,2.314,2.305,2.31,2.312,2.315,2.308,2.309,2.314,2.313,2.313,2.312,2.322,2.31,2.311,2.309,2.313,2.31,2.318,2.312,2.308,2.316,2.31,2.31,2.312,2.312,2.312,2.308,2.311,2.312,2.31,2.309,2.319,2.311,2.307,2.309,2.312,2.32,2.312,2.311,2.314,2.315,2.309,2.309,2.311,2.313,2.312,2.313,2.316,2.308,2.313,2.305,2.318,2.325,2.314,2.316,2.309,2.309,2.314,2.304,2.319,2.312,2.31,2.322,2.31,2.307,2.316,2.314,2.315,2.318,2.307,2.318,2.317,2.31,2.312

learning_rate
0.5,0.5,0.5,0.5,0.5,0.5,0.5,0.5,0.5,0.5,0.5,0.5,0.5,0.5,0.5,0.5,0.5,0.5,0.5,0.5,0.5,0.5,0.5,0.5,0.5,0.5,0.5,0.5,0.5,0.5,0.5,0.5,0.5,0.5,0.5,0.5,0.5,0.5,0.5,0.5,0.5,0.5,0.5,0.5,0.5,0.5,0.5,0.5,0.5,0.5,0.5,0.5,0.5,0.5,0.5,0.5,0.5,0.5,0.5,0.5,0.5,0.5,0.5,0.5,0.5,0.5,0.5,0.5,0.5,0.5,0.5,0.5,0.5,0.5,0.5,0.5,0.5,0.5,0.5,0.5,0.5,0.5,0.5,0.5,0.5,0.5,0.5,0.5,0.5,0.5,0.5,0.5,0.5,0.5,0.5,0.5,0.5,0.5,0.5,0.5
0.5,0.5,0.5,0.5,0.5,0.5,0.5,0.5,0.5,0.5,0.5,0.5,0.5,0.5,0.5,0.5,0.5,0.5,0.5,0.5,0.5,0.5,0.5,0.5,0.5,0.5,0.5,0.5,0.5,0.5,0.5,0.5,0.5,0.5,0.5,0.5,0.5,0.5,0.5,0.5,0.5,0.5,0.5,0.5,0.5,0.5,0.5,0.5,0.5,0.5,0.5,0.5,0.5,0.5,0.5,0.5,0.5,0.5,0.5,0.5,0.5,0.5,0.5,0.5,0.5,0.5,0.5,0.5,0.5,0.5,0.5,0.5,0.5,0.5,0.5,0.5,0.5,0.5,0.5,0.5,0.5,0.5,0.5,0.5,0.5,0.5,0.5,0.5,0.5,0.5,0.5,0.5,0.5,0.5,0.5,0.5,0.5,0.5,0.5,0.5
0.5,0.5,0.5,0.5,0.5,0.5,0.5,0.5,0.5,0.5,0.5,0.5,0.5,0.5,0.5,0.5,0.5,0.5,0.5,0.5,0.5,0.5,0.5,0.5,0.5,0.5,0.5,0.5,0.5,0.5,0.5,0.5,0.5,0.5,0.5,0.5,0.5,0.5,0.5,0.5,0.5,0.5,0.5,0.5,0.5,0.5,0.5,0.5,0.5,0.5,0.5,0.5,0.5,0.5,0.5,0.5,0.5,0.5,0.5,0.5,0.5,0.5,0.5,0.5,0.5,0.5,0.5,0.5,0.5,0.5,0.5,0.5,0.5,0.5,0.5,0.5,0.5,0.5,0.5,0.5,0.5,0.5,0.5,0.5,0.5,0.5,0.5,0.5,0.5,0.5,0.5,0.5,0.5,0.5,0.5,0.5,0.5,0.5,0.5,0.5

