parameters
sgd_lr:0.001
sgd_momentum:0.9
sgd_weight_decay:0
sgd_dampening:0
sgd_nesterov:False
architecture:vgg19bn_
dataset:cifar10
combine_datasets:False
do_validation_set:False
epochs:100
batch_size:128
test_set_split:0.1666667
validation_set_split:0.0
reduce_train_set:1
executions:3
base_seed:42
training_method:sgd
learning_method:constant

train_loss
1.843,1.427,1.238,1.096,0.991,0.909,0.845,0.785,0.74,0.696,0.658,0.63,0.599,0.575,0.551,0.535,0.509,0.49,0.477,0.455,0.446,0.424,0.415,0.398,0.385,0.37,0.365,0.351,0.338,0.328,0.317,0.306,0.293,0.291,0.281,0.271,0.26,0.249,0.243,0.235,0.231,0.224,0.217,0.206,0.209,0.201,0.188,0.186,0.173,0.174,0.173,0.159,0.156,0.153,0.145,0.143,0.136,0.138,0.133,0.123,0.119,0.122,0.117,0.111,0.112,0.106,0.105,0.103,0.096,0.096,0.095,0.087,0.08,0.088,0.078,0.084,0.077,0.075,0.075,0.072,0.072,0.066,0.066,0.064,0.064,0.063,0.063,0.061,0.057,0.057,0.055,0.059,0.056,0.053,0.048,0.048,0.05,0.048,0.047,0.045
1.848,1.409,1.215,1.081,0.981,0.896,0.837,0.771,0.731,0.687,0.649,0.62,0.597,0.567,0.55,0.527,0.505,0.488,0.47,0.447,0.438,0.418,0.409,0.393,0.38,0.37,0.359,0.345,0.333,0.326,0.319,0.302,0.295,0.293,0.276,0.265,0.256,0.249,0.244,0.238,0.232,0.223,0.22,0.208,0.203,0.199,0.188,0.184,0.177,0.175,0.17,0.162,0.162,0.156,0.149,0.144,0.138,0.135,0.135,0.124,0.116,0.122,0.118,0.116,0.108,0.109,0.099,0.101,0.098,0.093,0.093,0.09,0.086,0.084,0.083,0.079,0.082,0.075,0.073,0.073,0.069,0.068,0.072,0.066,0.065,0.063,0.06,0.061,0.057,0.059,0.054,0.055,0.053,0.052,0.047,0.051,0.05,0.048,0.047,0.043
1.866,1.429,1.239,1.102,0.991,0.905,0.84,0.785,0.737,0.693,0.657,0.622,0.601,0.57,0.547,0.529,0.506,0.489,0.471,0.451,0.436,0.419,0.406,0.395,0.381,0.369,0.359,0.344,0.333,0.324,0.314,0.302,0.294,0.291,0.276,0.265,0.258,0.254,0.245,0.233,0.229,0.219,0.211,0.207,0.202,0.197,0.187,0.185,0.177,0.168,0.167,0.159,0.158,0.154,0.146,0.144,0.134,0.135,0.129,0.131,0.119,0.117,0.111,0.114,0.107,0.108,0.099,0.097,0.097,0.094,0.093,0.091,0.083,0.087,0.086,0.079,0.076,0.077,0.075,0.073,0.069,0.065,0.07,0.064,0.067,0.063,0.059,0.061,0.058,0.053,0.052,0.057,0.054,0.053,0.051,0.049,0.047,0.052,0.045,0.047

train_acc1
29.562,46.734,54.904,60.178,64.474,67.276,69.916,72.182,73.778,75.486,76.624,77.796,78.816,79.704,80.59,81.188,81.952,82.552,83.246,83.968,84.426,84.948,85.418,86.122,86.406,87.048,87.194,87.538,88.088,88.538,88.894,89.168,89.61,89.752,90.022,90.426,90.744,91.14,91.488,91.776,91.806,91.972,92.216,92.638,92.532,92.754,93.344,93.326,93.9,93.81,93.81,94.392,94.436,94.628,94.886,94.978,95.162,95.086,95.196,95.726,95.848,95.68,95.84,96.058,95.986,96.33,96.352,96.364,96.618,96.674,96.556,96.916,97.2,96.808,97.2,97.02,97.238,97.332,97.298,97.53,97.416,97.62,97.736,97.726,97.686,97.746,97.734,97.824,98.024,97.952,98.102,97.98,98.038,98.146,98.356,98.312,98.226,98.266,98.314,98.446
30.026,47.836,55.794,60.95,64.642,67.84,70.144,72.78,74.184,75.758,77.074,78.172,79.138,80.032,80.654,81.402,82.23,83.02,83.316,84.392,84.786,85.248,85.636,86.092,86.498,86.82,87.342,87.972,88.384,88.514,88.734,89.408,89.57,89.638,90.24,90.644,90.832,91.178,91.366,91.586,91.692,92.128,92.218,92.632,92.718,93.1,93.308,93.482,93.7,93.824,94.102,94.24,94.218,94.432,94.778,94.77,95.02,95.196,95.224,95.658,95.834,95.7,95.73,95.878,96.166,96.19,96.462,96.442,96.508,96.686,96.7,96.826,96.894,96.95,97.082,97.204,97.1,97.34,97.39,97.406,97.612,97.606,97.448,97.744,97.668,97.788,97.898,97.912,98.058,97.96,98.128,98.046,98.102,98.092,98.358,98.208,98.192,98.332,98.358,98.48
29.04,46.886,54.84,60.24,64.584,67.626,70.364,72.196,73.996,75.66,76.734,77.954,78.864,79.912,80.568,81.3,82.242,82.748,83.576,84.152,84.714,85.236,85.55,86.216,86.672,86.816,87.18,87.848,88.302,88.462,88.89,89.23,89.63,89.822,90.25,90.576,90.816,91.068,91.366,91.666,91.96,92.262,92.402,92.864,92.872,93.052,93.35,93.428,93.87,93.89,94.078,94.352,94.314,94.576,94.844,94.868,95.218,95.196,95.482,95.286,95.84,95.828,96.032,95.966,96.278,96.152,96.49,96.52,96.516,96.682,96.604,96.808,97.078,96.962,96.91,97.234,97.342,97.268,97.316,97.404,97.566,97.732,97.57,97.74,97.662,97.808,97.91,97.852,97.938,98.162,98.19,98.028,98.06,98.138,98.214,98.31,98.354,98.204,98.456,98.344

val_acc1
41.96,52.14,57.58,64.67,66.09,68.48,70.37,72.51,73.63,74.48,76.0,76.5,77.28,78.5,78.5,77.19,79.1,79.57,81.26,79.96,81.7,81.46,80.42,81.64,82.87,82.64,82.55,82.15,83.71,82.64,83.08,82.65,84.21,83.42,83.33,83.22,84.22,82.81,83.71,84.55,84.09,84.28,84.03,84.87,83.51,84.69,84.57,84.97,84.2,84.78,84.67,84.84,84.91,84.33,85.35,84.02,84.97,85.08,85.09,85.62,85.22,84.91,84.98,85.46,85.4,85.31,84.52,85.25,86.31,85.93,84.89,85.57,84.61,85.4,85.76,85.59,85.61,85.62,85.74,85.87,85.34,85.8,85.44,85.62,86.21,85.7,85.7,86.25,85.81,86.12,85.76,86.61,86.3,86.03,86.33,85.92,86.33,86.4,86.23,86.14
41.31,54.99,60.19,64.65,66.1,69.72,72.26,72.77,74.54,74.33,75.66,77.38,77.93,78.41,78.93,79.46,78.98,79.82,80.61,80.77,81.05,81.76,81.12,82.37,82.21,82.74,82.55,82.22,82.14,82.12,82.65,83.16,83.24,83.44,83.71,84.21,84.1,83.5,83.11,84.17,84.19,84.19,84.39,84.45,84.66,84.5,84.38,84.7,84.51,84.74,84.99,84.67,85.01,84.77,85.11,85.18,85.45,84.88,84.96,84.84,85.46,85.31,84.51,85.65,85.42,84.73,85.78,85.02,85.57,85.47,85.35,85.47,85.0,85.79,85.48,85.96,85.58,85.11,85.57,86.15,85.52,85.7,85.89,86.34,85.54,85.93,85.69,85.99,85.88,85.42,86.31,85.61,86.42,85.97,86.24,85.38,86.39,86.4,86.23,86.18
42.16,51.88,57.78,63.59,67.02,67.54,70.96,72.47,75.25,75.56,76.46,76.65,78.18,78.35,78.66,77.66,78.61,79.35,81.22,80.82,80.61,80.84,81.37,82.4,81.89,83.16,82.69,81.04,82.85,82.86,83.08,82.66,82.96,83.64,83.29,83.65,84.46,82.97,83.64,83.69,83.68,83.75,84.43,83.61,84.02,84.78,83.62,84.63,84.69,84.62,84.42,84.75,84.7,85.01,85.14,84.67,84.86,84.57,84.46,85.06,84.65,84.78,85.03,84.88,84.74,85.22,84.89,85.25,85.76,85.83,85.71,85.19,86.1,85.69,85.38,85.71,85.25,85.71,85.42,86.04,85.82,85.71,85.53,85.65,85.9,85.93,85.43,86.16,85.57,85.85,85.19,85.98,86.21,85.5,86.56,85.81,86.16,86.27,86.23,86.15

val_loss
1.528,1.278,1.207,0.988,0.949,0.871,0.826,0.778,0.754,0.733,0.695,0.668,0.667,0.634,0.618,0.663,0.602,0.593,0.55,0.6,0.549,0.543,0.584,0.55,0.522,0.522,0.526,0.56,0.493,0.527,0.521,0.557,0.493,0.516,0.505,0.514,0.494,0.555,0.524,0.514,0.513,0.527,0.525,0.502,0.567,0.522,0.514,0.537,0.562,0.518,0.534,0.543,0.549,0.565,0.53,0.599,0.564,0.548,0.542,0.549,0.558,0.578,0.585,0.544,0.558,0.57,0.608,0.594,0.553,0.583,0.624,0.574,0.632,0.588,0.595,0.598,0.594,0.597,0.608,0.594,0.642,0.615,0.63,0.603,0.612,0.616,0.607,0.615,0.635,0.613,0.655,0.613,0.617,0.621,0.616,0.63,0.623,0.647,0.652,0.662
1.547,1.235,1.107,0.986,0.95,0.867,0.794,0.777,0.713,0.729,0.684,0.645,0.638,0.63,0.619,0.599,0.6,0.586,0.578,0.572,0.577,0.55,0.563,0.531,0.557,0.524,0.524,0.54,0.541,0.56,0.526,0.525,0.521,0.526,0.52,0.496,0.514,0.538,0.566,0.535,0.529,0.51,0.528,0.523,0.534,0.522,0.536,0.527,0.551,0.544,0.528,0.536,0.549,0.551,0.57,0.56,0.539,0.555,0.551,0.576,0.559,0.576,0.591,0.554,0.573,0.59,0.568,0.598,0.572,0.59,0.603,0.601,0.609,0.603,0.612,0.59,0.595,0.645,0.612,0.602,0.632,0.616,0.613,0.595,0.637,0.638,0.632,0.616,0.621,0.632,0.62,0.643,0.629,0.622,0.638,0.668,0.633,0.621,0.622,0.639
1.525,1.289,1.185,1.009,0.926,0.915,0.819,0.78,0.718,0.705,0.669,0.676,0.629,0.625,0.622,0.656,0.617,0.619,0.554,0.575,0.588,0.575,0.565,0.526,0.553,0.507,0.531,0.616,0.537,0.533,0.519,0.56,0.539,0.522,0.54,0.512,0.496,0.551,0.536,0.544,0.522,0.538,0.532,0.542,0.543,0.511,0.555,0.523,0.529,0.549,0.56,0.544,0.551,0.542,0.563,0.545,0.555,0.553,0.581,0.571,0.574,0.576,0.574,0.585,0.596,0.571,0.578,0.577,0.57,0.58,0.577,0.575,0.595,0.59,0.604,0.613,0.598,0.597,0.63,0.587,0.607,0.619,0.603,0.6,0.618,0.596,0.623,0.592,0.622,0.62,0.669,0.605,0.607,0.669,0.607,0.673,0.652,0.643,0.628,0.63

learning_rate
0.001,0.001,0.001,0.001,0.001,0.001,0.001,0.001,0.001,0.001,0.001,0.001,0.001,0.001,0.001,0.001,0.001,0.001,0.001,0.001,0.001,0.001,0.001,0.001,0.001,0.001,0.001,0.001,0.001,0.001,0.001,0.001,0.001,0.001,0.001,0.001,0.001,0.001,0.001,0.001,0.001,0.001,0.001,0.001,0.001,0.001,0.001,0.001,0.001,0.001,0.001,0.001,0.001,0.001,0.001,0.001,0.001,0.001,0.001,0.001,0.001,0.001,0.001,0.001,0.001,0.001,0.001,0.001,0.001,0.001,0.001,0.001,0.001,0.001,0.001,0.001,0.001,0.001,0.001,0.001,0.001,0.001,0.001,0.001,0.001,0.001,0.001,0.001,0.001,0.001,0.001,0.001,0.001,0.001,0.001,0.001,0.001,0.001,0.001,0.001
0.001,0.001,0.001,0.001,0.001,0.001,0.001,0.001,0.001,0.001,0.001,0.001,0.001,0.001,0.001,0.001,0.001,0.001,0.001,0.001,0.001,0.001,0.001,0.001,0.001,0.001,0.001,0.001,0.001,0.001,0.001,0.001,0.001,0.001,0.001,0.001,0.001,0.001,0.001,0.001,0.001,0.001,0.001,0.001,0.001,0.001,0.001,0.001,0.001,0.001,0.001,0.001,0.001,0.001,0.001,0.001,0.001,0.001,0.001,0.001,0.001,0.001,0.001,0.001,0.001,0.001,0.001,0.001,0.001,0.001,0.001,0.001,0.001,0.001,0.001,0.001,0.001,0.001,0.001,0.001,0.001,0.001,0.001,0.001,0.001,0.001,0.001,0.001,0.001,0.001,0.001,0.001,0.001,0.001,0.001,0.001,0.001,0.001,0.001,0.001
0.001,0.001,0.001,0.001,0.001,0.001,0.001,0.001,0.001,0.001,0.001,0.001,0.001,0.001,0.001,0.001,0.001,0.001,0.001,0.001,0.001,0.001,0.001,0.001,0.001,0.001,0.001,0.001,0.001,0.001,0.001,0.001,0.001,0.001,0.001,0.001,0.001,0.001,0.001,0.001,0.001,0.001,0.001,0.001,0.001,0.001,0.001,0.001,0.001,0.001,0.001,0.001,0.001,0.001,0.001,0.001,0.001,0.001,0.001,0.001,0.001,0.001,0.001,0.001,0.001,0.001,0.001,0.001,0.001,0.001,0.001,0.001,0.001,0.001,0.001,0.001,0.001,0.001,0.001,0.001,0.001,0.001,0.001,0.001,0.001,0.001,0.001,0.001,0.001,0.001,0.001,0.001,0.001,0.001,0.001,0.001,0.001,0.001,0.001,0.001

