parameters
sgd_lr:2
sgd_momentum:0.9
sgd_weight_decay:0
sgd_dampening:0
sgd_nesterov:False
architecture:vgg19bn_
dataset:cifar10
combine_datasets:False
do_validation_set:False
epochs:100
batch_size:128
test_set_split:0.1666667
validation_set_split:0.0
reduce_train_set:1
executions:3
base_seed:42
training_method:sgd
learning_method:constant

train_loss
4.736,2.34,2.341,2.342,2.341,2.337,2.339,2.34,2.341,2.343,2.334,2.339,2.34,2.338,2.344,2.343,2.338,2.345,2.338,2.341,2.341,2.345,2.343,2.339,2.339,2.337,2.347,2.343,2.343,2.344,2.338,2.343,2.337,2.338,2.341,2.34,2.339,2.343,2.336,2.34,2.34,2.343,2.343,2.341,2.343,2.338,2.34,2.345,2.34,2.345,2.338,2.342,2.342,2.339,2.34,2.339,2.337,2.339,2.338,2.345,2.343,2.342,2.339,2.335,2.34,2.339,2.341,2.332,2.338,2.343,2.341,2.336,2.338,2.34,2.343,2.339,2.337,2.338,2.339,2.338,2.34,2.342,2.338,2.337,2.346,2.343,2.338,2.339,2.337,2.345,2.343,2.344,2.344,2.339,2.336,2.343,2.346,2.343,2.341,2.34
4.174,2.34,2.341,2.342,2.341,2.337,2.339,2.34,2.341,2.342,2.334,2.339,2.34,2.338,2.344,2.343,2.338,2.345,2.338,2.341,2.341,2.345,2.343,2.339,2.339,2.337,2.347,2.343,2.343,2.344,2.338,2.343,2.337,2.338,2.341,2.34,2.339,2.343,2.336,2.34,2.34,2.343,2.343,2.341,2.343,2.338,2.34,2.345,2.34,2.345,2.338,2.342,2.342,2.339,2.34,2.339,2.337,2.339,2.338,2.345,2.343,2.342,2.339,2.335,2.34,2.339,2.341,2.332,2.338,2.343,2.341,2.336,2.338,2.34,2.343,2.339,2.337,2.338,2.339,2.338,2.34,2.342,2.338,2.337,2.346,2.343,2.338,2.339,2.337,2.345,2.343,2.344,2.344,2.339,2.336,2.343,2.346,2.343,2.341,2.34
4.866,2.342,2.341,2.342,2.341,2.337,2.339,2.34,2.341,2.342,2.334,2.339,2.34,2.338,2.344,2.343,2.338,2.345,2.338,2.341,2.341,2.345,2.343,2.339,2.339,2.337,2.347,2.343,2.343,2.344,2.351,2.343,2.337,2.338,2.341,2.34,2.339,2.343,2.336,2.34,2.34,2.343,2.343,2.341,2.343,2.338,2.34,2.345,2.34,2.345,2.338,2.342,2.342,2.339,2.34,2.339,2.337,2.339,2.338,2.345,2.343,2.342,2.339,2.335,2.34,2.339,2.341,2.332,2.338,2.343,2.341,2.336,2.338,2.34,2.343,2.339,2.337,2.338,2.339,2.338,2.34,2.342,2.338,2.337,2.346,2.343,2.338,2.339,2.337,2.345,2.343,2.344,2.344,2.339,2.336,2.343,2.346,2.343,2.341,2.34

train_acc1
10.15,9.806,10.266,10.2,9.854,9.944,10.034,9.93,9.966,10.154,10.112,10.048,10.006,10.098,10.006,10.098,9.93,10.136,10.202,10.016,9.848,9.872,9.956,9.94,9.766,9.974,9.886,9.878,10.076,9.976,9.87,9.83,9.77,10.284,10.16,9.978,10.098,9.854,10.136,9.826,10.084,10.052,9.98,9.908,9.87,10.034,10.022,9.954,9.808,9.872,9.944,9.932,10.056,9.976,10.094,9.794,9.996,9.942,9.902,9.998,10.148,9.796,10.108,9.868,10.1,10.07,10.022,10.198,10.056,10.09,9.974,10.1,9.768,9.888,9.964,9.924,10.106,10.262,10.18,10.044,9.934,9.654,10.008,9.96,10.022,9.974,10.108,9.944,10.156,9.746,9.896,9.676,10.198,10.288,10.16,10.01,9.892,10.158,10.116,9.73
10.192,9.806,10.266,10.2,9.854,9.944,10.034,9.93,9.966,10.138,10.112,10.048,10.006,10.098,10.006,10.098,9.93,10.136,10.202,10.016,9.848,9.872,9.956,9.94,9.766,9.974,9.886,9.878,10.076,9.976,9.87,9.83,9.77,10.284,10.16,9.978,10.098,9.854,10.136,9.826,10.084,10.052,9.98,9.908,9.87,10.034,10.022,9.954,9.808,9.872,9.944,9.932,10.056,9.976,10.094,9.794,9.996,9.942,9.902,9.998,10.148,9.796,10.108,9.868,10.1,10.07,10.022,10.198,10.056,10.09,9.974,10.1,9.768,9.888,9.964,9.924,10.106,10.262,10.18,10.044,9.934,9.654,10.008,9.96,10.022,9.974,10.108,9.944,10.156,9.746,9.896,9.676,10.198,10.288,10.16,10.01,9.892,10.158,10.116,9.73
10.178,9.806,10.266,10.2,9.854,9.944,10.034,9.93,9.966,10.138,10.112,10.048,10.006,10.098,10.006,10.098,9.93,10.136,10.202,10.016,9.848,9.872,9.956,9.94,9.766,9.974,9.886,9.878,10.076,9.976,9.802,9.83,9.77,10.284,10.16,9.978,10.098,9.854,10.136,9.826,10.084,10.052,9.98,9.908,9.87,10.034,10.022,9.954,9.808,9.872,9.944,9.932,10.056,9.976,10.094,9.794,9.996,9.942,9.902,9.998,10.148,9.796,10.108,9.868,10.1,10.07,10.022,10.198,10.056,10.09,9.974,10.1,9.768,9.888,9.964,9.924,10.106,10.262,10.18,10.044,9.934,9.654,10.008,9.96,10.022,9.974,10.108,9.944,10.156,9.746,9.896,9.676,10.198,10.288,10.16,10.01,9.892,10.158,10.116,9.73

val_acc1
10.01,10.01,9.97,9.95,9.95,9.96,9.97,9.98,10.0,9.97,9.64,9.98,10.01,9.99,9.68,10.0,10.0,9.98,9.96,9.98,9.97,9.98,9.98,9.98,10.02,9.98,10.01,9.98,9.96,10.02,9.98,10.0,10.01,10.0,9.67,10.0,9.97,9.96,9.99,10.0,9.71,9.96,9.99,10.01,9.99,9.68,9.67,10.0,9.98,9.79,9.98,10.01,9.94,10.0,10.0,10.0,10.0,9.96,9.95,9.99,9.81,9.99,9.66,10.0,9.73,9.98,10.0,10.0,9.99,10.0,10.01,10.0,9.99,9.99,9.96,10.01,10.0,9.98,9.97,10.0,9.98,10.01,10.01,10.0,10.0,10.0,10.0,9.96,10.01,10.0,9.99,10.0,10.02,9.99,10.0,10.0,10.0,9.65,9.67,10.01
9.98,10.01,10.0,10.02,10.04,10.03,10.05,10.03,9.98,10.03,10.02,10.06,10.0,10.01,10.06,10.03,10.03,10.04,10.02,10.01,10.03,10.03,10.01,10.03,10.0,10.03,10.0,10.04,10.0,10.03,10.02,10.03,10.0,10.03,10.06,10.01,10.03,9.99,10.04,10.0,10.06,9.99,10.02,10.07,10.03,10.02,10.02,10.03,10.04,10.02,10.03,10.0,10.02,10.03,10.01,10.04,10.01,9.99,9.99,10.02,10.02,10.03,10.01,10.04,10.02,10.03,10.02,10.02,10.01,10.02,10.01,10.01,10.0,10.04,10.03,10.03,10.0,9.99,10.02,10.03,10.03,10.03,9.97,10.03,9.98,10.04,9.99,10.04,10.03,9.98,9.98,10.04,10.0,10.05,10.0,10.0,10.04,10.05,10.06,9.98
9.98,9.98,9.98,10.0,10.0,10.02,10.02,10.01,10.01,9.99,10.02,10.0,10.02,9.98,10.02,9.99,9.92,10.02,10.0,9.99,10.04,10.02,10.01,10.02,9.95,9.99,9.98,9.99,10.02,10.01,10.02,10.0,9.93,9.95,10.04,10.01,10.07,10.06,10.01,10.0,10.04,9.99,9.97,10.08,10.0,10.04,10.05,9.96,10.02,10.04,10.08,10.01,10.02,9.94,10.01,9.96,10.0,10.0,10.0,10.02,10.04,10.03,10.06,10.0,10.04,10.01,10.09,10.08,10.04,9.97,9.95,9.96,10.04,10.06,10.0,10.02,10.02,10.07,10.01,10.02,10.02,10.0,9.97,10.01,9.99,10.05,10.03,10.02,9.96,9.99,9.98,9.95,10.01,10.01,9.94,9.94,9.94,10.05,10.05,9.98

val_loss
2.477,2.463,2.471,2.418,2.408,2.424,2.385,2.442,2.413,2.496,2.481,2.422,2.483,2.353,2.394,2.434,2.457,2.486,2.443,2.463,2.389,2.488,2.475,2.459,2.449,2.416,2.414,2.405,2.43,2.527,2.406,2.447,2.435,2.421,2.451,2.415,2.403,2.421,2.447,2.418,2.413,2.511,2.42,2.584,2.374,2.4,2.443,2.397,2.427,2.367,2.377,2.436,2.385,2.443,2.37,2.407,2.377,2.481,2.448,2.379,2.369,2.474,2.466,2.435,2.372,2.43,2.47,2.448,2.412,2.422,2.486,2.41,2.542,2.594,2.42,2.497,2.394,2.449,2.611,2.46,2.378,2.446,2.416,2.528,2.372,2.483,2.506,2.403,2.503,2.403,2.359,2.452,2.531,2.403,2.449,2.366,2.658,2.584,2.424,2.489
2.355,2.336,2.397,2.348,2.35,2.344,2.332,2.364,2.352,2.318,2.341,2.349,2.321,2.328,2.336,2.338,2.358,2.362,2.338,2.379,2.348,2.363,2.344,2.345,2.325,2.327,2.344,2.319,2.344,2.354,2.341,2.348,2.333,2.347,2.348,2.346,2.346,2.347,2.349,2.331,2.365,2.358,2.364,2.399,2.348,2.331,2.326,2.32,2.35,2.348,2.351,2.34,2.354,2.376,2.324,2.347,2.325,2.336,2.364,2.328,2.345,2.335,2.333,2.352,2.317,2.337,2.328,2.346,2.366,2.338,2.329,2.337,2.324,2.346,2.318,2.318,2.35,2.338,2.352,2.355,2.317,2.361,2.335,2.38,2.353,2.353,2.381,2.336,2.322,2.322,2.332,2.365,2.356,2.346,2.363,2.336,2.371,2.381,2.336,2.334
2.631,3.306,3.848,3.261,2.794,3.498,2.823,3.055,3.511,3.457,2.772,3.259,2.862,3.544,3.541,3.277,3.695,3.058,3.609,3.003,4.394,3.155,3.213,3.199,3.293,2.683,2.992,3.8,2.82,3.469,4.08,3.829,6.422,5.16,4.121,4.279,5.132,5.594,4.567,4.94,5.349,4.16,4.601,6.051,4.99,4.122,4.479,3.576,4.077,4.376,7.848,3.906,6.583,5.884,4.629,5.227,5.037,4.695,5.028,4.531,4.269,4.574,4.718,4.941,5.312,4.975,7.914,5.99,6.151,3.623,5.576,4.037,4.12,6.654,5.002,4.111,3.643,6.173,4.724,6.166,3.863,6.013,4.091,5.443,3.765,3.88,4.567,3.333,5.744,3.917,5.09,5.164,3.696,4.327,6.157,5.909,5.998,5.759,4.43,4.752

learning_rate
2.0,2.0,2.0,2.0,2.0,2.0,2.0,2.0,2.0,2.0,2.0,2.0,2.0,2.0,2.0,2.0,2.0,2.0,2.0,2.0,2.0,2.0,2.0,2.0,2.0,2.0,2.0,2.0,2.0,2.0,2.0,2.0,2.0,2.0,2.0,2.0,2.0,2.0,2.0,2.0,2.0,2.0,2.0,2.0,2.0,2.0,2.0,2.0,2.0,2.0,2.0,2.0,2.0,2.0,2.0,2.0,2.0,2.0,2.0,2.0,2.0,2.0,2.0,2.0,2.0,2.0,2.0,2.0,2.0,2.0,2.0,2.0,2.0,2.0,2.0,2.0,2.0,2.0,2.0,2.0,2.0,2.0,2.0,2.0,2.0,2.0,2.0,2.0,2.0,2.0,2.0,2.0,2.0,2.0,2.0,2.0,2.0,2.0,2.0,2.0
2.0,2.0,2.0,2.0,2.0,2.0,2.0,2.0,2.0,2.0,2.0,2.0,2.0,2.0,2.0,2.0,2.0,2.0,2.0,2.0,2.0,2.0,2.0,2.0,2.0,2.0,2.0,2.0,2.0,2.0,2.0,2.0,2.0,2.0,2.0,2.0,2.0,2.0,2.0,2.0,2.0,2.0,2.0,2.0,2.0,2.0,2.0,2.0,2.0,2.0,2.0,2.0,2.0,2.0,2.0,2.0,2.0,2.0,2.0,2.0,2.0,2.0,2.0,2.0,2.0,2.0,2.0,2.0,2.0,2.0,2.0,2.0,2.0,2.0,2.0,2.0,2.0,2.0,2.0,2.0,2.0,2.0,2.0,2.0,2.0,2.0,2.0,2.0,2.0,2.0,2.0,2.0,2.0,2.0,2.0,2.0,2.0,2.0,2.0,2.0
2.0,2.0,2.0,2.0,2.0,2.0,2.0,2.0,2.0,2.0,2.0,2.0,2.0,2.0,2.0,2.0,2.0,2.0,2.0,2.0,2.0,2.0,2.0,2.0,2.0,2.0,2.0,2.0,2.0,2.0,2.0,2.0,2.0,2.0,2.0,2.0,2.0,2.0,2.0,2.0,2.0,2.0,2.0,2.0,2.0,2.0,2.0,2.0,2.0,2.0,2.0,2.0,2.0,2.0,2.0,2.0,2.0,2.0,2.0,2.0,2.0,2.0,2.0,2.0,2.0,2.0,2.0,2.0,2.0,2.0,2.0,2.0,2.0,2.0,2.0,2.0,2.0,2.0,2.0,2.0,2.0,2.0,2.0,2.0,2.0,2.0,2.0,2.0,2.0,2.0,2.0,2.0,2.0,2.0,2.0,2.0,2.0,2.0,2.0,2.0

