parameters
sgd_lr:0.001
sgd_momentum:0.9
sgd_weight_decay:0
sgd_dampening:0
sgd_nesterov:True
architecture:vgg19bn_
dataset:cifar10
combine_datasets:False
do_validation_set:False
epochs:100
batch_size:128
test_set_split:0.1666667
validation_set_split:0.0
reduce_train_set:1
executions:3
base_seed:42
training_method:sgd
learning_method:constant

train_loss
1.831,1.414,1.226,1.086,0.982,0.899,0.837,0.776,0.728,0.685,0.648,0.619,0.596,0.566,0.542,0.521,0.504,0.483,0.471,0.445,0.435,0.415,0.402,0.389,0.377,0.363,0.354,0.339,0.326,0.32,0.311,0.301,0.289,0.285,0.271,0.26,0.253,0.246,0.238,0.232,0.222,0.216,0.213,0.205,0.197,0.192,0.18,0.181,0.173,0.165,0.164,0.16,0.153,0.149,0.143,0.139,0.132,0.128,0.125,0.123,0.123,0.112,0.113,0.11,0.106,0.102,0.101,0.097,0.09,0.093,0.091,0.084,0.084,0.087,0.082,0.078,0.074,0.072,0.072,0.071,0.068,0.065,0.064,0.065,0.061,0.062,0.059,0.062,0.053,0.053,0.052,0.052,0.051,0.053,0.047,0.046,0.048,0.049,0.048,0.046
1.834,1.404,1.218,1.08,0.982,0.901,0.837,0.78,0.734,0.686,0.651,0.624,0.596,0.565,0.544,0.525,0.503,0.484,0.467,0.445,0.433,0.416,0.405,0.39,0.377,0.362,0.353,0.339,0.326,0.32,0.308,0.298,0.289,0.285,0.276,0.26,0.252,0.242,0.236,0.23,0.224,0.219,0.209,0.207,0.2,0.193,0.182,0.18,0.173,0.166,0.162,0.157,0.153,0.149,0.144,0.141,0.13,0.133,0.127,0.123,0.116,0.113,0.113,0.105,0.109,0.104,0.097,0.095,0.093,0.09,0.089,0.086,0.086,0.086,0.081,0.08,0.075,0.071,0.073,0.074,0.069,0.068,0.068,0.06,0.063,0.063,0.062,0.059,0.055,0.057,0.051,0.055,0.053,0.052,0.049,0.049,0.047,0.049,0.048,0.048
1.857,1.416,1.211,1.069,0.962,0.879,0.822,0.766,0.721,0.681,0.644,0.615,0.587,0.562,0.54,0.522,0.491,0.479,0.461,0.445,0.429,0.416,0.404,0.385,0.37,0.361,0.354,0.335,0.328,0.319,0.309,0.301,0.287,0.283,0.271,0.261,0.251,0.243,0.238,0.232,0.227,0.213,0.21,0.203,0.198,0.193,0.186,0.181,0.174,0.167,0.163,0.16,0.155,0.149,0.145,0.143,0.135,0.133,0.125,0.122,0.116,0.116,0.113,0.113,0.107,0.102,0.099,0.095,0.093,0.094,0.091,0.081,0.085,0.084,0.08,0.082,0.075,0.071,0.075,0.071,0.067,0.067,0.073,0.066,0.064,0.059,0.061,0.058,0.054,0.054,0.053,0.055,0.052,0.049,0.051,0.049,0.047,0.049,0.045,0.043

train_acc1
30.348,47.742,55.528,60.622,64.886,67.654,70.212,72.52,74.216,75.91,77.204,78.152,79.106,79.994,81.056,81.604,82.236,83.018,83.364,84.112,84.74,85.438,85.88,86.292,86.748,87.186,87.612,88.208,88.556,88.62,89.096,89.258,89.828,89.862,90.58,90.872,91.038,91.236,91.668,91.762,92.214,92.358,92.484,92.65,92.996,93.194,93.668,93.562,93.844,94.21,94.26,94.326,94.63,94.696,94.942,95.07,95.27,95.466,95.548,95.594,95.596,96.034,95.952,96.096,96.276,96.41,96.338,96.562,96.914,96.63,96.666,97.028,96.994,96.948,97.108,97.262,97.402,97.464,97.404,97.46,97.614,97.67,97.714,97.768,97.854,97.75,97.898,97.812,98.138,98.11,98.214,98.198,98.174,98.128,98.38,98.366,98.282,98.242,98.326,98.396
30.698,47.95,55.594,60.896,64.846,67.956,70.242,72.326,73.948,75.928,76.912,77.89,79.14,80.114,80.846,81.45,82.324,83.1,83.516,84.292,84.884,85.444,85.666,86.242,86.75,87.2,87.366,88.076,88.648,88.69,89.126,89.548,89.718,89.97,90.356,90.706,91.014,91.466,91.678,91.964,92.114,92.258,92.594,92.65,92.854,93.122,93.546,93.512,93.902,94.104,94.308,94.448,94.574,94.722,94.87,94.978,95.396,95.298,95.496,95.662,95.888,95.928,96.008,96.304,96.09,96.27,96.604,96.69,96.686,96.756,96.87,96.91,96.928,96.878,97.12,97.162,97.388,97.464,97.358,97.324,97.61,97.624,97.576,97.892,97.796,97.784,97.786,98.006,98.084,98.014,98.198,98.098,98.114,98.21,98.258,98.22,98.4,98.256,98.302,98.25
29.508,47.65,55.958,61.398,65.554,68.434,70.888,72.884,74.45,75.884,77.278,78.19,79.212,80.25,81.024,81.484,82.78,83.204,83.624,84.406,84.984,85.34,85.682,86.434,86.97,87.352,87.54,88.184,88.504,88.676,88.962,89.354,89.946,89.868,90.418,90.642,91.1,91.404,91.494,91.786,91.986,92.348,92.492,92.752,92.976,93.21,93.516,93.6,93.874,94.07,94.178,94.326,94.558,94.76,94.826,94.876,95.286,95.276,95.528,95.602,95.918,95.866,95.914,95.878,96.236,96.374,96.454,96.656,96.642,96.696,96.788,97.218,96.974,97.028,97.168,97.082,97.394,97.392,97.338,97.598,97.678,97.63,97.354,97.668,97.75,97.936,97.87,97.916,98.114,98.108,98.142,98.106,98.078,98.328,98.218,98.266,98.346,98.282,98.46,98.46

val_acc1
42.55,53.86,60.39,63.95,67.29,68.19,71.33,72.06,74.74,75.15,76.31,77.0,77.41,76.92,78.9,77.8,79.57,79.97,81.65,80.74,81.54,80.76,81.34,82.07,82.31,81.96,82.64,81.72,82.4,82.77,83.08,83.03,83.59,82.68,84.09,84.14,84.09,82.99,83.11,83.48,84.55,84.06,84.08,84.16,85.16,85.03,85.22,84.54,84.88,84.9,85.01,83.8,85.04,84.34,85.09,84.88,85.46,85.01,84.66,85.35,84.9,84.73,85.6,85.53,84.86,84.74,85.27,85.51,85.95,85.52,85.52,85.17,85.14,85.55,85.95,85.62,86.3,86.23,85.84,86.03,85.6,85.76,85.19,85.69,85.63,85.82,86.24,86.71,86.21,86.27,86.21,86.32,86.72,86.7,86.49,86.4,86.84,86.54,86.28,86.71
43.03,53.36,60.4,63.75,68.05,68.09,71.63,71.85,74.55,75.44,77.05,77.04,78.33,78.92,78.4,78.19,79.01,79.23,80.1,80.92,80.95,80.95,81.05,81.82,82.68,82.58,82.17,81.77,83.13,83.25,82.9,83.36,83.27,83.76,83.65,83.08,84.09,83.84,83.79,84.35,83.8,84.05,84.36,84.37,84.49,84.14,84.35,84.64,84.61,84.72,84.8,84.13,83.99,84.8,85.2,84.53,85.39,84.69,84.88,85.71,85.07,84.44,85.49,85.55,85.19,85.26,85.29,85.37,85.65,85.98,85.71,85.35,85.49,85.14,85.03,85.84,84.93,85.56,85.95,85.89,86.19,85.98,85.79,86.23,86.34,86.04,85.36,85.68,86.39,86.22,86.06,85.72,86.49,86.13,86.06,85.83,86.3,86.6,86.47,86.22
41.9,53.27,58.84,64.44,68.44,69.14,71.99,72.6,75.07,73.81,76.68,77.13,78.13,78.86,78.71,77.24,79.47,79.83,80.53,80.13,81.73,81.75,80.62,82.11,82.96,82.42,82.83,82.21,83.28,83.17,83.13,83.45,83.84,83.7,83.27,83.67,84.41,83.08,83.97,84.74,83.91,83.78,83.91,84.53,84.51,84.69,84.46,84.64,84.13,84.52,84.43,85.23,84.35,84.86,84.13,84.75,85.0,84.67,84.9,85.31,84.85,85.3,85.48,85.84,85.07,85.29,85.43,85.2,85.93,85.94,85.48,85.63,85.21,85.9,85.57,85.86,86.09,85.53,85.0,85.8,85.91,85.18,85.48,86.27,85.66,86.22,86.41,85.94,86.26,86.39,86.06,86.43,86.06,86.13,85.85,86.5,86.54,86.12,86.09,86.0

val_loss
1.521,1.253,1.109,1.003,0.91,0.88,0.814,0.805,0.719,0.714,0.676,0.653,0.65,0.666,0.607,0.65,0.586,0.582,0.55,0.565,0.554,0.56,0.56,0.531,0.534,0.542,0.52,0.561,0.527,0.526,0.514,0.518,0.51,0.548,0.496,0.5,0.507,0.557,0.531,0.536,0.51,0.527,0.524,0.529,0.508,0.496,0.526,0.549,0.53,0.535,0.527,0.559,0.537,0.559,0.554,0.539,0.536,0.544,0.558,0.569,0.559,0.553,0.554,0.547,0.579,0.602,0.584,0.577,0.564,0.589,0.587,0.589,0.61,0.587,0.569,0.591,0.584,0.581,0.614,0.584,0.599,0.605,0.652,0.613,0.622,0.612,0.624,0.59,0.617,0.606,0.625,0.609,0.602,0.606,0.607,0.608,0.608,0.622,0.644,0.627
1.507,1.255,1.106,0.997,0.887,0.903,0.801,0.802,0.736,0.699,0.657,0.664,0.636,0.616,0.631,0.637,0.611,0.612,0.578,0.561,0.577,0.556,0.567,0.542,0.537,0.526,0.532,0.576,0.513,0.518,0.524,0.521,0.525,0.506,0.531,0.544,0.515,0.545,0.527,0.517,0.534,0.538,0.538,0.529,0.536,0.532,0.536,0.524,0.539,0.554,0.527,0.564,0.574,0.544,0.564,0.575,0.551,0.575,0.565,0.547,0.57,0.606,0.568,0.575,0.58,0.565,0.593,0.597,0.584,0.575,0.597,0.614,0.602,0.654,0.611,0.595,0.655,0.635,0.616,0.603,0.595,0.624,0.624,0.605,0.611,0.613,0.654,0.637,0.629,0.631,0.649,0.648,0.635,0.635,0.643,0.641,0.642,0.631,0.637,0.641
1.557,1.254,1.144,0.984,0.88,0.85,0.789,0.774,0.717,0.754,0.672,0.666,0.627,0.616,0.608,0.667,0.597,0.597,0.577,0.593,0.541,0.544,0.581,0.535,0.522,0.54,0.522,0.551,0.516,0.516,0.512,0.527,0.517,0.526,0.522,0.52,0.511,0.56,0.521,0.501,0.533,0.547,0.537,0.522,0.544,0.523,0.546,0.529,0.555,0.553,0.559,0.525,0.57,0.554,0.598,0.583,0.578,0.556,0.565,0.585,0.593,0.581,0.571,0.56,0.608,0.585,0.576,0.605,0.585,0.575,0.604,0.595,0.627,0.626,0.619,0.602,0.592,0.628,0.645,0.619,0.629,0.653,0.627,0.616,0.639,0.618,0.63,0.641,0.648,0.634,0.642,0.64,0.656,0.646,0.66,0.651,0.664,0.664,0.654,0.668

learning_rate
0.001,0.001,0.001,0.001,0.001,0.001,0.001,0.001,0.001,0.001,0.001,0.001,0.001,0.001,0.001,0.001,0.001,0.001,0.001,0.001,0.001,0.001,0.001,0.001,0.001,0.001,0.001,0.001,0.001,0.001,0.001,0.001,0.001,0.001,0.001,0.001,0.001,0.001,0.001,0.001,0.001,0.001,0.001,0.001,0.001,0.001,0.001,0.001,0.001,0.001,0.001,0.001,0.001,0.001,0.001,0.001,0.001,0.001,0.001,0.001,0.001,0.001,0.001,0.001,0.001,0.001,0.001,0.001,0.001,0.001,0.001,0.001,0.001,0.001,0.001,0.001,0.001,0.001,0.001,0.001,0.001,0.001,0.001,0.001,0.001,0.001,0.001,0.001,0.001,0.001,0.001,0.001,0.001,0.001,0.001,0.001,0.001,0.001,0.001,0.001
0.001,0.001,0.001,0.001,0.001,0.001,0.001,0.001,0.001,0.001,0.001,0.001,0.001,0.001,0.001,0.001,0.001,0.001,0.001,0.001,0.001,0.001,0.001,0.001,0.001,0.001,0.001,0.001,0.001,0.001,0.001,0.001,0.001,0.001,0.001,0.001,0.001,0.001,0.001,0.001,0.001,0.001,0.001,0.001,0.001,0.001,0.001,0.001,0.001,0.001,0.001,0.001,0.001,0.001,0.001,0.001,0.001,0.001,0.001,0.001,0.001,0.001,0.001,0.001,0.001,0.001,0.001,0.001,0.001,0.001,0.001,0.001,0.001,0.001,0.001,0.001,0.001,0.001,0.001,0.001,0.001,0.001,0.001,0.001,0.001,0.001,0.001,0.001,0.001,0.001,0.001,0.001,0.001,0.001,0.001,0.001,0.001,0.001,0.001,0.001
0.001,0.001,0.001,0.001,0.001,0.001,0.001,0.001,0.001,0.001,0.001,0.001,0.001,0.001,0.001,0.001,0.001,0.001,0.001,0.001,0.001,0.001,0.001,0.001,0.001,0.001,0.001,0.001,0.001,0.001,0.001,0.001,0.001,0.001,0.001,0.001,0.001,0.001,0.001,0.001,0.001,0.001,0.001,0.001,0.001,0.001,0.001,0.001,0.001,0.001,0.001,0.001,0.001,0.001,0.001,0.001,0.001,0.001,0.001,0.001,0.001,0.001,0.001,0.001,0.001,0.001,0.001,0.001,0.001,0.001,0.001,0.001,0.001,0.001,0.001,0.001,0.001,0.001,0.001,0.001,0.001,0.001,0.001,0.001,0.001,0.001,0.001,0.001,0.001,0.001,0.001,0.001,0.001,0.001,0.001,0.001,0.001,0.001,0.001,0.001

