parameters
sgd_lr:0.25
sgd_momentum:0
sgd_weight_decay:0
sgd_dampening:0
sgd_nesterov:False
architecture:vgg19bn_
dataset:cifar10
combine_datasets:False
do_validation_set:False
epochs:100
batch_size:128
test_set_split:0.1666667
validation_set_split:0.0
reduce_train_set:1
executions:3
base_seed:42
training_method:sgd
learning_method:constant

train_loss
2.789,2.439,2.355,1.977,1.739,1.54,1.346,1.174,1.019,0.884,0.774,0.69,0.624,0.567,0.519,0.484,0.45,0.414,0.389,0.362,0.343,0.321,0.3,0.288,0.27,0.251,0.243,0.229,0.215,0.205,0.191,0.184,0.174,0.164,0.156,0.147,0.138,0.134,0.129,0.118,0.115,0.108,0.106,0.1,0.094,0.094,0.085,0.083,0.08,0.077,0.072,0.068,0.066,0.065,0.06,0.059,0.054,0.054,0.055,0.046,0.048,0.045,0.041,0.045,0.042,0.039,0.044,0.036,0.036,0.036,0.037,0.034,0.032,0.032,0.029,0.031,0.028,0.03,0.027,0.03,0.027,0.024,0.027,0.025,0.026,0.024,0.022,0.024,0.022,0.023,0.022,0.022,0.023,0.021,0.017,0.019,0.022,0.019,0.018,0.018
2.676,2.07,1.883,1.695,1.517,1.343,1.161,1.002,0.869,0.766,0.684,0.62,0.57,0.527,0.482,0.454,0.426,0.393,0.368,0.346,0.329,0.312,0.288,0.276,0.264,0.247,0.236,0.219,0.209,0.194,0.189,0.176,0.168,0.163,0.152,0.143,0.135,0.129,0.123,0.118,0.112,0.106,0.098,0.097,0.093,0.088,0.087,0.081,0.078,0.072,0.07,0.067,0.066,0.064,0.058,0.058,0.053,0.057,0.051,0.048,0.045,0.048,0.046,0.041,0.039,0.041,0.038,0.038,0.037,0.033,0.036,0.032,0.032,0.029,0.032,0.03,0.029,0.027,0.028,0.026,0.026,0.026,0.026,0.028,0.023,0.024,0.024,0.022,0.022,0.022,0.017,0.024,0.018,0.022,0.019,0.016,0.019,0.017,0.018,0.017
2.705,2.405,2.351,2.199,1.916,1.759,1.553,1.351,1.129,0.955,0.83,0.736,0.658,0.598,0.539,0.502,0.462,0.426,0.395,0.372,0.35,0.328,0.306,0.294,0.273,0.257,0.247,0.234,0.215,0.206,0.195,0.189,0.177,0.165,0.16,0.152,0.138,0.133,0.131,0.123,0.116,0.11,0.103,0.098,0.096,0.092,0.088,0.083,0.078,0.075,0.073,0.069,0.066,0.065,0.062,0.062,0.057,0.056,0.052,0.05,0.045,0.046,0.045,0.044,0.044,0.039,0.042,0.042,0.038,0.037,0.033,0.034,0.033,0.034,0.032,0.03,0.032,0.028,0.028,0.028,0.025,0.025,0.029,0.026,0.024,0.024,0.022,0.021,0.024,0.02,0.02,0.019,0.02,0.019,0.022,0.021,0.02,0.018,0.019,0.016

train_acc1
10.142,10.196,12.914,24.748,32.662,41.924,50.692,57.592,63.724,68.59,72.972,76.22,78.646,80.458,82.232,83.404,84.674,85.65,86.646,87.532,88.26,88.956,89.652,90.002,90.74,91.392,91.61,92.208,92.694,92.976,93.398,93.532,94.026,94.448,94.652,94.856,95.258,95.328,95.552,95.91,95.954,96.208,96.184,96.534,96.686,96.728,97.064,97.084,97.226,97.284,97.55,97.618,97.634,97.762,97.956,97.992,98.182,98.094,98.038,98.42,98.272,98.438,98.582,98.516,98.574,98.622,98.508,98.774,98.772,98.75,98.662,98.894,98.876,98.928,98.998,98.926,99.004,99.016,99.038,98.958,99.064,99.156,99.09,99.146,99.054,99.192,99.194,99.17,99.226,99.162,99.214,99.222,99.188,99.226,99.422,99.364,99.242,99.318,99.416,99.39
14.306,21.67,28.05,35.8,43.778,50.686,58.412,64.404,69.564,73.35,76.43,78.884,80.552,81.912,83.536,84.598,85.502,86.414,87.318,88.166,88.738,89.362,90.012,90.464,90.932,91.542,91.796,92.502,92.658,93.272,93.444,93.922,94.158,94.406,94.644,95.12,95.282,95.508,95.706,95.846,96.042,96.346,96.634,96.666,96.672,96.858,96.934,97.22,97.168,97.478,97.526,97.686,97.71,97.75,97.978,97.972,98.164,98.012,98.208,98.338,98.426,98.334,98.466,98.58,98.658,98.55,98.684,98.66,98.76,98.814,98.812,98.876,98.954,98.97,98.862,98.96,98.956,99.062,99.052,99.12,99.114,99.108,99.124,99.072,99.2,99.172,99.186,99.248,99.23,99.234,99.434,99.186,99.4,99.264,99.35,99.442,99.37,99.384,99.39,99.408
10.026,10.16,10.754,16.08,23.666,31.324,40.78,49.836,59.258,66.05,70.842,74.568,77.8,79.804,81.748,82.934,84.422,85.578,86.586,87.344,88.17,89.028,89.646,89.92,90.764,91.302,91.558,91.964,92.646,92.938,93.378,93.436,93.944,94.284,94.548,94.716,95.268,95.408,95.446,95.762,96.026,96.18,96.416,96.674,96.654,96.702,97.02,97.136,97.264,97.342,97.384,97.624,97.778,97.692,97.798,97.858,97.992,98.078,98.212,98.26,98.46,98.376,98.456,98.474,98.488,98.632,98.578,98.59,98.722,98.694,98.866,98.844,98.874,98.842,98.936,98.922,98.82,99.046,99.01,99.026,99.092,99.124,98.962,99.116,99.202,99.144,99.238,99.292,99.198,99.302,99.274,99.366,99.292,99.32,99.232,99.268,99.338,99.408,99.348,99.45

val_acc1
10.17,10.6,17.94,28.48,38.8,44.12,43.74,54.47,59.52,59.32,60.41,74.78,75.71,80.75,78.47,74.57,80.69,77.7,81.37,84.35,78.3,84.39,83.9,85.14,83.79,85.2,86.84,88.26,85.87,83.81,86.87,86.37,87.24,87.48,87.25,87.85,88.54,85.39,85.78,88.56,87.3,87.53,86.38,88.27,87.43,85.88,87.83,88.27,89.35,88.57,89.25,88.64,87.63,89.49,88.75,89.16,89.82,88.89,89.53,88.89,89.91,89.64,88.91,88.81,89.9,88.18,90.14,89.94,89.82,89.75,90.25,89.81,89.9,90.29,89.7,90.18,89.92,90.42,89.96,89.78,90.7,89.96,90.67,90.38,90.28,90.35,90.09,90.48,89.94,90.58,90.36,90.01,90.75,89.89,90.35,90.82,90.17,89.96,90.1,89.65
18.42,16.82,30.8,39.71,45.49,55.14,55.04,60.9,68.07,67.95,70.33,77.07,77.49,77.79,80.95,73.37,81.98,80.26,80.98,80.96,82.14,85.25,84.92,85.41,86.71,85.36,85.08,86.89,86.66,87.23,87.29,87.18,85.67,85.8,87.61,85.11,86.99,86.82,87.17,88.5,85.67,87.56,87.68,89.39,87.31,88.25,88.36,88.67,89.37,88.89,88.52,88.83,87.01,88.53,87.13,88.34,89.54,87.42,89.46,89.42,89.15,89.09,89.98,89.18,89.24,88.75,89.89,89.33,89.7,88.96,89.82,89.78,90.3,89.96,89.93,89.31,89.29,89.81,88.59,90.0,88.57,89.46,90.22,88.62,90.47,89.89,89.74,90.46,89.56,90.44,90.15,90.04,89.53,90.5,89.55,89.37,90.45,90.27,90.78,90.99
10.75,9.99,10.8,19.19,25.12,35.2,30.27,48.83,54.91,62.34,61.85,73.34,76.2,76.57,75.75,70.46,81.43,72.57,80.34,81.43,83.66,83.64,83.01,86.82,83.96,86.68,85.85,85.32,86.1,85.66,87.33,83.6,87.6,86.25,86.47,88.65,87.12,85.19,87.55,87.21,87.77,88.61,87.48,87.16,83.67,88.6,88.46,87.37,88.33,89.06,89.22,89.69,89.05,89.87,88.97,89.12,88.67,88.39,88.09,89.35,89.1,89.56,88.84,86.9,88.65,89.23,89.69,89.06,88.87,89.85,89.1,89.85,89.48,89.54,89.11,89.24,88.58,89.3,89.81,89.08,89.87,90.21,90.21,90.41,89.43,90.09,90.21,90.21,90.06,90.15,90.18,89.91,89.92,89.65,90.21,90.33,90.5,90.9,90.29,90.14

val_loss
2.346,2.779,2.206,1.868,1.625,1.51,1.578,1.355,1.155,1.239,1.194,0.743,0.715,0.574,0.632,0.791,0.575,0.694,0.575,0.478,0.672,0.481,0.507,0.445,0.521,0.462,0.41,0.373,0.454,0.501,0.427,0.444,0.413,0.439,0.434,0.406,0.395,0.551,0.521,0.409,0.473,0.447,0.513,0.455,0.522,0.531,0.474,0.463,0.404,0.443,0.405,0.461,0.516,0.407,0.497,0.456,0.412,0.47,0.419,0.485,0.44,0.424,0.481,0.48,0.434,0.534,0.424,0.437,0.453,0.463,0.436,0.451,0.453,0.426,0.506,0.479,0.468,0.46,0.468,0.466,0.424,0.504,0.442,0.441,0.454,0.438,0.473,0.45,0.501,0.457,0.475,0.48,0.431,0.486,0.47,0.451,0.47,0.494,0.486,0.547
2.067,2.395,2.203,1.682,1.631,1.232,1.28,1.252,0.922,0.922,0.886,0.696,0.682,0.684,0.581,0.813,0.556,0.596,0.598,0.59,0.533,0.434,0.478,0.449,0.405,0.451,0.483,0.42,0.428,0.42,0.406,0.435,0.524,0.531,0.421,0.507,0.474,0.47,0.434,0.419,0.54,0.488,0.472,0.398,0.493,0.438,0.445,0.444,0.401,0.443,0.472,0.491,0.56,0.45,0.602,0.496,0.434,0.556,0.429,0.458,0.493,0.47,0.432,0.47,0.49,0.505,0.464,0.466,0.476,0.539,0.467,0.485,0.446,0.494,0.468,0.509,0.524,0.5,0.574,0.482,0.559,0.549,0.462,0.526,0.474,0.481,0.488,0.463,0.497,0.435,0.508,0.503,0.542,0.47,0.549,0.557,0.489,0.501,0.471,0.477
2.486,2.46,2.38,2.539,1.88,1.819,2.206,1.527,1.341,1.078,1.12,0.781,0.698,0.702,0.749,1.004,0.564,0.835,0.613,0.596,0.528,0.505,0.533,0.408,0.52,0.414,0.446,0.467,0.452,0.446,0.404,0.578,0.423,0.492,0.472,0.398,0.465,0.533,0.439,0.487,0.434,0.414,0.448,0.494,0.722,0.427,0.449,0.474,0.453,0.434,0.421,0.416,0.455,0.41,0.479,0.438,0.488,0.479,0.495,0.442,0.47,0.427,0.513,0.583,0.531,0.497,0.479,0.485,0.484,0.469,0.527,0.478,0.467,0.5,0.496,0.516,0.527,0.509,0.474,0.485,0.482,0.497,0.446,0.445,0.519,0.518,0.482,0.482,0.473,0.488,0.491,0.514,0.471,0.521,0.467,0.493,0.481,0.474,0.473,0.529

learning_rate
0.25,0.25,0.25,0.25,0.25,0.25,0.25,0.25,0.25,0.25,0.25,0.25,0.25,0.25,0.25,0.25,0.25,0.25,0.25,0.25,0.25,0.25,0.25,0.25,0.25,0.25,0.25,0.25,0.25,0.25,0.25,0.25,0.25,0.25,0.25,0.25,0.25,0.25,0.25,0.25,0.25,0.25,0.25,0.25,0.25,0.25,0.25,0.25,0.25,0.25,0.25,0.25,0.25,0.25,0.25,0.25,0.25,0.25,0.25,0.25,0.25,0.25,0.25,0.25,0.25,0.25,0.25,0.25,0.25,0.25,0.25,0.25,0.25,0.25,0.25,0.25,0.25,0.25,0.25,0.25,0.25,0.25,0.25,0.25,0.25,0.25,0.25,0.25,0.25,0.25,0.25,0.25,0.25,0.25,0.25,0.25,0.25,0.25,0.25,0.25
0.25,0.25,0.25,0.25,0.25,0.25,0.25,0.25,0.25,0.25,0.25,0.25,0.25,0.25,0.25,0.25,0.25,0.25,0.25,0.25,0.25,0.25,0.25,0.25,0.25,0.25,0.25,0.25,0.25,0.25,0.25,0.25,0.25,0.25,0.25,0.25,0.25,0.25,0.25,0.25,0.25,0.25,0.25,0.25,0.25,0.25,0.25,0.25,0.25,0.25,0.25,0.25,0.25,0.25,0.25,0.25,0.25,0.25,0.25,0.25,0.25,0.25,0.25,0.25,0.25,0.25,0.25,0.25,0.25,0.25,0.25,0.25,0.25,0.25,0.25,0.25,0.25,0.25,0.25,0.25,0.25,0.25,0.25,0.25,0.25,0.25,0.25,0.25,0.25,0.25,0.25,0.25,0.25,0.25,0.25,0.25,0.25,0.25,0.25,0.25
0.25,0.25,0.25,0.25,0.25,0.25,0.25,0.25,0.25,0.25,0.25,0.25,0.25,0.25,0.25,0.25,0.25,0.25,0.25,0.25,0.25,0.25,0.25,0.25,0.25,0.25,0.25,0.25,0.25,0.25,0.25,0.25,0.25,0.25,0.25,0.25,0.25,0.25,0.25,0.25,0.25,0.25,0.25,0.25,0.25,0.25,0.25,0.25,0.25,0.25,0.25,0.25,0.25,0.25,0.25,0.25,0.25,0.25,0.25,0.25,0.25,0.25,0.25,0.25,0.25,0.25,0.25,0.25,0.25,0.25,0.25,0.25,0.25,0.25,0.25,0.25,0.25,0.25,0.25,0.25,0.25,0.25,0.25,0.25,0.25,0.25,0.25,0.25,0.25,0.25,0.25,0.25,0.25,0.25,0.25,0.25,0.25,0.25,0.25,0.25

