parameters
sgd_lr:0.05
sgd_momentum:0
sgd_weight_decay:0
sgd_dampening:0
sgd_nesterov:False
architecture:vgg19bn_
dataset:cifar10
combine_datasets:False
do_validation_set:False
epochs:100
batch_size:128
test_set_split:0.1666667
validation_set_split:0.0
reduce_train_set:1
executions:3
base_seed:42
training_method:sgd
learning_method:constant

train_loss
1.753,1.202,0.951,0.803,0.704,0.624,0.573,0.526,0.486,0.452,0.419,0.395,0.371,0.349,0.33,0.312,0.296,0.278,0.264,0.249,0.237,0.227,0.209,0.205,0.196,0.184,0.176,0.165,0.158,0.152,0.142,0.135,0.13,0.128,0.118,0.111,0.11,0.105,0.102,0.092,0.095,0.088,0.083,0.083,0.075,0.077,0.07,0.072,0.066,0.064,0.061,0.061,0.06,0.057,0.053,0.052,0.051,0.052,0.045,0.046,0.045,0.041,0.043,0.041,0.043,0.038,0.039,0.037,0.034,0.035,0.035,0.031,0.033,0.03,0.032,0.032,0.031,0.027,0.025,0.03,0.027,0.026,0.024,0.025,0.024,0.022,0.025,0.025,0.022,0.023,0.02,0.023,0.019,0.022,0.019,0.019,0.021,0.02,0.019,0.018
1.762,1.2,0.939,0.785,0.694,0.617,0.569,0.521,0.481,0.447,0.418,0.394,0.371,0.348,0.333,0.314,0.3,0.279,0.262,0.252,0.237,0.228,0.213,0.205,0.197,0.185,0.177,0.166,0.16,0.152,0.146,0.141,0.135,0.128,0.12,0.116,0.109,0.105,0.105,0.098,0.095,0.09,0.09,0.083,0.08,0.076,0.077,0.072,0.07,0.066,0.062,0.06,0.062,0.058,0.053,0.056,0.05,0.052,0.048,0.047,0.045,0.044,0.045,0.042,0.04,0.036,0.041,0.036,0.038,0.035,0.033,0.032,0.035,0.032,0.032,0.029,0.028,0.033,0.028,0.028,0.029,0.026,0.03,0.028,0.024,0.023,0.024,0.025,0.023,0.022,0.023,0.022,0.02,0.02,0.02,0.021,0.019,0.019,0.021,0.017
1.773,1.211,0.954,0.803,0.706,0.628,0.577,0.53,0.488,0.455,0.422,0.401,0.376,0.353,0.334,0.317,0.3,0.282,0.266,0.251,0.24,0.232,0.217,0.207,0.198,0.184,0.179,0.172,0.162,0.155,0.147,0.14,0.135,0.131,0.125,0.114,0.108,0.105,0.106,0.096,0.098,0.092,0.09,0.084,0.079,0.078,0.075,0.074,0.07,0.066,0.065,0.062,0.061,0.057,0.057,0.057,0.049,0.053,0.048,0.047,0.046,0.043,0.044,0.04,0.039,0.04,0.038,0.038,0.035,0.034,0.037,0.031,0.032,0.035,0.033,0.034,0.03,0.028,0.029,0.03,0.029,0.025,0.029,0.023,0.025,0.024,0.024,0.025,0.024,0.021,0.022,0.021,0.02,0.021,0.02,0.021,0.019,0.022,0.02,0.018

train_acc1
34.64,56.532,66.19,71.616,75.346,78.358,80.076,81.75,82.954,84.322,85.432,86.338,87.264,87.832,88.628,89.156,89.692,90.432,90.812,91.228,91.712,92.192,92.814,92.88,93.006,93.654,93.716,94.144,94.38,94.672,94.98,95.202,95.394,95.552,95.862,95.996,96.122,96.3,96.328,96.794,96.696,96.78,97.122,97.098,97.298,97.318,97.534,97.438,97.646,97.69,97.844,97.744,97.918,97.962,98.188,98.144,98.232,98.222,98.36,98.408,98.444,98.572,98.548,98.606,98.484,98.662,98.698,98.688,98.842,98.79,98.764,98.97,98.862,98.94,98.828,98.874,98.892,99.066,99.126,98.92,99.038,99.104,99.144,99.1,99.192,99.208,99.142,99.158,99.226,99.176,99.32,99.17,99.35,99.246,99.34,99.304,99.294,99.26,99.334,99.352
34.756,56.378,66.552,72.556,75.668,78.5,80.38,81.8,83.37,84.332,85.452,86.218,87.108,87.832,88.41,89.146,89.482,90.382,90.754,91.124,91.794,92.062,92.5,92.792,93.066,93.538,93.768,94.194,94.296,94.666,94.816,94.98,95.322,95.552,95.82,95.914,96.166,96.338,96.284,96.436,96.658,96.832,96.864,97.054,97.212,97.342,97.188,97.5,97.518,97.694,97.706,97.82,97.86,97.95,98.154,98.03,98.212,98.164,98.312,98.294,98.404,98.442,98.432,98.528,98.604,98.724,98.552,98.74,98.682,98.784,98.826,98.864,98.8,98.896,98.908,99.008,99.018,98.884,99.004,99.062,99.038,99.086,98.97,99.038,99.188,99.184,99.166,99.132,99.24,99.272,99.208,99.256,99.308,99.31,99.354,99.27,99.304,99.282,99.3,99.376
33.826,56.078,65.764,71.736,75.166,78.34,80.046,81.456,83.116,84.142,85.38,85.998,86.926,87.704,88.404,89.008,89.652,89.994,90.738,91.142,91.668,91.84,92.378,92.664,93.118,93.498,93.786,93.936,94.43,94.456,94.806,95.052,95.358,95.452,95.558,95.998,96.118,96.282,96.276,96.574,96.52,96.708,96.86,97.048,97.156,97.192,97.354,97.37,97.556,97.622,97.708,97.794,97.766,97.942,97.97,98.044,98.256,98.136,98.32,98.312,98.336,98.476,98.502,98.646,98.566,98.612,98.652,98.656,98.786,98.774,98.738,98.926,98.87,98.764,98.812,98.796,98.944,99.008,98.99,99.0,98.986,99.206,99.0,99.146,99.152,99.166,99.152,99.094,99.118,99.282,99.192,99.238,99.256,99.276,99.34,99.324,99.374,99.244,99.356,99.368

val_acc1
42.7,58.93,70.11,72.99,72.49,71.63,75.89,79.0,76.67,79.66,79.85,83.42,82.02,83.29,81.41,79.18,81.59,83.55,81.29,85.15,84.64,84.01,84.26,86.07,84.63,86.39,84.91,86.87,84.5,86.55,86.4,84.78,85.18,85.81,87.79,86.47,85.27,84.36,86.17,86.51,87.48,86.99,85.24,86.26,86.73,87.31,88.27,86.65,87.16,87.42,88.41,86.13,88.16,88.03,87.19,86.84,88.41,88.23,87.61,87.1,88.34,88.4,89.39,87.1,88.53,86.46,89.18,88.53,89.24,88.93,88.9,88.33,89.33,89.46,88.72,89.21,88.29,89.1,88.94,89.32,89.02,89.63,89.03,88.74,89.2,88.44,88.69,89.32,89.07,87.88,88.76,89.07,89.64,89.24,89.35,89.09,89.4,89.23,89.62,89.82
47.71,57.66,68.93,69.05,70.88,73.05,76.25,79.34,78.74,79.53,80.19,82.01,83.06,83.39,80.97,80.97,85.38,82.54,81.92,85.09,83.94,86.61,84.15,85.17,85.08,87.21,86.48,83.21,86.79,84.69,87.17,86.49,85.95,87.15,86.83,85.95,86.2,86.9,80.14,87.69,87.21,88.31,87.75,87.49,86.57,87.56,86.76,87.15,86.0,88.22,87.48,87.32,88.32,87.78,86.37,88.73,88.64,88.62,88.17,88.7,89.35,88.0,88.65,88.62,89.58,88.79,88.24,88.57,89.22,88.81,89.13,88.8,88.47,89.86,89.3,89.26,88.93,88.22,89.56,88.36,89.8,89.03,89.0,89.32,89.39,89.45,89.37,89.55,89.24,89.57,89.27,89.47,89.45,88.94,89.57,89.68,89.19,89.21,89.55,89.14
43.18,59.53,66.58,68.44,69.31,73.55,73.85,79.82,80.27,78.7,77.19,83.93,81.03,82.71,84.32,80.77,84.62,84.54,83.23,85.99,80.06,83.3,82.67,85.82,85.39,86.01,86.25,84.87,85.93,77.1,86.17,86.62,86.49,87.28,87.9,86.87,84.66,86.11,86.33,87.39,86.85,87.57,88.11,87.6,87.11,87.61,88.21,87.43,87.48,88.18,87.6,85.67,88.02,88.22,88.47,88.64,88.16,88.01,88.27,87.23,86.9,87.92,88.5,88.32,88.83,88.55,88.98,88.72,89.24,88.08,88.92,88.62,89.22,88.12,88.65,88.86,88.83,89.69,88.63,89.09,89.02,88.72,89.4,89.4,89.25,89.21,88.84,89.49,89.43,89.73,88.79,89.26,89.9,88.48,89.36,88.18,89.74,90.16,89.39,89.62

val_loss
1.711,1.154,0.852,0.782,0.793,0.854,0.714,0.612,0.724,0.593,0.636,0.498,0.552,0.509,0.574,0.67,0.584,0.52,0.609,0.459,0.49,0.515,0.537,0.462,0.518,0.438,0.5,0.437,0.547,0.446,0.497,0.551,0.557,0.517,0.446,0.488,0.571,0.62,0.535,0.51,0.46,0.497,0.607,0.563,0.549,0.485,0.462,0.557,0.544,0.516,0.477,0.617,0.509,0.507,0.581,0.61,0.504,0.512,0.557,0.563,0.532,0.543,0.5,0.637,0.516,0.643,0.478,0.523,0.5,0.546,0.542,0.559,0.515,0.489,0.571,0.524,0.57,0.549,0.544,0.51,0.538,0.533,0.55,0.54,0.56,0.585,0.583,0.54,0.55,0.618,0.574,0.586,0.538,0.542,0.554,0.57,0.554,0.593,0.549,0.532
1.501,1.182,0.898,0.931,0.84,0.805,0.701,0.595,0.646,0.619,0.601,0.557,0.515,0.485,0.593,0.593,0.438,0.565,0.618,0.481,0.505,0.416,0.534,0.498,0.501,0.413,0.464,0.587,0.453,0.53,0.438,0.484,0.496,0.472,0.478,0.504,0.528,0.501,0.937,0.51,0.48,0.448,0.497,0.508,0.549,0.473,0.546,0.527,0.573,0.465,0.526,0.547,0.495,0.521,0.626,0.485,0.506,0.493,0.502,0.484,0.455,0.527,0.514,0.518,0.496,0.51,0.557,0.545,0.501,0.561,0.518,0.543,0.547,0.489,0.513,0.514,0.549,0.566,0.515,0.573,0.503,0.564,0.546,0.5,0.524,0.525,0.556,0.52,0.543,0.523,0.54,0.555,0.551,0.568,0.537,0.53,0.584,0.57,0.536,0.567
1.601,1.175,0.969,0.956,0.884,0.805,0.779,0.58,0.603,0.622,0.71,0.485,0.581,0.523,0.467,0.617,0.478,0.478,0.548,0.43,0.666,0.544,0.588,0.445,0.51,0.47,0.465,0.506,0.485,1.045,0.471,0.464,0.474,0.48,0.43,0.468,0.63,0.547,0.509,0.516,0.517,0.495,0.484,0.502,0.532,0.501,0.493,0.526,0.485,0.517,0.531,0.664,0.513,0.494,0.515,0.495,0.54,0.535,0.513,0.604,0.593,0.568,0.529,0.533,0.523,0.532,0.484,0.515,0.495,0.597,0.547,0.573,0.523,0.593,0.545,0.509,0.55,0.523,0.569,0.531,0.557,0.565,0.528,0.549,0.555,0.527,0.558,0.529,0.552,0.523,0.581,0.552,0.528,0.62,0.567,0.625,0.556,0.525,0.549,0.533

learning_rate
0.05,0.05,0.05,0.05,0.05,0.05,0.05,0.05,0.05,0.05,0.05,0.05,0.05,0.05,0.05,0.05,0.05,0.05,0.05,0.05,0.05,0.05,0.05,0.05,0.05,0.05,0.05,0.05,0.05,0.05,0.05,0.05,0.05,0.05,0.05,0.05,0.05,0.05,0.05,0.05,0.05,0.05,0.05,0.05,0.05,0.05,0.05,0.05,0.05,0.05,0.05,0.05,0.05,0.05,0.05,0.05,0.05,0.05,0.05,0.05,0.05,0.05,0.05,0.05,0.05,0.05,0.05,0.05,0.05,0.05,0.05,0.05,0.05,0.05,0.05,0.05,0.05,0.05,0.05,0.05,0.05,0.05,0.05,0.05,0.05,0.05,0.05,0.05,0.05,0.05,0.05,0.05,0.05,0.05,0.05,0.05,0.05,0.05,0.05,0.05
0.05,0.05,0.05,0.05,0.05,0.05,0.05,0.05,0.05,0.05,0.05,0.05,0.05,0.05,0.05,0.05,0.05,0.05,0.05,0.05,0.05,0.05,0.05,0.05,0.05,0.05,0.05,0.05,0.05,0.05,0.05,0.05,0.05,0.05,0.05,0.05,0.05,0.05,0.05,0.05,0.05,0.05,0.05,0.05,0.05,0.05,0.05,0.05,0.05,0.05,0.05,0.05,0.05,0.05,0.05,0.05,0.05,0.05,0.05,0.05,0.05,0.05,0.05,0.05,0.05,0.05,0.05,0.05,0.05,0.05,0.05,0.05,0.05,0.05,0.05,0.05,0.05,0.05,0.05,0.05,0.05,0.05,0.05,0.05,0.05,0.05,0.05,0.05,0.05,0.05,0.05,0.05,0.05,0.05,0.05,0.05,0.05,0.05,0.05,0.05
0.05,0.05,0.05,0.05,0.05,0.05,0.05,0.05,0.05,0.05,0.05,0.05,0.05,0.05,0.05,0.05,0.05,0.05,0.05,0.05,0.05,0.05,0.05,0.05,0.05,0.05,0.05,0.05,0.05,0.05,0.05,0.05,0.05,0.05,0.05,0.05,0.05,0.05,0.05,0.05,0.05,0.05,0.05,0.05,0.05,0.05,0.05,0.05,0.05,0.05,0.05,0.05,0.05,0.05,0.05,0.05,0.05,0.05,0.05,0.05,0.05,0.05,0.05,0.05,0.05,0.05,0.05,0.05,0.05,0.05,0.05,0.05,0.05,0.05,0.05,0.05,0.05,0.05,0.05,0.05,0.05,0.05,0.05,0.05,0.05,0.05,0.05,0.05,0.05,0.05,0.05,0.05,0.05,0.05,0.05,0.05,0.05,0.05,0.05,0.05

