parameters
sgd_lr:0.25
sgd_momentum:0.9
sgd_weight_decay:0
sgd_dampening:0
sgd_nesterov:False
architecture:vgg19bn_
dataset:cifar10
combine_datasets:False
do_validation_set:False
epochs:100
batch_size:128
test_set_split:0.1666667
validation_set_split:0.0
reduce_train_set:1
executions:3
base_seed:42
training_method:sgd
learning_method:constant

train_loss
2.704,2.307,2.307,2.307,2.307,2.308,2.307,2.308,2.307,2.307,2.307,2.307,2.307,2.307,2.307,2.307,2.307,2.307,2.307,2.307,2.306,2.307,2.307,2.307,2.307,2.307,2.307,2.307,2.307,2.308,2.307,2.307,2.307,2.307,2.307,2.307,2.307,2.307,2.308,2.307,2.307,2.308,2.307,2.307,2.307,2.307,2.307,2.308,2.306,2.308,2.307,2.307,2.307,2.307,2.307,2.307,2.307,2.307,2.307,2.307,2.307,2.307,2.307,2.307,2.308,2.307,2.307,2.307,2.307,2.307,2.308,2.307,2.307,2.308,2.306,2.308,2.307,2.307,2.306,2.307,2.306,2.307,2.307,2.307,2.307,2.307,2.307,2.308,2.307,2.307,2.308,2.307,2.307,2.307,2.308,2.307,2.308,2.307,2.307,2.307
2.583,2.229,2.102,2.02,1.961,1.926,1.906,1.895,1.887,1.869,1.852,1.841,1.837,1.802,1.787,1.749,1.737,1.706,1.707,1.685,1.663,1.625,1.623,1.61,1.586,1.571,1.557,1.478,1.338,1.234,1.16,1.063,0.93,0.892,0.834,0.763,0.736,0.705,0.672,0.643,0.628,0.592,0.563,0.542,0.52,0.5,0.482,0.466,0.438,0.441,0.41,0.385,0.37,0.359,0.348,0.333,0.319,0.31,0.292,0.288,0.275,0.261,0.254,0.247,0.234,0.234,0.224,0.218,0.206,0.202,0.199,0.185,0.18,0.178,0.168,0.171,0.157,0.148,0.15,0.145,0.135,0.132,0.132,0.125,0.123,0.119,0.114,0.109,0.108,0.104,0.096,0.099,0.096,0.095,0.091,0.084,0.085,0.087,0.08,0.079
2.566,2.304,2.303,2.302,2.3,2.299,2.292,2.218,2.067,1.967,1.921,1.907,1.898,1.886,1.883,1.861,1.846,1.819,1.81,1.788,1.766,1.742,1.728,1.702,1.668,1.649,1.641,1.613,1.622,1.576,1.573,1.562,1.548,1.52,1.536,1.501,1.492,1.481,1.478,1.466,1.441,1.424,1.427,1.41,1.385,1.414,1.388,1.404,1.355,1.363,1.342,1.376,1.334,1.321,1.305,1.307,1.302,1.3,1.279,1.248,1.282,1.235,1.238,1.236,1.208,1.188,1.2,1.154,1.154,1.158,1.164,1.152,1.131,1.149,1.128,1.15,1.089,1.112,1.135,1.079,1.109,1.088,1.039,1.007,1.042,1.025,1.023,1.023,1.004,1.043,0.998,1.024,1.048,0.988,0.976,0.996,0.965,1.001,0.918,0.992

train_acc1
10.1,10.044,10.33,9.896,9.846,10.246,9.72,9.732,9.932,10.04,10.058,9.92,9.792,10.04,9.652,9.886,9.888,9.9,10.08,10.058,10.11,9.97,9.816,10.004,9.924,10.014,9.988,10.018,9.848,9.992,10.03,9.638,10.31,10.054,10.304,9.844,10.188,10.088,9.77,9.958,9.896,9.712,9.894,10.08,9.944,9.914,9.9,9.954,9.994,9.926,10.128,9.872,9.992,9.91,10.126,10.192,10.028,10.076,9.806,9.848,9.916,9.844,10.058,9.978,9.862,9.92,9.948,10.014,9.856,9.988,9.914,10.112,9.938,9.758,9.85,9.498,9.882,9.874,9.886,9.904,10.238,9.838,9.98,9.912,10.084,10.244,9.912,9.81,10.03,10.072,9.94,10.096,9.992,10.194,9.846,10.188,9.98,9.908,10.02,10.02
11.224,13.344,18.272,19.532,19.788,20.828,21.494,21.602,22.612,23.402,24.402,25.152,25.816,27.894,28.348,30.158,30.21,31.764,31.63,31.89,32.946,34.04,34.32,35.154,35.854,36.958,36.79,41.448,49.83,54.882,58.526,62.138,67.302,69.172,71.748,74.366,75.432,76.582,77.816,78.896,79.526,80.628,81.714,82.42,83.028,83.908,84.404,85.072,85.974,85.894,86.87,87.58,87.956,88.308,88.766,89.098,89.568,89.982,90.572,90.594,90.964,91.408,91.626,92.04,92.314,92.422,92.784,92.86,93.294,93.408,93.58,93.958,94.076,94.124,94.482,94.406,94.936,95.178,95.102,95.3,95.574,95.716,95.712,95.952,95.936,96.132,96.302,96.484,96.476,96.546,96.898,96.762,96.912,96.904,97.116,97.232,97.302,97.11,97.406,97.412
10.168,10.378,10.92,10.558,10.69,10.552,11.094,13.754,18.674,20.354,20.742,21.274,21.58,22.132,22.6,23.658,24.944,26.672,27.81,28.218,29.292,30.0,30.68,31.438,32.808,33.274,33.436,34.688,34.202,35.704,35.946,36.166,37.15,38.26,37.782,38.924,39.384,39.55,39.478,40.32,41.112,41.592,41.926,42.326,44.198,42.706,43.638,42.936,45.382,45.204,46.0,45.544,46.368,46.954,47.972,49.786,49.21,50.574,51.828,53.22,51.85,53.802,53.744,54.088,55.238,56.538,55.796,59.312,58.028,57.616,58.0,58.218,59.396,59.826,59.866,57.988,60.746,59.732,60.246,61.986,61.542,61.406,63.342,64.844,63.522,64.83,64.196,64.38,64.428,64.244,65.516,64.146,63.912,66.204,66.886,65.662,66.056,65.522,68.092,65.866

val_acc1
10.01,10.0,10.0,10.0,10.02,10.02,10.01,10.0,10.06,9.88,9.98,10.0,9.8,10.01,10.0,10.01,10.0,10.0,9.86,10.0,10.03,9.77,10.0,10.02,10.04,10.01,10.0,10.11,10.01,10.05,10.0,9.84,10.03,9.86,10.01,10.0,10.11,9.98,9.89,10.01,10.0,10.0,10.0,10.0,10.02,10.0,9.95,10.01,10.0,10.0,10.01,10.01,10.04,9.88,10.0,10.03,10.04,10.05,10.04,10.02,10.0,10.0,10.0,10.06,10.0,9.85,10.0,10.0,9.99,9.99,10.04,10.0,10.02,10.01,10.0,10.0,10.0,10.0,10.0,10.0,10.0,10.01,10.0,10.05,10.0,10.0,10.0,10.03,10.09,9.88,10.02,10.03,10.03,10.0,10.03,10.0,10.02,10.05,10.0,9.98
10.0,17.2,19.77,18.2,20.95,22.34,19.48,20.37,20.79,24.77,23.8,24.41,25.89,29.78,24.6,29.55,32.84,32.31,30.49,25.39,33.1,33.61,35.53,39.12,37.63,32.91,39.28,47.54,51.63,58.82,53.36,64.24,63.52,66.29,74.22,72.31,75.83,74.14,78.46,76.7,77.36,79.11,79.61,79.03,80.72,81.54,82.49,83.35,81.95,81.83,83.79,83.44,83.19,82.93,84.09,84.11,85.43,84.81,85.17,85.15,85.53,84.02,84.98,85.84,85.73,85.05,85.21,85.15,85.63,86.56,86.83,86.2,86.83,84.89,86.62,85.75,86.35,86.48,85.32,86.14,87.29,86.64,86.6,87.13,86.28,86.79,86.58,86.79,86.78,87.11,87.3,87.07,87.39,86.5,87.38,86.34,86.93,86.51,88.23,87.4
10.18,10.92,10.0,10.3,10.62,11.33,11.05,17.78,19.37,22.53,20.43,22.75,22.11,23.96,23.14,23.91,25.67,30.16,26.01,18.13,34.75,30.99,31.76,36.08,35.93,31.47,37.82,36.02,37.76,37.77,38.46,37.14,39.04,40.74,41.34,37.66,40.33,35.41,43.77,42.49,43.51,41.92,40.45,49.56,43.57,46.96,38.52,42.2,41.07,47.2,44.87,50.83,48.62,48.04,50.01,52.8,53.54,56.46,52.41,39.0,35.29,61.57,58.93,46.54,48.94,37.95,47.46,61.98,58.68,57.21,52.62,58.11,61.46,47.26,41.62,57.01,62.75,46.75,62.88,63.18,63.53,63.73,61.17,64.94,64.87,64.98,58.03,65.53,65.26,59.44,64.6,65.68,67.18,64.03,55.25,65.63,65.29,58.51,67.72,66.1

val_loss
2.304,2.306,2.307,2.306,2.31,2.304,2.306,2.306,2.306,2.303,2.304,2.304,2.308,2.305,2.308,2.306,2.306,2.305,2.304,2.304,2.308,2.305,2.306,2.306,2.306,2.309,2.307,2.306,2.309,2.307,2.306,2.305,2.306,2.307,2.307,2.305,2.307,2.31,2.307,2.31,2.308,2.305,2.305,2.303,2.311,2.305,2.307,2.304,2.311,2.31,2.308,2.305,2.31,2.308,2.31,2.308,2.304,2.308,2.305,2.31,2.306,2.305,2.311,2.308,2.307,2.308,2.307,2.305,2.305,2.306,2.305,2.306,2.304,2.309,2.305,2.305,2.305,2.309,2.307,2.304,2.307,2.305,2.308,2.31,2.303,2.312,2.306,2.304,2.311,2.307,2.306,2.307,2.304,2.306,2.307,2.307,2.307,2.304,2.306,2.307
2.285,2.14,2.094,1.975,1.905,1.9,1.982,1.9,1.973,1.87,1.859,1.85,1.881,1.768,1.979,1.721,1.677,1.685,1.692,1.768,1.671,1.674,1.615,1.549,1.593,1.669,1.536,1.392,1.337,1.171,1.397,1.064,1.053,1.09,0.785,0.843,0.754,0.81,0.693,0.729,0.744,0.682,0.676,0.678,0.625,0.6,0.562,0.552,0.595,0.601,0.525,0.539,0.57,0.553,0.542,0.534,0.497,0.498,0.502,0.505,0.499,0.576,0.543,0.494,0.505,0.513,0.529,0.547,0.497,0.494,0.487,0.486,0.493,0.59,0.491,0.538,0.521,0.525,0.579,0.517,0.503,0.546,0.525,0.516,0.555,0.531,0.573,0.538,0.54,0.532,0.555,0.513,0.56,0.541,0.512,0.593,0.573,0.563,0.515,0.538
2.304,2.302,2.302,2.303,2.305,2.287,2.271,2.124,2.001,1.921,1.956,1.871,1.871,1.828,1.842,1.859,1.784,1.779,1.879,2.032,1.799,1.941,1.665,1.656,1.667,1.628,1.638,1.566,1.743,1.593,1.526,1.584,1.578,1.503,2.022,1.546,1.504,1.775,1.423,1.445,1.478,1.465,1.513,1.436,1.399,1.433,1.424,1.369,1.441,1.435,1.388,1.444,1.308,1.334,1.352,1.4,1.278,1.35,1.384,1.441,1.572,1.316,1.229,1.45,1.345,1.423,1.435,1.288,1.252,1.394,1.319,1.28,1.206,1.47,1.642,1.324,1.205,1.552,1.184,1.185,1.334,1.214,1.238,1.214,1.196,1.303,1.372,1.277,1.357,1.228,1.204,1.546,1.267,1.267,1.533,1.223,1.215,1.464,1.201,1.204

learning_rate
0.25,0.25,0.25,0.25,0.25,0.25,0.25,0.25,0.25,0.25,0.25,0.25,0.25,0.25,0.25,0.25,0.25,0.25,0.25,0.25,0.25,0.25,0.25,0.25,0.25,0.25,0.25,0.25,0.25,0.25,0.25,0.25,0.25,0.25,0.25,0.25,0.25,0.25,0.25,0.25,0.25,0.25,0.25,0.25,0.25,0.25,0.25,0.25,0.25,0.25,0.25,0.25,0.25,0.25,0.25,0.25,0.25,0.25,0.25,0.25,0.25,0.25,0.25,0.25,0.25,0.25,0.25,0.25,0.25,0.25,0.25,0.25,0.25,0.25,0.25,0.25,0.25,0.25,0.25,0.25,0.25,0.25,0.25,0.25,0.25,0.25,0.25,0.25,0.25,0.25,0.25,0.25,0.25,0.25,0.25,0.25,0.25,0.25,0.25,0.25
0.25,0.25,0.25,0.25,0.25,0.25,0.25,0.25,0.25,0.25,0.25,0.25,0.25,0.25,0.25,0.25,0.25,0.25,0.25,0.25,0.25,0.25,0.25,0.25,0.25,0.25,0.25,0.25,0.25,0.25,0.25,0.25,0.25,0.25,0.25,0.25,0.25,0.25,0.25,0.25,0.25,0.25,0.25,0.25,0.25,0.25,0.25,0.25,0.25,0.25,0.25,0.25,0.25,0.25,0.25,0.25,0.25,0.25,0.25,0.25,0.25,0.25,0.25,0.25,0.25,0.25,0.25,0.25,0.25,0.25,0.25,0.25,0.25,0.25,0.25,0.25,0.25,0.25,0.25,0.25,0.25,0.25,0.25,0.25,0.25,0.25,0.25,0.25,0.25,0.25,0.25,0.25,0.25,0.25,0.25,0.25,0.25,0.25,0.25,0.25
0.25,0.25,0.25,0.25,0.25,0.25,0.25,0.25,0.25,0.25,0.25,0.25,0.25,0.25,0.25,0.25,0.25,0.25,0.25,0.25,0.25,0.25,0.25,0.25,0.25,0.25,0.25,0.25,0.25,0.25,0.25,0.25,0.25,0.25,0.25,0.25,0.25,0.25,0.25,0.25,0.25,0.25,0.25,0.25,0.25,0.25,0.25,0.25,0.25,0.25,0.25,0.25,0.25,0.25,0.25,0.25,0.25,0.25,0.25,0.25,0.25,0.25,0.25,0.25,0.25,0.25,0.25,0.25,0.25,0.25,0.25,0.25,0.25,0.25,0.25,0.25,0.25,0.25,0.25,0.25,0.25,0.25,0.25,0.25,0.25,0.25,0.25,0.25,0.25,0.25,0.25,0.25,0.25,0.25,0.25,0.25,0.25,0.25,0.25,0.25

