parameters
sgd_lr:0.01
sgd_momentum:0
sgd_weight_decay:0
sgd_dampening:0
sgd_nesterov:False
architecture:vgg19bn_
dataset:cifar10
combine_datasets:False
do_validation_set:False
epochs:100
batch_size:128
test_set_split:0.1666667
validation_set_split:0.0
reduce_train_set:1
executions:3
base_seed:42
training_method:sgd
learning_method:constant

train_loss
1.808,1.415,1.226,1.09,0.997,0.911,0.844,0.785,0.736,0.696,0.657,0.624,0.596,0.569,0.549,0.529,0.514,0.49,0.474,0.456,0.44,0.43,0.408,0.397,0.389,0.372,0.362,0.35,0.338,0.325,0.316,0.305,0.297,0.292,0.28,0.268,0.257,0.25,0.243,0.239,0.23,0.22,0.216,0.211,0.204,0.199,0.19,0.186,0.172,0.175,0.169,0.161,0.161,0.151,0.15,0.146,0.137,0.137,0.132,0.124,0.124,0.114,0.117,0.113,0.111,0.103,0.106,0.1,0.097,0.092,0.096,0.092,0.086,0.085,0.078,0.08,0.076,0.074,0.075,0.073,0.068,0.068,0.07,0.066,0.063,0.062,0.062,0.06,0.056,0.055,0.052,0.055,0.052,0.053,0.052,0.052,0.047,0.049,0.047,0.042
1.801,1.396,1.209,1.08,0.977,0.892,0.829,0.775,0.73,0.686,0.648,0.619,0.595,0.567,0.54,0.523,0.502,0.483,0.463,0.449,0.434,0.42,0.403,0.39,0.379,0.365,0.355,0.338,0.33,0.322,0.309,0.3,0.291,0.283,0.277,0.263,0.252,0.247,0.24,0.23,0.227,0.216,0.214,0.204,0.201,0.197,0.186,0.183,0.178,0.17,0.166,0.16,0.154,0.148,0.143,0.146,0.138,0.134,0.132,0.121,0.118,0.114,0.11,0.111,0.111,0.106,0.101,0.099,0.092,0.097,0.088,0.085,0.088,0.087,0.082,0.081,0.077,0.074,0.07,0.07,0.068,0.068,0.064,0.064,0.064,0.061,0.06,0.058,0.054,0.055,0.051,0.054,0.053,0.048,0.048,0.051,0.049,0.046,0.047,0.044
1.829,1.408,1.22,1.091,0.996,0.907,0.849,0.791,0.744,0.702,0.663,0.635,0.608,0.582,0.56,0.538,0.519,0.499,0.481,0.461,0.446,0.435,0.418,0.403,0.392,0.382,0.37,0.355,0.343,0.335,0.324,0.318,0.302,0.299,0.284,0.277,0.264,0.257,0.251,0.24,0.237,0.229,0.224,0.215,0.208,0.206,0.196,0.189,0.184,0.179,0.176,0.169,0.167,0.159,0.153,0.143,0.145,0.138,0.135,0.127,0.125,0.12,0.12,0.117,0.11,0.107,0.106,0.105,0.099,0.098,0.095,0.089,0.092,0.084,0.083,0.083,0.082,0.076,0.075,0.075,0.072,0.069,0.073,0.065,0.066,0.063,0.062,0.057,0.056,0.057,0.052,0.058,0.053,0.049,0.05,0.048,0.05,0.051,0.05,0.044

train_acc1
30.892,47.544,55.566,60.544,64.118,67.454,70.076,72.096,73.91,75.352,76.71,77.878,79.024,80.028,80.768,81.602,81.976,82.768,83.288,84.11,84.552,84.838,85.658,86.142,86.42,86.934,87.324,87.592,88.098,88.464,88.728,89.27,89.436,89.592,90.17,90.598,90.908,91.22,91.4,91.592,91.822,92.236,92.472,92.692,92.754,93.032,93.218,93.446,94.014,93.766,93.992,94.282,94.188,94.702,94.714,94.82,95.034,95.19,95.354,95.574,95.592,95.974,95.842,96.004,96.06,96.386,96.28,96.554,96.596,96.698,96.57,96.708,96.882,97.004,97.196,97.254,97.37,97.322,97.292,97.338,97.588,97.58,97.458,97.58,97.744,97.848,97.828,97.964,98.05,98.088,98.184,98.046,98.152,98.098,98.146,98.136,98.332,98.264,98.37,98.482
31.494,48.204,55.954,61.312,65.068,68.314,70.584,72.522,74.202,75.834,77.162,78.19,79.118,79.972,80.92,81.548,82.226,83.096,83.748,84.278,84.738,85.178,85.888,86.208,86.802,87.122,87.406,88.114,88.402,88.824,89.08,89.306,89.748,90.05,90.254,90.786,91.076,91.33,91.456,91.844,91.908,92.28,92.32,92.818,92.842,93.084,93.372,93.554,93.672,93.994,94.204,94.33,94.49,94.738,94.902,94.822,95.122,95.254,95.262,95.726,95.842,95.986,96.076,96.116,96.006,96.162,96.42,96.472,96.66,96.596,96.834,96.974,96.81,96.916,97.132,97.1,97.234,97.408,97.548,97.606,97.594,97.626,97.776,97.794,97.668,97.862,97.886,97.996,98.106,98.016,98.148,98.06,98.08,98.332,98.296,98.222,98.206,98.358,98.388,98.47
29.97,47.924,55.574,60.452,64.418,67.738,69.844,71.864,73.596,75.166,76.41,77.628,78.536,79.538,80.268,81.202,81.676,82.588,83.092,83.632,84.5,84.658,85.222,85.828,86.26,86.446,86.976,87.69,87.806,88.15,88.568,88.712,89.264,89.512,89.94,90.25,90.664,90.856,91.23,91.516,91.65,91.922,91.874,92.328,92.592,92.67,93.106,93.322,93.556,93.648,93.802,93.858,94.018,94.336,94.588,94.968,94.822,95.128,95.232,95.508,95.578,95.776,95.69,95.812,96.062,96.144,96.166,96.338,96.454,96.534,96.67,96.818,96.664,97.034,96.938,97.064,97.106,97.284,97.416,97.374,97.458,97.558,97.366,97.686,97.674,97.818,97.86,97.986,98.052,97.986,98.138,98.02,98.08,98.268,98.238,98.342,98.264,98.2,98.236,98.41

val_acc1
43.24,52.55,56.68,57.87,64.55,64.55,69.14,71.0,71.36,71.6,71.53,76.03,76.55,77.47,77.12,70.93,77.94,77.06,78.68,80.79,78.04,80.38,79.23,81.12,81.66,81.54,82.37,82.02,82.09,81.94,83.54,82.41,82.27,83.59,82.6,82.34,83.42,80.44,83.49,84.2,84.13,83.9,84.05,82.93,82.38,84.1,82.71,83.33,83.24,83.26,83.31,82.57,81.83,84.5,83.43,83.39,83.83,84.61,84.64,84.83,83.49,84.32,85.08,84.81,84.47,83.56,84.61,84.48,83.75,84.85,85.34,84.25,84.67,85.31,85.96,86.04,83.26,85.0,85.26,85.69,85.41,85.49,85.41,85.59,85.98,85.09,84.79,86.04,86.0,85.48,85.16,86.02,86.01,85.87,85.47,84.9,86.08,86.64,86.27,85.85
42.84,53.58,57.48,59.31,64.06,65.77,70.04,72.35,74.1,70.92,75.35,76.97,76.51,77.94,77.14,75.54,77.56,78.67,78.62,80.39,80.23,81.25,79.17,81.71,82.1,81.95,82.42,82.66,82.45,82.04,82.86,81.32,82.53,83.44,83.32,83.48,83.67,80.18,81.61,83.85,83.64,83.89,83.94,82.09,82.83,84.13,84.3,82.56,84.6,84.18,84.86,84.42,83.86,84.63,83.3,83.98,85.15,84.58,84.71,84.71,85.53,86.0,85.04,83.73,84.98,84.35,85.73,84.82,85.72,85.47,85.92,85.29,85.27,86.04,85.48,86.21,86.02,85.45,85.93,86.04,85.82,84.94,85.58,86.43,86.54,86.09,86.0,85.81,85.53,85.87,86.34,85.31,85.46,85.99,85.72,86.0,85.79,84.37,85.58,86.18
43.48,49.12,59.29,59.74,64.6,68.41,67.0,70.11,70.56,72.73,75.22,76.13,76.3,78.96,77.7,76.0,79.69,78.38,75.96,80.01,78.4,81.86,80.18,81.68,81.66,80.74,81.24,79.01,82.04,80.3,83.2,82.31,81.72,83.31,84.07,82.18,83.72,82.08,81.56,83.0,83.2,83.93,83.49,82.81,82.0,83.93,84.41,83.92,82.82,83.93,83.18,83.95,82.99,83.85,83.1,84.12,84.24,84.81,84.73,83.52,85.2,84.72,84.53,84.36,84.17,84.58,84.05,84.04,84.97,85.1,85.32,84.54,84.02,85.26,84.19,85.34,85.17,84.74,84.96,85.4,84.77,84.77,85.22,84.43,85.44,85.75,85.32,85.06,84.86,85.64,84.74,85.74,85.76,85.08,85.58,85.9,85.33,85.78,86.14,85.98

val_loss
1.515,1.286,1.189,1.22,0.983,1.02,0.863,0.825,0.836,0.806,0.82,0.68,0.679,0.643,0.663,0.859,0.647,0.673,0.629,0.569,0.655,0.567,0.638,0.574,0.552,0.559,0.528,0.563,0.535,0.547,0.507,0.551,0.562,0.542,0.553,0.564,0.534,0.652,0.534,0.519,0.523,0.532,0.539,0.574,0.64,0.529,0.609,0.576,0.588,0.581,0.591,0.63,0.695,0.56,0.627,0.632,0.609,0.57,0.564,0.579,0.631,0.581,0.565,0.61,0.624,0.651,0.627,0.615,0.669,0.612,0.605,0.658,0.631,0.613,0.586,0.593,0.709,0.617,0.619,0.595,0.621,0.627,0.634,0.621,0.618,0.662,0.669,0.61,0.629,0.654,0.69,0.637,0.634,0.624,0.676,0.737,0.652,0.625,0.627,0.673
1.551,1.262,1.163,1.148,1.028,0.99,0.842,0.789,0.739,0.837,0.711,0.673,0.684,0.634,0.681,0.734,0.659,0.629,0.636,0.589,0.585,0.562,0.632,0.557,0.559,0.542,0.536,0.53,0.539,0.544,0.525,0.581,0.565,0.541,0.531,0.531,0.526,0.673,0.607,0.558,0.558,0.526,0.565,0.615,0.573,0.543,0.533,0.62,0.538,0.575,0.537,0.582,0.613,0.556,0.648,0.603,0.564,0.572,0.578,0.584,0.556,0.538,0.584,0.666,0.594,0.63,0.594,0.62,0.585,0.606,0.569,0.625,0.608,0.584,0.601,0.594,0.604,0.612,0.616,0.581,0.622,0.689,0.636,0.587,0.606,0.614,0.632,0.628,0.651,0.615,0.648,0.708,0.712,0.649,0.677,0.671,0.684,0.789,0.65,0.638
1.482,1.416,1.135,1.191,1.0,0.879,0.949,0.857,0.881,0.784,0.714,0.696,0.691,0.607,0.653,0.704,0.603,0.647,0.722,0.59,0.66,0.55,0.606,0.552,0.565,0.586,0.561,0.658,0.543,0.605,0.525,0.558,0.595,0.536,0.515,0.579,0.519,0.591,0.609,0.577,0.56,0.529,0.566,0.576,0.623,0.544,0.53,0.559,0.598,0.569,0.608,0.583,0.64,0.578,0.652,0.612,0.586,0.562,0.59,0.634,0.587,0.6,0.605,0.607,0.626,0.605,0.65,0.634,0.601,0.607,0.593,0.639,0.665,0.627,0.693,0.625,0.607,0.644,0.657,0.624,0.676,0.678,0.651,0.688,0.665,0.631,0.676,0.676,0.715,0.651,0.734,0.654,0.687,0.695,0.695,0.676,0.736,0.703,0.648,0.676

learning_rate
0.01,0.01,0.01,0.01,0.01,0.01,0.01,0.01,0.01,0.01,0.01,0.01,0.01,0.01,0.01,0.01,0.01,0.01,0.01,0.01,0.01,0.01,0.01,0.01,0.01,0.01,0.01,0.01,0.01,0.01,0.01,0.01,0.01,0.01,0.01,0.01,0.01,0.01,0.01,0.01,0.01,0.01,0.01,0.01,0.01,0.01,0.01,0.01,0.01,0.01,0.01,0.01,0.01,0.01,0.01,0.01,0.01,0.01,0.01,0.01,0.01,0.01,0.01,0.01,0.01,0.01,0.01,0.01,0.01,0.01,0.01,0.01,0.01,0.01,0.01,0.01,0.01,0.01,0.01,0.01,0.01,0.01,0.01,0.01,0.01,0.01,0.01,0.01,0.01,0.01,0.01,0.01,0.01,0.01,0.01,0.01,0.01,0.01,0.01,0.01
0.01,0.01,0.01,0.01,0.01,0.01,0.01,0.01,0.01,0.01,0.01,0.01,0.01,0.01,0.01,0.01,0.01,0.01,0.01,0.01,0.01,0.01,0.01,0.01,0.01,0.01,0.01,0.01,0.01,0.01,0.01,0.01,0.01,0.01,0.01,0.01,0.01,0.01,0.01,0.01,0.01,0.01,0.01,0.01,0.01,0.01,0.01,0.01,0.01,0.01,0.01,0.01,0.01,0.01,0.01,0.01,0.01,0.01,0.01,0.01,0.01,0.01,0.01,0.01,0.01,0.01,0.01,0.01,0.01,0.01,0.01,0.01,0.01,0.01,0.01,0.01,0.01,0.01,0.01,0.01,0.01,0.01,0.01,0.01,0.01,0.01,0.01,0.01,0.01,0.01,0.01,0.01,0.01,0.01,0.01,0.01,0.01,0.01,0.01,0.01
0.01,0.01,0.01,0.01,0.01,0.01,0.01,0.01,0.01,0.01,0.01,0.01,0.01,0.01,0.01,0.01,0.01,0.01,0.01,0.01,0.01,0.01,0.01,0.01,0.01,0.01,0.01,0.01,0.01,0.01,0.01,0.01,0.01,0.01,0.01,0.01,0.01,0.01,0.01,0.01,0.01,0.01,0.01,0.01,0.01,0.01,0.01,0.01,0.01,0.01,0.01,0.01,0.01,0.01,0.01,0.01,0.01,0.01,0.01,0.01,0.01,0.01,0.01,0.01,0.01,0.01,0.01,0.01,0.01,0.01,0.01,0.01,0.01,0.01,0.01,0.01,0.01,0.01,0.01,0.01,0.01,0.01,0.01,0.01,0.01,0.01,0.01,0.01,0.01,0.01,0.01,0.01,0.01,0.01,0.01,0.01,0.01,0.01,0.01,0.01

