parameters
sgd_lr:1
sgd_momentum:0.9
sgd_weight_decay:0
sgd_dampening:0
sgd_nesterov:False
architecture:vgg19bn_
dataset:cifar10
combine_datasets:False
do_validation_set:False
epochs:100
batch_size:128
test_set_split:0.1666667
validation_set_split:0.0
reduce_train_set:1
executions:3
base_seed:42
training_method:sgd
learning_method:constant

train_loss
2.76,2.321,2.321,2.322,2.32,2.323,2.32,2.323,2.319,2.321,2.319,2.321,2.32,2.32,2.323,2.324,2.32,2.322,2.32,2.32,2.321,2.32,2.322,2.321,2.319,2.32,2.323,2.32,2.321,2.323,2.319,2.321,2.318,2.323,2.323,2.321,2.32,2.319,2.322,2.321,2.32,2.322,2.32,2.322,2.32,2.322,2.321,2.321,2.319,2.322,2.32,2.321,2.32,2.322,2.319,2.319,2.319,2.32,2.319,2.323,2.325,2.319,2.324,2.321,2.321,2.319,2.321,2.319,2.32,2.32,2.322,2.319,2.319,2.321,2.321,2.323,2.321,2.321,2.319,2.323,2.321,2.319,2.321,2.319,2.322,2.323,2.319,2.321,2.322,2.321,2.321,2.321,2.322,2.322,2.321,2.321,2.32,2.32,2.321,2.319
2.7,2.321,2.321,2.322,2.32,2.323,2.32,2.323,2.319,2.321,2.319,2.321,2.32,2.32,2.323,2.324,2.32,2.322,2.32,2.32,2.321,2.32,2.322,2.321,2.319,2.32,2.323,2.32,2.321,2.323,2.319,2.321,2.318,2.323,2.323,2.321,2.32,2.319,2.322,2.321,2.32,2.322,2.32,2.322,2.32,2.322,2.321,2.321,2.319,2.322,2.32,2.321,2.32,2.322,2.319,2.319,2.319,2.32,2.319,2.323,2.325,2.319,2.324,2.321,2.321,2.319,2.321,2.319,2.32,2.32,2.322,2.319,2.319,2.321,2.321,2.323,2.321,2.321,2.319,2.323,2.321,2.319,2.321,2.319,2.322,2.323,2.319,2.321,2.322,2.321,2.321,2.321,2.322,2.322,2.321,2.321,2.32,2.32,2.321,2.319
2.643,2.321,2.321,2.322,2.32,2.323,2.32,2.323,2.319,2.321,2.319,2.321,2.32,2.32,2.323,2.324,2.32,2.322,2.32,2.32,2.321,2.32,2.322,2.321,2.319,2.32,2.323,2.32,2.321,2.323,2.319,2.321,2.318,2.323,2.323,2.321,2.32,2.319,2.322,2.321,2.32,2.322,2.32,2.322,2.32,2.322,2.321,2.321,2.319,2.322,2.32,2.321,2.32,2.322,2.319,2.319,2.319,2.32,2.319,2.323,2.325,2.319,2.324,2.321,2.321,2.319,2.321,2.319,2.32,2.32,2.322,2.319,2.319,2.321,2.321,2.323,2.321,2.321,2.319,2.323,2.321,2.319,2.321,2.319,2.322,2.323,2.319,2.321,2.322,2.321,2.321,2.321,2.322,2.322,2.321,2.321,2.32,2.32,2.321,2.319

train_acc1
10.082,9.83,9.992,9.94,9.788,9.942,10.208,9.992,9.758,10.082,10.188,10.084,9.864,9.926,9.818,10.088,9.778,9.648,10.05,9.992,9.806,9.686,10.082,10.082,10.094,10.098,10.126,10.124,10.082,9.856,9.994,10.128,9.848,9.89,10.032,9.912,10.214,10.162,10.0,9.954,10.138,10.034,9.816,10.116,9.982,9.812,9.99,9.938,9.79,10.018,9.938,9.934,9.748,9.948,10.274,9.942,10.02,10.166,9.84,9.732,9.916,9.782,9.9,10.024,10.068,9.954,9.902,9.994,9.736,10.0,9.958,9.876,9.93,10.086,9.912,9.718,10.026,10.214,9.848,9.842,9.856,9.992,10.068,9.922,10.146,10.122,10.002,10.052,10.2,9.924,10.094,9.89,9.792,9.978,10.19,9.908,9.908,9.898,9.914,10.048
10.09,9.83,9.992,9.94,9.788,9.942,10.208,9.992,9.758,10.082,10.188,10.084,9.864,9.926,9.818,10.088,9.776,9.648,10.05,9.992,9.806,9.686,10.082,10.082,10.094,10.098,10.126,10.124,10.082,9.856,9.994,10.128,9.848,9.89,10.032,9.912,10.214,10.162,10.0,9.954,10.138,10.034,9.816,10.116,9.982,9.806,9.99,9.938,9.79,10.018,9.938,9.934,9.748,9.948,10.274,9.942,10.02,10.166,9.84,9.732,9.916,9.782,9.9,10.024,10.068,9.954,9.902,9.994,9.736,10.0,9.958,9.876,9.93,10.086,9.912,9.718,10.026,10.214,9.848,9.842,9.856,9.992,10.068,9.922,10.146,10.122,10.002,10.052,10.2,9.924,10.094,9.89,9.792,9.978,10.19,9.908,9.908,9.898,9.914,10.048
10.066,9.83,9.992,9.94,9.788,9.942,10.208,9.992,9.758,10.082,10.188,10.084,9.864,9.926,9.818,10.088,9.776,9.648,10.05,9.992,9.806,9.686,10.082,10.082,10.094,10.098,10.126,10.124,10.082,9.856,9.994,10.128,9.848,9.89,10.032,9.912,10.214,10.162,10.0,9.954,10.138,10.034,9.816,10.116,9.982,9.806,9.99,9.938,9.79,10.018,9.938,9.934,9.748,9.948,10.274,9.942,10.02,10.166,9.84,9.732,9.916,9.782,9.9,10.024,10.068,9.954,9.902,9.994,9.736,10.0,9.958,9.876,9.93,10.086,9.912,9.718,10.026,10.214,9.848,9.842,9.856,9.992,10.068,9.922,10.146,10.122,10.002,10.052,10.2,9.924,10.094,9.89,9.792,9.978,10.19,9.908,9.908,9.898,9.914,10.048

val_acc1
9.68,10.04,9.99,10.0,10.06,10.01,10.0,10.02,10.02,10.02,10.03,9.98,10.04,10.02,10.0,10.05,10.03,9.99,10.04,9.99,10.0,10.01,10.05,9.98,9.99,9.96,9.98,10.02,9.69,9.96,9.98,10.01,10.0,10.01,9.99,9.98,10.05,9.96,10.03,10.03,9.72,10.01,9.98,10.03,10.01,10.01,9.98,10.01,10.02,10.0,10.01,9.66,10.03,10.01,10.02,9.99,10.0,9.68,9.98,10.02,10.0,10.01,10.0,10.03,9.69,10.01,10.08,9.65,9.97,10.0,10.01,10.01,10.1,10.01,9.99,10.01,10.09,9.99,10.05,10.02,9.72,9.95,10.02,10.03,9.75,9.93,10.02,9.66,10.04,10.02,10.02,10.03,10.01,10.02,10.01,10.01,10.08,10.01,10.03,10.0
9.99,10.04,10.0,10.0,10.0,9.99,9.98,9.99,10.03,10.01,9.98,10.0,9.95,9.94,10.0,9.94,9.96,10.0,9.96,9.92,10.0,10.0,10.01,9.99,9.92,10.01,10.0,9.95,9.98,10.01,9.99,9.98,9.94,10.01,9.98,10.0,10.03,10.01,9.95,9.99,9.98,10.0,9.97,9.94,9.96,9.98,10.01,9.99,10.0,9.98,9.98,9.99,9.94,9.98,9.94,9.98,9.98,9.99,9.97,10.01,9.98,9.98,10.0,10.03,10.0,9.98,10.04,9.99,10.0,9.98,10.02,10.0,10.0,10.0,9.98,9.99,10.03,10.0,10.01,9.99,9.99,10.01,9.97,10.03,10.0,10.0,10.0,9.99,10.0,10.0,9.99,9.99,10.0,9.98,9.99,9.99,9.94,9.99,10.02,9.99
10.0,9.98,10.0,10.0,10.01,9.99,9.99,9.99,10.02,9.99,9.94,10.0,9.94,9.93,10.02,10.02,9.89,10.0,10.0,9.94,10.04,10.01,9.99,10.01,9.99,9.99,10.0,10.0,9.99,10.0,9.99,10.0,9.92,9.99,10.0,10.0,10.0,10.0,10.0,10.0,9.99,10.0,10.02,9.94,10.01,9.97,10.01,10.0,10.01,9.97,9.97,10.0,10.01,9.99,9.92,9.99,9.99,10.01,9.99,10.0,9.99,10.0,10.04,9.99,10.01,9.98,10.0,10.0,10.01,9.98,10.0,10.0,10.0,10.0,10.0,10.01,10.0,10.01,10.01,9.98,9.99,10.0,9.95,9.99,10.01,10.0,10.01,9.99,9.99,10.0,9.99,10.0,10.0,9.99,9.99,10.0,10.0,10.0,10.0,10.0

val_loss
2.47,2.48,2.477,2.41,2.457,2.498,2.4,2.411,2.441,2.521,2.475,2.453,2.538,2.422,2.479,2.452,2.423,2.428,2.474,2.421,2.382,2.492,2.465,2.464,2.447,2.463,2.374,2.477,2.4,2.528,2.407,2.485,2.448,2.419,2.401,2.379,2.411,2.413,2.408,2.407,2.425,2.456,2.423,2.497,2.387,2.381,2.421,2.493,2.467,2.349,2.39,2.494,2.387,2.469,2.416,2.479,2.377,2.549,2.473,2.399,2.366,2.489,2.48,2.447,2.404,2.439,2.579,2.452,2.389,2.445,2.481,2.448,2.57,2.529,2.446,2.507,2.385,2.464,2.644,2.403,2.411,2.486,2.453,2.561,2.352,2.519,2.533,2.464,2.626,2.493,2.375,2.478,2.522,2.409,2.453,2.387,2.769,2.525,2.445,2.487
2.324,2.339,2.324,2.318,2.317,2.321,2.32,2.322,2.314,2.331,2.32,2.336,2.33,2.333,2.342,2.328,2.313,2.314,2.321,2.328,2.333,2.342,2.316,2.323,2.324,2.312,2.319,2.315,2.313,2.317,2.322,2.321,2.332,2.331,2.316,2.325,2.319,2.324,2.327,2.331,2.323,2.314,2.354,2.325,2.327,2.309,2.314,2.337,2.318,2.316,2.34,2.327,2.32,2.321,2.324,2.34,2.311,2.326,2.313,2.314,2.326,2.319,2.329,2.344,2.342,2.323,2.328,2.336,2.32,2.313,2.321,2.315,2.315,2.317,2.315,2.318,2.323,2.328,2.316,2.316,2.326,2.318,2.327,2.312,2.318,2.316,2.326,2.315,2.325,2.335,2.318,2.331,2.316,2.333,2.338,2.318,2.316,2.323,2.324,2.322
2.333,2.362,2.332,2.329,2.336,2.334,2.329,2.324,2.329,2.336,2.326,2.349,2.346,2.342,2.357,2.341,2.34,2.323,2.326,2.337,2.354,2.352,2.328,2.349,2.323,2.323,2.326,2.322,2.323,2.33,2.331,2.331,2.343,2.341,2.339,2.331,2.326,2.343,2.336,2.339,2.333,2.325,2.383,2.339,2.34,2.319,2.326,2.34,2.333,2.329,2.348,2.34,2.33,2.327,2.333,2.35,2.321,2.343,2.324,2.328,2.345,2.33,2.365,2.352,2.344,2.33,2.342,2.345,2.333,2.319,2.339,2.318,2.324,2.321,2.327,2.331,2.329,2.342,2.33,2.335,2.337,2.331,2.346,2.323,2.329,2.324,2.344,2.325,2.336,2.343,2.336,2.328,2.323,2.343,2.349,2.326,2.328,2.35,2.335,2.334

learning_rate
1.0,1.0,1.0,1.0,1.0,1.0,1.0,1.0,1.0,1.0,1.0,1.0,1.0,1.0,1.0,1.0,1.0,1.0,1.0,1.0,1.0,1.0,1.0,1.0,1.0,1.0,1.0,1.0,1.0,1.0,1.0,1.0,1.0,1.0,1.0,1.0,1.0,1.0,1.0,1.0,1.0,1.0,1.0,1.0,1.0,1.0,1.0,1.0,1.0,1.0,1.0,1.0,1.0,1.0,1.0,1.0,1.0,1.0,1.0,1.0,1.0,1.0,1.0,1.0,1.0,1.0,1.0,1.0,1.0,1.0,1.0,1.0,1.0,1.0,1.0,1.0,1.0,1.0,1.0,1.0,1.0,1.0,1.0,1.0,1.0,1.0,1.0,1.0,1.0,1.0,1.0,1.0,1.0,1.0,1.0,1.0,1.0,1.0,1.0,1.0
1.0,1.0,1.0,1.0,1.0,1.0,1.0,1.0,1.0,1.0,1.0,1.0,1.0,1.0,1.0,1.0,1.0,1.0,1.0,1.0,1.0,1.0,1.0,1.0,1.0,1.0,1.0,1.0,1.0,1.0,1.0,1.0,1.0,1.0,1.0,1.0,1.0,1.0,1.0,1.0,1.0,1.0,1.0,1.0,1.0,1.0,1.0,1.0,1.0,1.0,1.0,1.0,1.0,1.0,1.0,1.0,1.0,1.0,1.0,1.0,1.0,1.0,1.0,1.0,1.0,1.0,1.0,1.0,1.0,1.0,1.0,1.0,1.0,1.0,1.0,1.0,1.0,1.0,1.0,1.0,1.0,1.0,1.0,1.0,1.0,1.0,1.0,1.0,1.0,1.0,1.0,1.0,1.0,1.0,1.0,1.0,1.0,1.0,1.0,1.0
1.0,1.0,1.0,1.0,1.0,1.0,1.0,1.0,1.0,1.0,1.0,1.0,1.0,1.0,1.0,1.0,1.0,1.0,1.0,1.0,1.0,1.0,1.0,1.0,1.0,1.0,1.0,1.0,1.0,1.0,1.0,1.0,1.0,1.0,1.0,1.0,1.0,1.0,1.0,1.0,1.0,1.0,1.0,1.0,1.0,1.0,1.0,1.0,1.0,1.0,1.0,1.0,1.0,1.0,1.0,1.0,1.0,1.0,1.0,1.0,1.0,1.0,1.0,1.0,1.0,1.0,1.0,1.0,1.0,1.0,1.0,1.0,1.0,1.0,1.0,1.0,1.0,1.0,1.0,1.0,1.0,1.0,1.0,1.0,1.0,1.0,1.0,1.0,1.0,1.0,1.0,1.0,1.0,1.0,1.0,1.0,1.0,1.0,1.0,1.0
