parameters
sgd_lr:1
sgd_momentum:0.9
sgd_weight_decay:0
sgd_dampening:0
sgd_nesterov:True
architecture:vgg19bn_
dataset:cifar10
combine_datasets:False
do_validation_set:False
epochs:100
batch_size:128
test_set_split:0.1666667
validation_set_split:0.0
reduce_train_set:1
executions:3
base_seed:42
training_method:sgd
learning_method:constant

train_loss
2.729,2.314,2.314,2.314,2.314,2.314,2.314,2.315,2.314,2.314,2.313,2.314,2.314,2.314,2.315,2.315,2.314,2.315,2.314,2.314,2.314,2.315,2.315,2.313,2.314,2.313,2.315,2.314,2.314,2.315,2.313,2.315,2.313,2.315,2.315,2.314,2.313,2.314,2.314,2.314,2.314,2.315,2.314,2.314,2.314,2.314,2.314,2.314,2.314,2.315,2.314,2.314,2.314,2.314,2.313,2.314,2.313,2.314,2.313,2.315,2.315,2.314,2.315,2.314,2.314,2.313,2.314,2.313,2.313,2.314,2.314,2.313,2.314,2.314,2.314,2.315,2.314,2.314,2.313,2.315,2.314,2.314,2.314,2.313,2.315,2.314,2.313,2.314,2.314,2.315,2.314,2.314,2.314,2.314,2.313,2.315,2.314,2.314,2.314,2.313
2.705,2.314,2.314,2.314,2.316,2.314,2.314,2.315,2.314,2.314,2.313,2.314,2.314,2.314,2.315,2.315,2.314,2.315,2.314,2.314,2.314,2.315,2.315,2.313,2.314,2.313,2.315,2.314,2.314,2.315,2.313,2.314,2.313,2.315,2.315,2.314,2.313,2.314,2.314,2.314,2.314,2.315,2.314,2.314,2.314,2.314,2.314,2.314,2.314,2.315,2.314,2.314,2.314,2.314,2.313,2.314,2.313,2.314,2.313,2.315,2.315,2.314,2.315,2.314,2.314,2.313,2.314,2.313,2.313,2.314,2.314,2.313,2.314,2.314,2.314,2.315,2.314,2.314,2.313,2.315,2.314,2.314,2.314,2.313,2.315,2.314,2.313,2.314,2.314,2.315,2.314,2.314,2.314,2.314,2.313,2.315,2.314,2.314,2.314,2.313
2.772,2.314,2.314,2.314,2.314,2.314,2.314,2.315,2.314,2.314,2.313,2.314,2.314,2.314,2.315,2.315,2.314,2.315,2.314,2.314,2.314,2.315,2.315,2.313,2.314,2.313,2.315,2.314,2.314,2.315,2.313,2.314,2.313,2.315,2.315,2.314,2.313,2.314,2.314,2.314,2.314,2.315,2.314,2.314,2.314,2.314,2.314,2.314,2.314,2.315,2.314,2.314,2.314,2.314,2.313,2.314,2.313,2.314,2.313,2.315,2.315,2.314,2.315,2.314,2.314,2.313,2.314,2.313,2.313,2.314,2.314,2.313,2.314,2.314,2.314,2.315,2.314,2.314,2.313,2.315,2.314,2.314,2.314,2.313,2.315,2.314,2.313,2.314,2.314,2.315,2.314,2.314,2.314,2.314,2.313,2.315,2.314,2.314,2.314,2.313

train_acc1
10.038,9.904,10.024,10.072,9.75,9.976,10.006,10.202,9.948,10.088,10.102,9.996,9.974,9.972,9.762,10.128,10.054,9.776,10.13,9.99,10.056,9.8,10.064,10.08,9.98,10.156,9.956,10.158,9.722,9.83,9.922,10.114,9.912,9.942,9.88,9.996,10.324,10.168,10.062,10.27,10.152,10.036,9.854,10.112,9.922,9.776,9.94,9.794,9.688,10.23,9.916,9.768,9.922,10.042,10.14,9.874,9.714,10.16,9.894,9.806,10.088,9.888,10.008,9.98,10.166,10.152,9.878,10.09,9.94,9.94,10.114,10.01,9.974,10.052,9.946,9.914,10.132,10.338,9.918,9.968,9.714,9.756,10.31,9.898,9.864,10.28,9.912,10.112,10.112,9.716,10.056,9.914,10.038,10.034,10.116,9.93,10.002,9.84,10.02,9.9
10.074,9.904,10.024,10.072,9.754,9.924,10.012,10.188,9.948,10.088,10.102,9.996,9.974,9.972,9.762,10.128,10.054,9.776,10.13,9.99,10.056,9.8,10.064,10.08,9.98,10.156,9.956,10.158,9.722,9.83,9.922,10.114,9.912,9.942,9.88,9.996,10.324,10.168,10.062,10.27,10.152,10.036,9.854,10.112,9.922,9.776,9.94,9.794,9.688,10.23,9.916,9.768,9.922,10.042,10.14,9.874,9.714,10.16,9.894,9.806,10.088,9.888,10.008,9.98,10.166,10.152,9.878,10.09,9.94,9.94,10.114,10.01,9.974,10.052,9.946,9.914,10.132,10.338,9.918,9.968,9.714,9.756,10.31,9.898,9.864,10.28,9.912,10.112,10.112,9.716,10.056,9.914,10.038,10.034,10.116,9.93,10.002,9.84,10.02,9.9
10.022,9.904,10.048,10.072,9.75,9.976,10.006,10.202,9.948,10.088,10.102,9.996,9.974,9.972,9.762,10.128,10.054,9.776,10.13,9.99,10.056,9.8,10.064,10.08,9.98,10.156,9.956,10.158,9.722,9.83,9.922,10.114,9.912,9.942,9.868,9.996,10.324,10.168,10.062,10.27,10.152,10.036,9.854,10.112,9.922,9.776,9.94,9.794,9.688,10.23,9.916,9.768,9.922,10.042,10.14,9.874,9.714,10.16,9.894,9.806,10.088,9.888,10.008,9.98,10.166,10.152,9.878,10.09,9.94,9.94,10.114,10.01,9.992,10.052,9.946,9.914,10.132,10.36,9.918,9.968,9.714,9.756,10.31,9.898,9.864,10.28,9.912,10.112,10.112,9.716,10.056,9.914,10.038,10.034,10.116,9.93,10.002,9.84,10.02,9.9

val_acc1
10.0,10.03,9.99,10.02,10.0,10.01,10.02,9.99,10.0,9.99,9.99,9.98,9.99,9.92,10.05,9.99,9.98,10.01,10.0,10.0,10.06,10.04,10.04,10.01,10.01,10.0,10.01,9.99,10.0,10.01,10.03,9.98,10.0,10.03,10.0,10.03,10.02,10.01,10.0,10.02,10.0,10.02,10.0,9.97,10.0,10.0,10.02,10.02,10.0,10.03,10.02,10.0,10.04,10.02,10.02,10.02,10.01,10.0,10.02,10.03,9.99,9.97,10.01,10.03,10.0,10.0,10.05,10.03,10.02,10.01,10.03,10.02,10.01,9.99,10.04,10.03,10.0,10.02,10.02,10.0,10.0,10.01,9.98,9.99,10.0,10.04,10.02,10.01,10.02,10.01,10.02,10.02,9.99,9.99,9.99,10.01,10.01,10.0,10.03,10.0
10.12,10.0,10.13,10.0,10.0,10.12,10.21,10.0,10.0,10.0,10.14,10.0,10.08,10.03,9.97,10.0,10.0,9.98,9.87,10.0,10.0,10.0,9.97,10.0,10.0,10.0,10.0,10.0,9.85,10.06,10.0,10.0,10.16,10.0,10.0,10.0,10.0,9.99,10.01,10.01,9.91,9.99,10.0,10.0,9.92,9.9,9.99,10.0,10.0,10.0,10.02,9.9,10.0,10.0,10.1,10.0,10.03,9.93,10.0,9.99,10.0,10.0,10.06,10.0,9.98,10.0,9.98,10.01,9.97,10.02,10.01,10.08,9.98,10.0,9.99,10.01,9.97,9.97,9.99,10.0,9.9,10.12,10.0,10.0,10.0,9.99,9.97,9.97,10.0,10.0,9.97,10.0,10.0,10.0,10.0,10.0,10.0,10.02,10.0,10.03
9.96,9.99,10.0,10.0,10.04,9.98,10.0,10.0,10.03,10.0,10.0,10.0,10.01,10.02,10.02,10.02,10.03,10.0,10.04,10.0,10.01,9.99,9.99,9.98,9.98,9.99,10.0,10.02,10.01,10.03,9.97,10.01,10.0,10.06,9.97,10.03,10.02,9.98,9.99,10.0,10.01,10.0,9.98,10.0,10.01,10.0,10.0,9.97,10.0,10.02,10.0,10.01,10.04,10.01,10.0,9.98,10.02,10.0,10.01,10.05,10.0,10.01,10.02,10.04,10.02,10.01,10.03,10.05,10.01,10.0,9.97,9.99,10.01,10.02,10.01,9.99,10.0,10.0,10.0,10.01,10.01,10.01,10.01,10.0,10.01,10.02,10.0,10.0,9.97,9.98,10.01,9.97,10.0,10.0,9.98,9.97,9.97,10.01,10.05,9.98

val_loss
2.34,2.324,2.33,2.319,2.32,2.314,2.321,2.316,2.319,2.33,2.32,2.323,2.325,2.355,2.337,2.326,2.317,2.319,2.322,2.333,2.343,2.351,2.319,2.327,2.323,2.314,2.315,2.32,2.318,2.316,2.324,2.319,2.32,2.328,2.325,2.323,2.319,2.325,2.33,2.32,2.324,2.317,2.347,2.343,2.335,2.311,2.315,2.325,2.321,2.324,2.334,2.323,2.331,2.328,2.327,2.324,2.316,2.338,2.322,2.32,2.316,2.318,2.329,2.333,2.326,2.32,2.329,2.321,2.328,2.314,2.321,2.315,2.313,2.31,2.318,2.316,2.315,2.33,2.318,2.321,2.324,2.325,2.324,2.32,2.319,2.321,2.329,2.313,2.324,2.319,2.314,2.349,2.32,2.33,2.36,2.329,2.326,2.318,2.319,2.324
2.318,2.316,2.318,2.315,2.311,2.309,2.315,2.31,2.309,2.314,2.314,2.315,2.314,2.314,2.313,2.313,2.307,2.313,2.313,2.313,2.318,2.326,2.31,2.312,2.312,2.311,2.309,2.304,2.307,2.311,2.316,2.311,2.314,2.319,2.309,2.314,2.313,2.319,2.313,2.311,2.316,2.31,2.331,2.322,2.319,2.306,2.31,2.319,2.309,2.305,2.319,2.317,2.308,2.315,2.314,2.318,2.308,2.317,2.312,2.307,2.308,2.309,2.313,2.321,2.316,2.315,2.311,2.317,2.313,2.308,2.312,2.309,2.309,2.31,2.31,2.31,2.31,2.318,2.312,2.314,2.312,2.316,2.311,2.315,2.313,2.316,2.319,2.306,2.322,2.314,2.309,2.315,2.316,2.323,2.328,2.314,2.319,2.319,2.31,2.313
2.327,2.32,2.323,2.319,2.318,2.314,2.318,2.316,2.315,2.325,2.316,2.322,2.317,2.331,2.323,2.323,2.313,2.319,2.319,2.322,2.326,2.336,2.32,2.318,2.319,2.313,2.317,2.312,2.317,2.316,2.32,2.316,2.319,2.328,2.318,2.325,2.319,2.322,2.325,2.317,2.322,2.315,2.339,2.332,2.329,2.31,2.314,2.326,2.315,2.314,2.331,2.321,2.317,2.324,2.319,2.325,2.315,2.332,2.321,2.318,2.314,2.318,2.321,2.327,2.322,2.32,2.319,2.324,2.321,2.314,2.317,2.314,2.313,2.312,2.316,2.314,2.316,2.325,2.314,2.325,2.32,2.325,2.321,2.32,2.321,2.322,2.327,2.317,2.326,2.318,2.316,2.323,2.322,2.33,2.338,2.322,2.321,2.32,2.319,2.321

learning_rate
1.0,1.0,1.0,1.0,1.0,1.0,1.0,1.0,1.0,1.0,1.0,1.0,1.0,1.0,1.0,1.0,1.0,1.0,1.0,1.0,1.0,1.0,1.0,1.0,1.0,1.0,1.0,1.0,1.0,1.0,1.0,1.0,1.0,1.0,1.0,1.0,1.0,1.0,1.0,1.0,1.0,1.0,1.0,1.0,1.0,1.0,1.0,1.0,1.0,1.0,1.0,1.0,1.0,1.0,1.0,1.0,1.0,1.0,1.0,1.0,1.0,1.0,1.0,1.0,1.0,1.0,1.0,1.0,1.0,1.0,1.0,1.0,1.0,1.0,1.0,1.0,1.0,1.0,1.0,1.0,1.0,1.0,1.0,1.0,1.0,1.0,1.0,1.0,1.0,1.0,1.0,1.0,1.0,1.0,1.0,1.0,1.0,1.0,1.0,1.0
1.0,1.0,1.0,1.0,1.0,1.0,1.0,1.0,1.0,1.0,1.0,1.0,1.0,1.0,1.0,1.0,1.0,1.0,1.0,1.0,1.0,1.0,1.0,1.0,1.0,1.0,1.0,1.0,1.0,1.0,1.0,1.0,1.0,1.0,1.0,1.0,1.0,1.0,1.0,1.0,1.0,1.0,1.0,1.0,1.0,1.0,1.0,1.0,1.0,1.0,1.0,1.0,1.0,1.0,1.0,1.0,1.0,1.0,1.0,1.0,1.0,1.0,1.0,1.0,1.0,1.0,1.0,1.0,1.0,1.0,1.0,1.0,1.0,1.0,1.0,1.0,1.0,1.0,1.0,1.0,1.0,1.0,1.0,1.0,1.0,1.0,1.0,1.0,1.0,1.0,1.0,1.0,1.0,1.0,1.0,1.0,1.0,1.0,1.0,1.0
1.0,1.0,1.0,1.0,1.0,1.0,1.0,1.0,1.0,1.0,1.0,1.0,1.0,1.0,1.0,1.0,1.0,1.0,1.0,1.0,1.0,1.0,1.0,1.0,1.0,1.0,1.0,1.0,1.0,1.0,1.0,1.0,1.0,1.0,1.0,1.0,1.0,1.0,1.0,1.0,1.0,1.0,1.0,1.0,1.0,1.0,1.0,1.0,1.0,1.0,1.0,1.0,1.0,1.0,1.0,1.0,1.0,1.0,1.0,1.0,1.0,1.0,1.0,1.0,1.0,1.0,1.0,1.0,1.0,1.0,1.0,1.0,1.0,1.0,1.0,1.0,1.0,1.0,1.0,1.0,1.0,1.0,1.0,1.0,1.0,1.0,1.0,1.0,1.0,1.0,1.0,1.0,1.0,1.0,1.0,1.0,1.0,1.0,1.0,1.0

