parameters
sgd_lr:0.25
sgd_momentum:0.9
sgd_weight_decay:0
sgd_dampening:0
sgd_nesterov:True
architecture:vgg19bn_
dataset:cifar10
combine_datasets:False
do_validation_set:False
epochs:100
batch_size:128
test_set_split:0.1666667
validation_set_split:0.0
reduce_train_set:1
executions:3
base_seed:42
training_method:sgd
learning_method:constant

train_loss
2.557,2.304,2.302,2.302,2.302,2.301,2.3,2.301,2.3,2.299,2.298,2.296,2.275,2.12,1.984,1.932,1.917,1.903,1.897,1.888,1.88,1.874,1.866,1.857,1.847,1.832,1.82,1.808,1.79,1.766,1.743,1.725,1.709,1.693,1.676,1.656,1.643,1.627,1.62,1.611,1.597,1.585,1.571,1.555,1.542,1.529,1.51,1.494,1.478,1.449,1.442,1.423,1.413,1.401,1.38,1.37,1.347,1.345,1.34,1.316,1.315,1.293,1.284,1.277,1.266,1.255,1.251,1.231,1.232,1.224,1.216,1.207,1.183,1.17,1.163,1.185,1.145,1.148,1.183,1.132,1.122,1.119,1.11,1.1,1.121,1.141,1.074,1.111,1.057,1.054,1.051,1.072,1.067,1.038,1.076,1.038,1.011,0.996,0.989,0.992
2.542,2.307,2.306,2.306,2.306,2.307,2.306,2.307,2.306,2.307,2.306,2.307,2.306,2.307,2.307,2.307,2.306,2.306,2.306,2.306,2.306,2.306,2.307,2.307,2.306,2.306,2.307,2.306,2.306,2.307,2.306,2.306,2.306,2.306,2.306,2.306,2.306,2.306,2.307,2.307,2.307,2.307,2.306,2.306,2.306,2.307,2.306,2.307,2.306,2.307,2.306,2.307,2.307,2.307,2.306,2.306,2.307,2.306,2.306,2.307,2.307,2.306,2.306,2.306,2.307,2.306,2.306,2.306,2.306,2.306,2.307,2.306,2.306,2.307,2.306,2.307,2.307,2.307,2.306,2.307,2.306,2.306,2.307,2.306,2.306,2.306,2.306,2.307,2.306,2.307,2.307,2.306,2.306,2.307,2.307,2.306,2.307,2.306,2.307,2.307
2.577,2.307,2.306,2.306,2.306,2.307,2.306,2.307,2.306,2.307,2.306,2.307,2.306,2.307,2.307,2.307,2.306,2.306,2.306,2.306,2.306,2.306,2.307,2.307,2.306,2.306,2.307,2.306,2.306,2.307,2.306,2.306,2.306,2.306,2.306,2.306,2.306,2.306,2.307,2.307,2.307,2.307,2.306,2.306,2.306,2.307,2.306,2.307,2.306,2.307,2.306,2.307,2.307,2.307,2.306,2.306,2.307,2.306,2.306,2.307,2.307,2.306,2.306,2.306,2.307,2.306,2.306,2.306,2.306,2.306,2.307,2.306,2.306,2.307,2.306,2.307,2.307,2.307,2.306,2.307,2.306,2.306,2.307,2.306,2.306,2.306,2.306,2.307,2.306,2.307,2.307,2.306,2.306,2.307,2.307,2.306,2.307,2.306,2.307,2.307

train_acc1
10.248,10.236,10.754,10.344,10.456,10.848,10.538,10.536,10.558,10.972,10.76,10.898,12.638,18.534,19.474,20.662,20.798,21.358,20.93,21.878,21.824,22.146,23.04,23.538,24.596,25.63,26.136,26.972,27.726,29.12,30.308,31.028,31.382,32.046,32.57,33.4,33.79,34.066,34.724,35.208,35.522,35.754,36.724,37.896,38.944,40.026,41.308,42.374,43.646,44.922,45.344,46.238,46.816,47.95,48.402,48.526,49.692,50.188,50.282,51.608,51.354,52.766,53.342,54.194,54.304,55.516,55.574,56.462,56.436,56.728,56.884,57.562,58.566,59.204,59.218,58.648,60.074,60.398,59.48,61.362,61.448,61.614,61.706,62.176,61.922,61.142,63.038,62.022,63.826,64.122,63.704,63.572,64.22,64.672,64.036,64.764,65.798,65.856,66.048,66.792
9.978,10.046,10.252,9.866,9.83,10.132,9.688,9.816,9.852,10.072,9.978,9.918,9.834,9.994,9.774,9.834,10.022,9.938,10.138,10.022,10.01,10.032,9.846,10.048,9.956,10.098,10.044,10.08,9.926,10.042,10.028,9.778,10.312,10.06,10.188,9.982,10.336,10.078,10.014,10.014,9.878,9.796,9.974,9.982,9.958,10.036,9.934,10.122,9.972,9.802,10.118,9.794,9.96,9.846,10.12,10.134,10.026,10.142,9.804,9.812,9.974,9.92,10.104,9.926,9.87,9.966,9.946,9.942,10.004,9.972,9.956,10.014,9.884,9.742,10.016,9.524,9.832,9.852,9.966,9.904,10.22,9.892,10.01,9.916,10.03,10.264,9.84,9.768,9.94,9.934,10.068,10.064,10.072,10.256,9.868,10.112,9.894,9.936,10.162,9.994
10.036,10.046,10.252,9.866,9.83,10.132,9.688,9.816,9.852,10.072,9.978,9.918,9.834,9.994,9.774,9.834,10.022,9.938,10.138,10.022,10.01,10.032,9.846,10.048,9.956,10.098,10.044,10.08,9.926,10.042,10.028,9.778,10.312,10.06,10.188,9.982,10.336,10.078,10.014,10.014,9.878,9.796,9.974,9.982,9.958,10.036,9.934,10.122,9.972,9.802,10.118,9.794,9.96,9.846,10.12,10.134,10.026,10.142,9.804,9.812,9.974,9.92,10.104,9.926,9.87,9.966,9.946,9.942,10.004,9.972,9.956,10.014,9.884,9.742,10.016,9.524,9.832,9.852,9.966,9.904,10.22,9.892,10.01,9.916,10.03,10.264,9.84,9.768,9.94,9.934,10.068,10.064,10.072,10.256,9.868,10.112,9.894,9.936,10.162,9.994

val_acc1
10.68,10.87,10.72,10.42,11.08,10.96,10.98,10.94,10.99,10.0,11.2,10.65,16.56,18.13,17.54,19.58,22.21,22.7,20.98,21.67,21.46,23.8,22.93,25.84,27.0,25.77,29.52,29.58,29.65,28.93,29.01,33.06,23.56,31.74,32.8,32.08,34.67,36.87,35.88,32.03,39.75,36.56,32.02,35.06,33.99,39.11,44.26,43.13,44.7,46.03,41.83,44.18,42.27,48.82,46.06,45.5,48.01,39.48,48.35,47.78,50.91,51.39,53.29,53.68,54.41,52.94,56.97,56.77,58.98,58.24,57.88,59.21,60.65,60.57,59.67,60.86,60.06,57.42,53.76,58.28,63.98,58.15,50.07,62.05,61.66,60.17,59.3,60.49,53.79,59.93,62.11,60.26,63.32,57.78,63.0,64.58,63.29,65.78,65.71,58.77
10.0,10.03,10.0,9.99,10.0,10.01,10.01,10.0,10.0,9.92,9.97,10.01,9.87,10.0,9.99,10.0,9.99,10.0,9.98,10.0,10.0,9.99,9.99,10.01,10.01,10.01,10.0,10.0,10.0,10.0,10.0,9.96,10.0,10.0,10.0,9.99,10.03,10.0,9.91,10.0,10.0,10.0,9.99,10.04,10.02,10.01,9.96,10.04,10.0,10.0,10.05,10.0,10.0,9.96,10.0,10.0,10.04,10.0,10.04,10.0,10.0,10.02,9.99,10.04,9.99,9.9,10.0,10.0,9.99,10.0,10.0,10.0,10.0,10.0,10.0,10.0,9.99,9.99,10.03,9.88,10.0,9.99,10.0,10.0,10.03,10.0,9.99,9.99,10.0,9.96,10.0,10.0,10.0,10.0,10.0,10.0,9.96,9.99,10.01,10.0
10.18,9.99,10.11,10.04,9.99,10.28,9.97,9.99,10.17,10.0,10.1,10.16,10.0,10.0,10.0,10.17,10.01,10.06,10.0,10.26,10.04,10.36,10.04,10.23,10.26,9.96,10.01,10.29,10.21,10.32,10.02,10.0,10.11,10.34,9.99,10.0,10.26,9.98,10.0,9.93,10.02,10.16,10.09,10.19,10.0,10.01,10.0,10.21,10.01,10.0,10.18,10.29,10.0,10.0,10.08,10.09,10.24,10.31,10.1,10.02,10.03,10.16,10.0,10.06,10.0,10.0,10.09,10.0,10.05,9.99,10.29,10.18,10.28,10.2,10.17,10.3,10.21,10.0,10.11,10.0,10.29,10.07,10.11,10.02,10.01,10.01,10.05,10.31,10.22,10.0,10.07,10.16,10.36,10.03,10.21,10.11,10.27,10.32,10.3,10.0

val_loss
2.303,2.3,2.299,2.297,2.299,2.297,2.297,2.295,2.294,2.294,2.292,2.291,2.277,2.044,2.014,1.922,1.889,1.877,1.887,1.856,1.895,1.838,1.886,1.817,1.81,1.864,1.805,1.765,1.802,1.767,1.711,1.697,2.685,1.644,1.65,1.65,1.679,1.638,1.627,1.636,1.539,1.644,1.571,1.546,1.627,1.536,1.49,1.556,1.548,1.418,1.432,1.453,1.468,1.397,1.4,1.386,1.427,1.827,1.314,1.39,1.31,1.382,1.319,1.324,1.259,1.328,1.295,1.301,1.248,1.257,1.293,1.357,1.203,1.186,1.445,1.233,1.294,1.235,1.305,1.308,1.177,1.375,1.542,1.281,1.317,1.215,1.33,1.18,1.413,1.223,1.354,1.347,1.192,1.223,1.169,1.25,1.247,1.183,1.168,1.28
2.305,2.305,2.306,2.305,2.309,2.304,2.306,2.305,2.305,2.303,2.304,2.304,2.308,2.305,2.307,2.305,2.306,2.305,2.305,2.304,2.307,2.305,2.305,2.306,2.306,2.308,2.307,2.305,2.308,2.306,2.307,2.305,2.306,2.306,2.307,2.305,2.307,2.31,2.307,2.309,2.307,2.305,2.305,2.303,2.309,2.305,2.307,2.304,2.31,2.309,2.307,2.305,2.308,2.307,2.309,2.307,2.304,2.308,2.304,2.308,2.305,2.305,2.31,2.307,2.305,2.307,2.306,2.304,2.304,2.306,2.305,2.306,2.304,2.307,2.304,2.305,2.304,2.308,2.306,2.305,2.306,2.304,2.307,2.31,2.303,2.311,2.305,2.304,2.31,2.306,2.306,2.307,2.304,2.305,2.307,2.305,2.307,2.304,2.306,2.306
2.305,2.305,2.306,2.305,2.309,2.303,2.306,2.305,2.305,2.303,2.303,2.304,2.308,2.305,2.306,2.305,2.305,2.305,2.304,2.304,2.307,2.305,2.305,2.306,2.305,2.308,2.307,2.305,2.308,2.306,2.306,2.304,2.305,2.306,2.307,2.305,2.307,2.309,2.306,2.308,2.307,2.305,2.305,2.303,2.308,2.304,2.307,2.304,2.309,2.308,2.306,2.305,2.308,2.307,2.309,2.307,2.304,2.308,2.304,2.308,2.305,2.304,2.31,2.307,2.305,2.307,2.306,2.304,2.304,2.305,2.304,2.306,2.304,2.307,2.304,2.305,2.304,2.308,2.308,2.305,2.306,2.304,2.307,2.309,2.303,2.311,2.305,2.303,2.31,2.306,2.305,2.307,2.304,2.305,2.307,2.305,2.307,2.304,2.305,2.306

learning_rate
0.25,0.25,0.25,0.25,0.25,0.25,0.25,0.25,0.25,0.25,0.25,0.25,0.25,0.25,0.25,0.25,0.25,0.25,0.25,0.25,0.25,0.25,0.25,0.25,0.25,0.25,0.25,0.25,0.25,0.25,0.25,0.25,0.25,0.25,0.25,0.25,0.25,0.25,0.25,0.25,0.25,0.25,0.25,0.25,0.25,0.25,0.25,0.25,0.25,0.25,0.25,0.25,0.25,0.25,0.25,0.25,0.25,0.25,0.25,0.25,0.25,0.25,0.25,0.25,0.25,0.25,0.25,0.25,0.25,0.25,0.25,0.25,0.25,0.25,0.25,0.25,0.25,0.25,0.25,0.25,0.25,0.25,0.25,0.25,0.25,0.25,0.25,0.25,0.25,0.25,0.25,0.25,0.25,0.25,0.25,0.25,0.25,0.25,0.25,0.25
0.25,0.25,0.25,0.25,0.25,0.25,0.25,0.25,0.25,0.25,0.25,0.25,0.25,0.25,0.25,0.25,0.25,0.25,0.25,0.25,0.25,0.25,0.25,0.25,0.25,0.25,0.25,0.25,0.25,0.25,0.25,0.25,0.25,0.25,0.25,0.25,0.25,0.25,0.25,0.25,0.25,0.25,0.25,0.25,0.25,0.25,0.25,0.25,0.25,0.25,0.25,0.25,0.25,0.25,0.25,0.25,0.25,0.25,0.25,0.25,0.25,0.25,0.25,0.25,0.25,0.25,0.25,0.25,0.25,0.25,0.25,0.25,0.25,0.25,0.25,0.25,0.25,0.25,0.25,0.25,0.25,0.25,0.25,0.25,0.25,0.25,0.25,0.25,0.25,0.25,0.25,0.25,0.25,0.25,0.25,0.25,0.25,0.25,0.25,0.25
0.25,0.25,0.25,0.25,0.25,0.25,0.25,0.25,0.25,0.25,0.25,0.25,0.25,0.25,0.25,0.25,0.25,0.25,0.25,0.25,0.25,0.25,0.25,0.25,0.25,0.25,0.25,0.25,0.25,0.25,0.25,0.25,0.25,0.25,0.25,0.25,0.25,0.25,0.25,0.25,0.25,0.25,0.25,0.25,0.25,0.25,0.25,0.25,0.25,0.25,0.25,0.25,0.25,0.25,0.25,0.25,0.25,0.25,0.25,0.25,0.25,0.25,0.25,0.25,0.25,0.25,0.25,0.25,0.25,0.25,0.25,0.25,0.25,0.25,0.25,0.25,0.25,0.25,0.25,0.25,0.25,0.25,0.25,0.25,0.25,0.25,0.25,0.25,0.25,0.25,0.25,0.25,0.25,0.25,0.25,0.25,0.25,0.25,0.25,0.25

