parameters
sgd_lr:0.01
sgd_momentum:0.9
sgd_weight_decay:0
sgd_dampening:0
sgd_nesterov:False
architecture:vgg19bn_
dataset:cifar10
combine_datasets:False
do_validation_set:False
epochs:100
batch_size:128
test_set_split:0.1666667
validation_set_split:0.0
reduce_train_set:1
executions:3
base_seed:42
training_method:sgd
learning_method:constant

train_loss
1.569,1.057,0.83,0.695,0.609,0.541,0.502,0.455,0.418,0.385,0.358,0.336,0.316,0.298,0.279,0.266,0.243,0.232,0.217,0.202,0.196,0.182,0.175,0.163,0.157,0.144,0.139,0.136,0.125,0.12,0.113,0.107,0.102,0.101,0.095,0.089,0.085,0.081,0.08,0.075,0.071,0.07,0.068,0.064,0.064,0.059,0.057,0.054,0.052,0.051,0.05,0.05,0.047,0.044,0.044,0.043,0.037,0.04,0.035,0.036,0.036,0.035,0.033,0.033,0.029,0.027,0.031,0.028,0.03,0.028,0.028,0.024,0.026,0.023,0.026,0.028,0.023,0.022,0.024,0.024,0.019,0.022,0.021,0.022,0.021,0.02,0.017,0.022,0.017,0.019,0.017,0.02,0.017,0.018,0.016,0.017,0.017,0.017,0.014,0.015
1.57,1.074,0.842,0.704,0.615,0.552,0.504,0.459,0.424,0.389,0.362,0.343,0.318,0.301,0.281,0.27,0.248,0.234,0.22,0.204,0.196,0.187,0.175,0.168,0.161,0.15,0.142,0.136,0.13,0.124,0.12,0.11,0.107,0.104,0.098,0.088,0.088,0.084,0.082,0.08,0.076,0.07,0.071,0.062,0.062,0.06,0.059,0.059,0.054,0.048,0.054,0.045,0.047,0.047,0.042,0.044,0.041,0.041,0.039,0.038,0.038,0.035,0.032,0.033,0.03,0.035,0.032,0.03,0.027,0.03,0.029,0.027,0.026,0.027,0.026,0.025,0.023,0.025,0.022,0.028,0.02,0.02,0.022,0.021,0.023,0.022,0.019,0.019,0.02,0.018,0.018,0.016,0.018,0.019,0.016,0.015,0.016,0.018,0.015,0.014
1.578,1.064,0.845,0.711,0.618,0.551,0.506,0.458,0.422,0.391,0.362,0.341,0.323,0.298,0.28,0.266,0.252,0.233,0.221,0.205,0.194,0.185,0.174,0.169,0.158,0.148,0.142,0.133,0.128,0.124,0.116,0.108,0.104,0.101,0.095,0.087,0.086,0.086,0.08,0.079,0.073,0.069,0.066,0.064,0.067,0.06,0.057,0.055,0.054,0.05,0.049,0.051,0.046,0.048,0.043,0.044,0.038,0.042,0.04,0.036,0.034,0.032,0.036,0.034,0.033,0.03,0.033,0.029,0.03,0.027,0.026,0.025,0.027,0.023,0.026,0.025,0.028,0.022,0.022,0.025,0.021,0.023,0.019,0.022,0.019,0.02,0.02,0.016,0.02,0.016,0.016,0.02,0.017,0.017,0.017,0.018,0.017,0.016,0.018,0.015

train_acc1
42.294,62.252,71.0,75.914,79.174,81.308,82.79,84.202,85.458,86.894,87.684,88.384,89.044,89.748,90.372,90.812,91.554,91.924,92.274,92.93,93.208,93.702,93.956,94.234,94.462,94.924,95.12,95.236,95.628,95.818,96.046,96.288,96.44,96.436,96.65,96.768,97.024,97.126,97.14,97.404,97.474,97.576,97.628,97.746,97.672,97.856,98.0,98.014,98.158,98.172,98.238,98.308,98.332,98.486,98.446,98.426,98.69,98.62,98.754,98.714,98.772,98.758,98.802,98.866,98.998,99.044,98.936,99.064,98.964,99.008,99.028,99.196,99.118,99.2,99.092,98.918,99.168,99.196,99.156,99.132,99.316,99.254,99.258,99.21,99.28,99.34,99.418,99.206,99.406,99.346,99.378,99.278,99.414,99.356,99.444,99.43,99.418,99.472,99.542,99.498
42.474,61.704,70.65,75.616,78.844,80.854,82.772,84.288,85.34,86.52,87.448,88.178,89.042,89.708,90.278,90.718,91.446,91.932,92.262,93.016,93.164,93.48,93.898,94.102,94.314,94.656,94.972,95.268,95.528,95.622,95.812,96.068,96.26,96.322,96.612,96.93,96.814,97.042,97.094,97.182,97.256,97.454,97.46,97.926,97.856,97.888,97.908,97.918,98.092,98.248,98.016,98.41,98.372,98.366,98.534,98.48,98.572,98.52,98.656,98.662,98.692,98.798,98.884,98.836,98.996,98.768,98.894,98.91,99.046,98.954,99.046,99.052,99.082,99.006,99.062,99.126,99.23,99.18,99.24,98.982,99.316,99.27,99.252,99.272,99.202,99.236,99.32,99.346,99.318,99.38,99.41,99.462,99.384,99.288,99.45,99.484,99.472,99.422,99.412,99.5
42.082,62.108,70.624,75.372,78.582,80.996,82.534,84.21,85.512,86.59,87.596,88.274,88.88,89.634,90.198,90.764,91.238,91.876,92.362,92.908,93.142,93.582,93.852,94.106,94.528,94.742,95.052,95.286,95.522,95.586,95.814,96.146,96.408,96.484,96.6,96.958,96.998,96.94,97.198,97.136,97.382,97.54,97.658,97.74,97.642,97.912,97.976,98.016,98.174,98.266,98.31,98.238,98.408,98.258,98.512,98.45,98.654,98.496,98.626,98.81,98.794,98.872,98.756,98.816,98.898,98.96,98.794,99.004,98.946,99.078,99.092,99.15,99.066,99.196,99.116,99.132,99.04,99.25,99.25,99.116,99.282,99.25,99.336,99.228,99.338,99.3,99.262,99.444,99.332,99.438,99.44,99.334,99.42,99.438,99.384,99.344,99.446,99.432,99.342,99.482

val_acc1
56.35,67.77,71.52,77.79,76.15,78.55,80.01,81.81,81.82,82.75,83.88,85.64,84.47,83.44,86.01,85.61,85.36,86.69,87.4,87.01,87.43,86.77,87.27,87.91,87.7,87.03,88.17,88.41,88.09,87.96,88.75,87.39,88.85,87.99,88.72,88.95,88.38,88.34,89.25,89.54,89.36,88.55,89.35,89.37,89.53,89.85,89.22,89.6,88.85,88.31,89.25,89.51,89.73,89.36,89.72,89.63,89.21,90.18,89.72,90.17,90.29,90.0,89.43,90.16,89.96,89.67,90.59,90.54,90.17,90.6,89.86,90.41,90.32,90.29,89.93,89.96,90.25,90.17,89.69,90.16,90.01,90.8,90.7,90.54,90.57,90.55,90.42,90.25,89.91,90.21,90.21,90.37,90.16,90.29,90.02,90.36,90.69,90.46,90.44,90.31
54.99,67.4,70.05,75.8,77.35,80.13,78.28,82.02,83.83,82.92,84.89,84.74,83.36,83.36,86.41,84.45,85.46,86.55,86.9,86.9,85.66,87.22,86.57,87.75,88.64,87.73,88.45,87.42,88.12,87.8,89.01,88.25,88.37,88.0,87.84,88.8,87.5,88.46,87.93,88.47,87.86,89.02,89.3,89.02,88.39,88.56,88.95,89.16,88.74,89.22,89.19,89.39,89.17,89.79,89.52,89.82,89.47,89.1,89.29,89.59,90.01,88.84,89.69,89.51,89.82,89.68,89.93,89.91,89.97,90.11,90.24,89.91,89.76,89.63,89.75,89.82,89.62,89.96,90.35,89.9,89.76,90.22,90.52,89.47,89.87,90.19,89.95,89.72,90.35,89.83,89.99,89.93,90.65,89.71,90.06,90.51,90.16,90.48,90.42,90.29
57.24,66.38,70.67,77.15,79.11,80.74,79.29,81.74,84.13,83.27,82.07,85.09,83.27,83.53,86.11,84.2,86.14,86.43,86.73,85.38,86.95,86.46,88.04,86.29,88.16,88.49,86.74,88.15,88.51,88.05,88.46,87.72,88.08,88.89,88.42,88.42,88.49,87.85,89.46,89.09,88.92,88.86,89.14,89.31,88.76,89.76,88.09,89.94,89.4,89.19,89.11,89.27,89.14,89.76,89.44,89.37,89.76,90.05,90.07,89.73,89.16,89.72,89.76,90.15,89.77,89.47,89.94,90.05,89.59,89.8,90.04,90.3,90.39,89.59,90.06,90.39,89.95,89.69,90.39,90.21,89.53,90.3,90.44,90.49,90.36,89.91,90.23,90.27,90.58,90.53,90.07,90.25,90.05,90.57,90.11,89.64,90.48,90.46,90.25,90.95

val_loss
1.209,0.932,0.798,0.652,0.709,0.634,0.587,0.535,0.567,0.502,0.485,0.437,0.493,0.512,0.426,0.446,0.471,0.417,0.394,0.414,0.398,0.456,0.425,0.411,0.41,0.462,0.425,0.405,0.419,0.439,0.402,0.474,0.419,0.447,0.412,0.438,0.438,0.477,0.42,0.429,0.413,0.48,0.419,0.436,0.41,0.408,0.451,0.435,0.491,0.495,0.463,0.471,0.457,0.455,0.486,0.46,0.487,0.446,0.465,0.441,0.45,0.44,0.498,0.451,0.464,0.492,0.439,0.445,0.453,0.468,0.494,0.453,0.46,0.477,0.489,0.469,0.459,0.51,0.494,0.483,0.51,0.455,0.477,0.458,0.473,0.455,0.495,0.48,0.534,0.515,0.508,0.495,0.495,0.513,0.528,0.48,0.49,0.473,0.492,0.502
1.232,0.936,0.893,0.713,0.671,0.588,0.661,0.526,0.486,0.511,0.457,0.465,0.508,0.51,0.425,0.5,0.456,0.417,0.402,0.408,0.473,0.421,0.455,0.406,0.385,0.418,0.387,0.448,0.403,0.432,0.388,0.419,0.422,0.453,0.449,0.429,0.499,0.452,0.494,0.457,0.47,0.444,0.423,0.459,0.507,0.456,0.438,0.434,0.456,0.459,0.461,0.478,0.472,0.418,0.47,0.446,0.448,0.494,0.483,0.474,0.462,0.525,0.481,0.495,0.494,0.479,0.458,0.462,0.467,0.474,0.486,0.473,0.514,0.492,0.476,0.504,0.511,0.49,0.494,0.492,0.509,0.503,0.479,0.526,0.502,0.462,0.49,0.524,0.503,0.498,0.513,0.534,0.496,0.521,0.508,0.491,0.53,0.477,0.508,0.519
1.18,0.954,0.862,0.659,0.624,0.568,0.6,0.524,0.476,0.486,0.549,0.451,0.491,0.496,0.441,0.522,0.436,0.406,0.431,0.472,0.42,0.45,0.4,0.456,0.398,0.395,0.464,0.407,0.402,0.427,0.412,0.44,0.473,0.404,0.417,0.454,0.445,0.479,0.42,0.435,0.429,0.439,0.455,0.448,0.461,0.428,0.523,0.436,0.443,0.467,0.462,0.475,0.483,0.428,0.468,0.461,0.468,0.429,0.436,0.474,0.494,0.47,0.493,0.479,0.46,0.516,0.463,0.472,0.506,0.485,0.472,0.5,0.457,0.54,0.484,0.489,0.471,0.498,0.486,0.476,0.531,0.496,0.503,0.479,0.49,0.509,0.483,0.503,0.487,0.504,0.54,0.49,0.497,0.499,0.512,0.533,0.527,0.523,0.509,0.476

learning_rate
0.01,0.01,0.01,0.01,0.01,0.01,0.01,0.01,0.01,0.01,0.01,0.01,0.01,0.01,0.01,0.01,0.01,0.01,0.01,0.01,0.01,0.01,0.01,0.01,0.01,0.01,0.01,0.01,0.01,0.01,0.01,0.01,0.01,0.01,0.01,0.01,0.01,0.01,0.01,0.01,0.01,0.01,0.01,0.01,0.01,0.01,0.01,0.01,0.01,0.01,0.01,0.01,0.01,0.01,0.01,0.01,0.01,0.01,0.01,0.01,0.01,0.01,0.01,0.01,0.01,0.01,0.01,0.01,0.01,0.01,0.01,0.01,0.01,0.01,0.01,0.01,0.01,0.01,0.01,0.01,0.01,0.01,0.01,0.01,0.01,0.01,0.01,0.01,0.01,0.01,0.01,0.01,0.01,0.01,0.01,0.01,0.01,0.01,0.01,0.01
0.01,0.01,0.01,0.01,0.01,0.01,0.01,0.01,0.01,0.01,0.01,0.01,0.01,0.01,0.01,0.01,0.01,0.01,0.01,0.01,0.01,0.01,0.01,0.01,0.01,0.01,0.01,0.01,0.01,0.01,0.01,0.01,0.01,0.01,0.01,0.01,0.01,0.01,0.01,0.01,0.01,0.01,0.01,0.01,0.01,0.01,0.01,0.01,0.01,0.01,0.01,0.01,0.01,0.01,0.01,0.01,0.01,0.01,0.01,0.01,0.01,0.01,0.01,0.01,0.01,0.01,0.01,0.01,0.01,0.01,0.01,0.01,0.01,0.01,0.01,0.01,0.01,0.01,0.01,0.01,0.01,0.01,0.01,0.01,0.01,0.01,0.01,0.01,0.01,0.01,0.01,0.01,0.01,0.01,0.01,0.01,0.01,0.01,0.01,0.01
0.01,0.01,0.01,0.01,0.01,0.01,0.01,0.01,0.01,0.01,0.01,0.01,0.01,0.01,0.01,0.01,0.01,0.01,0.01,0.01,0.01,0.01,0.01,0.01,0.01,0.01,0.01,0.01,0.01,0.01,0.01,0.01,0.01,0.01,0.01,0.01,0.01,0.01,0.01,0.01,0.01,0.01,0.01,0.01,0.01,0.01,0.01,0.01,0.01,0.01,0.01,0.01,0.01,0.01,0.01,0.01,0.01,0.01,0.01,0.01,0.01,0.01,0.01,0.01,0.01,0.01,0.01,0.01,0.01,0.01,0.01,0.01,0.01,0.01,0.01,0.01,0.01,0.01,0.01,0.01,0.01,0.01,0.01,0.01,0.01,0.01,0.01,0.01,0.01,0.01,0.01,0.01,0.01,0.01,0.01,0.01,0.01,0.01,0.01,0.01

