parameters
sgd_lr:0.05
sgd_momentum:0.9
sgd_weight_decay:0
sgd_dampening:0
sgd_nesterov:False
architecture:vgg19bn_
dataset:cifar10
combine_datasets:False
do_validation_set:False
epochs:100
batch_size:128
test_set_split:0.1666667
validation_set_split:0.0
reduce_train_set:1
executions:3
base_seed:42
training_method:sgd
learning_method:constant

train_loss
2.434,1.944,1.71,1.444,1.163,0.961,0.826,0.708,0.626,0.571,0.516,0.48,0.443,0.408,0.38,0.355,0.332,0.313,0.289,0.266,0.255,0.243,0.223,0.213,0.201,0.185,0.178,0.17,0.156,0.149,0.139,0.131,0.126,0.122,0.117,0.111,0.105,0.1,0.094,0.09,0.087,0.081,0.079,0.072,0.07,0.07,0.06,0.065,0.059,0.056,0.054,0.054,0.049,0.051,0.046,0.046,0.043,0.043,0.043,0.039,0.038,0.039,0.036,0.035,0.035,0.031,0.032,0.029,0.033,0.031,0.028,0.03,0.027,0.026,0.025,0.027,0.024,0.024,0.026,0.021,0.024,0.023,0.021,0.021,0.02,0.02,0.017,0.021,0.019,0.02,0.017,0.019,0.017,0.018,0.018,0.016,0.016,0.016,0.016,0.015
2.422,1.951,1.757,1.55,1.303,1.045,0.871,0.748,0.662,0.604,0.544,0.502,0.461,0.427,0.397,0.369,0.345,0.32,0.302,0.282,0.263,0.25,0.233,0.221,0.21,0.194,0.186,0.175,0.167,0.159,0.148,0.139,0.132,0.128,0.12,0.117,0.105,0.1,0.102,0.094,0.089,0.086,0.079,0.078,0.071,0.072,0.068,0.067,0.062,0.062,0.058,0.055,0.056,0.052,0.049,0.048,0.045,0.046,0.043,0.041,0.039,0.039,0.039,0.037,0.036,0.034,0.035,0.033,0.028,0.032,0.028,0.028,0.029,0.026,0.025,0.025,0.026,0.026,0.026,0.026,0.024,0.022,0.021,0.022,0.023,0.025,0.022,0.022,0.02,0.019,0.02,0.02,0.019,0.016,0.017,0.017,0.018,0.019,0.017,0.015
2.48,1.923,1.703,1.479,1.211,0.981,0.836,0.731,0.658,0.596,0.545,0.505,0.468,0.44,0.411,0.381,0.365,0.333,0.312,0.291,0.278,0.26,0.245,0.236,0.219,0.203,0.196,0.183,0.176,0.17,0.158,0.149,0.141,0.138,0.128,0.124,0.112,0.107,0.104,0.105,0.096,0.089,0.085,0.079,0.08,0.074,0.072,0.071,0.066,0.066,0.063,0.06,0.053,0.053,0.052,0.053,0.05,0.046,0.047,0.042,0.043,0.042,0.041,0.038,0.038,0.039,0.033,0.032,0.033,0.032,0.032,0.03,0.031,0.03,0.028,0.028,0.028,0.027,0.025,0.024,0.024,0.023,0.025,0.022,0.024,0.021,0.022,0.021,0.021,0.022,0.021,0.017,0.02,0.018,0.018,0.015,0.018,0.015,0.018,0.017

train_acc1
15.838,24.474,33.766,45.948,57.98,66.268,71.692,76.036,79.028,81.036,82.914,83.966,85.242,86.426,87.43,88.152,89.098,89.464,90.2,90.942,91.51,91.944,92.446,92.748,93.28,93.75,94.076,94.184,94.768,94.908,95.292,95.572,95.708,95.918,96.028,96.22,96.346,96.626,96.84,96.99,97.09,97.108,97.354,97.63,97.576,97.624,97.948,97.762,97.984,98.052,98.126,98.09,98.302,98.276,98.49,98.384,98.582,98.558,98.504,98.642,98.754,98.744,98.832,98.832,98.794,98.932,98.92,98.99,98.884,98.944,99.068,98.932,99.112,99.088,99.186,99.044,99.2,99.166,99.174,99.25,99.204,99.23,99.264,99.278,99.356,99.334,99.382,99.302,99.372,99.27,99.434,99.366,99.406,99.388,99.37,99.412,99.466,99.44,99.448,99.506
14.406,23.696,31.84,40.642,52.416,62.908,69.684,74.442,77.496,79.696,81.644,82.978,84.454,85.6,86.734,87.56,88.368,89.268,89.66,90.538,91.166,91.464,92.096,92.488,92.896,93.516,93.598,94.034,94.274,94.532,94.936,95.268,95.468,95.654,95.942,95.882,96.528,96.612,96.494,96.784,96.93,97.05,97.282,97.296,97.494,97.55,97.694,97.648,97.782,97.88,98.054,98.122,98.11,98.206,98.32,98.376,98.47,98.43,98.5,98.62,98.596,98.622,98.67,98.768,98.716,98.84,98.752,98.874,99.064,98.928,99.038,99.086,99.028,99.11,99.15,99.118,99.166,99.076,99.104,99.108,99.17,99.282,99.286,99.24,99.184,99.182,99.264,99.298,99.316,99.332,99.318,99.344,99.362,99.506,99.406,99.462,99.394,99.358,99.418,99.478
15.654,24.658,34.63,44.706,55.952,65.218,70.694,75.152,77.616,79.982,81.636,83.05,84.384,85.186,86.264,87.274,87.76,88.748,89.474,90.21,90.712,91.276,91.666,92.096,92.638,93.088,93.354,93.856,94.092,94.266,94.672,94.936,95.226,95.36,95.702,95.738,96.17,96.376,96.374,96.358,96.734,96.948,97.016,97.298,97.27,97.5,97.57,97.574,97.726,97.724,97.814,97.892,98.25,98.188,98.23,98.214,98.22,98.434,98.398,98.538,98.506,98.506,98.566,98.706,98.646,98.706,98.824,98.868,98.88,98.926,98.878,99.008,98.922,98.968,99.072,99.02,99.038,99.064,99.146,99.158,99.204,99.24,99.138,99.276,99.246,99.278,99.26,99.226,99.308,99.192,99.266,99.41,99.322,99.39,99.438,99.46,99.374,99.502,99.392,99.424

val_acc1
21.4,30.18,39.76,52.22,63.63,65.78,66.63,74.76,79.43,79.9,82.57,81.84,81.2,81.55,84.86,84.28,85.96,86.31,86.55,85.81,87.14,86.99,88.23,87.7,88.28,88.56,88.62,88.18,88.8,89.09,88.86,88.74,89.5,89.26,89.56,89.46,89.5,88.92,89.71,89.5,89.68,89.55,89.65,90.0,89.52,90.2,89.98,89.88,90.2,89.85,89.78,89.71,90.12,89.55,90.11,90.17,90.7,90.28,90.27,90.08,89.94,90.26,90.29,90.82,90.7,89.92,89.91,90.2,90.73,90.61,90.81,90.03,90.78,90.26,90.65,90.7,90.72,90.47,90.31,90.99,90.69,90.64,90.37,90.45,90.77,91.16,90.69,90.81,90.27,90.72,90.86,90.82,90.74,91.1,90.65,90.66,90.78,90.77,91.01,90.63
19.88,29.58,35.0,44.72,52.26,64.3,68.42,75.91,78.43,76.17,78.9,82.63,81.19,81.34,83.14,85.03,83.49,85.55,86.34,87.03,86.61,85.47,87.64,87.25,88.71,88.31,88.32,88.46,85.4,88.3,88.02,87.7,88.96,89.3,89.12,90.06,88.16,88.41,88.96,89.76,88.49,89.24,89.53,89.37,89.67,89.8,89.64,90.28,89.36,89.15,89.96,90.06,89.33,90.18,89.41,89.99,89.85,89.83,89.75,90.0,89.56,90.38,90.35,89.95,90.27,89.91,90.17,90.63,89.76,90.44,90.38,90.11,90.62,90.16,90.36,90.29,90.44,89.85,90.34,91.03,90.28,90.64,90.15,90.53,90.28,90.59,89.95,90.24,90.01,90.66,90.66,90.89,90.81,90.58,90.76,90.33,90.63,90.75,90.84,90.65
19.79,31.45,37.18,46.49,59.15,65.46,68.6,71.16,77.16,79.02,77.75,81.12,81.47,83.26,83.4,83.86,84.62,85.7,86.08,86.14,85.01,86.43,86.44,86.03,87.2,87.99,88.1,87.45,88.84,88.27,88.52,86.98,88.92,88.95,88.42,88.96,89.28,88.34,89.22,89.06,88.55,89.3,89.7,89.44,89.48,89.79,90.16,90.2,89.2,89.84,89.92,90.23,90.21,89.4,90.0,90.29,90.04,89.98,90.0,90.26,89.84,89.58,90.0,89.66,90.28,89.09,89.9,90.51,90.26,90.23,89.7,90.23,90.42,90.51,90.59,90.27,90.36,90.86,90.37,90.51,90.99,90.96,90.4,90.48,90.71,90.64,90.74,91.06,90.61,90.97,90.58,90.88,90.33,90.93,90.91,90.66,90.91,90.79,91.17,90.94

val_loss
1.997,1.778,1.572,1.325,1.029,0.965,0.988,0.76,0.626,0.607,0.527,0.567,0.568,0.572,0.47,0.51,0.441,0.425,0.42,0.458,0.41,0.432,0.372,0.403,0.377,0.37,0.376,0.385,0.381,0.36,0.37,0.388,0.371,0.384,0.379,0.378,0.382,0.411,0.392,0.395,0.408,0.388,0.386,0.406,0.437,0.393,0.429,0.413,0.409,0.41,0.416,0.442,0.431,0.447,0.44,0.424,0.414,0.42,0.427,0.435,0.453,0.453,0.431,0.418,0.411,0.461,0.454,0.481,0.41,0.449,0.435,0.463,0.456,0.454,0.483,0.43,0.46,0.475,0.46,0.438,0.467,0.47,0.47,0.453,0.45,0.445,0.47,0.448,0.507,0.454,0.459,0.464,0.472,0.452,0.482,0.489,0.481,0.493,0.46,0.502
2.071,1.804,1.667,1.542,1.298,1.008,0.907,0.71,0.649,0.712,0.642,0.514,0.56,0.568,0.526,0.453,0.497,0.43,0.422,0.402,0.417,0.494,0.394,0.396,0.378,0.369,0.385,0.394,0.491,0.386,0.412,0.449,0.385,0.361,0.378,0.37,0.443,0.425,0.41,0.397,0.452,0.409,0.397,0.416,0.426,0.421,0.403,0.388,0.443,0.427,0.412,0.404,0.429,0.412,0.452,0.431,0.452,0.43,0.432,0.435,0.477,0.43,0.43,0.459,0.448,0.456,0.426,0.427,0.498,0.442,0.435,0.469,0.446,0.468,0.457,0.474,0.441,0.486,0.472,0.419,0.473,0.472,0.483,0.473,0.468,0.447,0.488,0.472,0.509,0.469,0.476,0.443,0.427,0.481,0.467,0.502,0.483,0.438,0.447,0.514
1.998,1.759,1.722,1.515,1.136,0.997,0.9,0.881,0.699,0.628,0.676,0.583,0.556,0.503,0.502,0.529,0.482,0.446,0.435,0.436,0.485,0.441,0.428,0.434,0.399,0.37,0.386,0.434,0.361,0.398,0.396,0.483,0.383,0.4,0.418,0.391,0.387,0.424,0.372,0.406,0.428,0.417,0.416,0.422,0.414,0.386,0.381,0.384,0.43,0.393,0.416,0.392,0.421,0.43,0.443,0.408,0.428,0.419,0.417,0.419,0.459,0.45,0.438,0.464,0.446,0.501,0.5,0.466,0.45,0.482,0.479,0.455,0.446,0.431,0.45,0.455,0.459,0.413,0.481,0.472,0.448,0.437,0.459,0.474,0.458,0.467,0.471,0.437,0.472,0.433,0.454,0.455,0.476,0.48,0.437,0.478,0.458,0.47,0.435,0.459

learning_rate
0.05,0.05,0.05,0.05,0.05,0.05,0.05,0.05,0.05,0.05,0.05,0.05,0.05,0.05,0.05,0.05,0.05,0.05,0.05,0.05,0.05,0.05,0.05,0.05,0.05,0.05,0.05,0.05,0.05,0.05,0.05,0.05,0.05,0.05,0.05,0.05,0.05,0.05,0.05,0.05,0.05,0.05,0.05,0.05,0.05,0.05,0.05,0.05,0.05,0.05,0.05,0.05,0.05,0.05,0.05,0.05,0.05,0.05,0.05,0.05,0.05,0.05,0.05,0.05,0.05,0.05,0.05,0.05,0.05,0.05,0.05,0.05,0.05,0.05,0.05,0.05,0.05,0.05,0.05,0.05,0.05,0.05,0.05,0.05,0.05,0.05,0.05,0.05,0.05,0.05,0.05,0.05,0.05,0.05,0.05,0.05,0.05,0.05,0.05,0.05
0.05,0.05,0.05,0.05,0.05,0.05,0.05,0.05,0.05,0.05,0.05,0.05,0.05,0.05,0.05,0.05,0.05,0.05,0.05,0.05,0.05,0.05,0.05,0.05,0.05,0.05,0.05,0.05,0.05,0.05,0.05,0.05,0.05,0.05,0.05,0.05,0.05,0.05,0.05,0.05,0.05,0.05,0.05,0.05,0.05,0.05,0.05,0.05,0.05,0.05,0.05,0.05,0.05,0.05,0.05,0.05,0.05,0.05,0.05,0.05,0.05,0.05,0.05,0.05,0.05,0.05,0.05,0.05,0.05,0.05,0.05,0.05,0.05,0.05,0.05,0.05,0.05,0.05,0.05,0.05,0.05,0.05,0.05,0.05,0.05,0.05,0.05,0.05,0.05,0.05,0.05,0.05,0.05,0.05,0.05,0.05,0.05,0.05,0.05,0.05
0.05,0.05,0.05,0.05,0.05,0.05,0.05,0.05,0.05,0.05,0.05,0.05,0.05,0.05,0.05,0.05,0.05,0.05,0.05,0.05,0.05,0.05,0.05,0.05,0.05,0.05,0.05,0.05,0.05,0.05,0.05,0.05,0.05,0.05,0.05,0.05,0.05,0.05,0.05,0.05,0.05,0.05,0.05,0.05,0.05,0.05,0.05,0.05,0.05,0.05,0.05,0.05,0.05,0.05,0.05,0.05,0.05,0.05,0.05,0.05,0.05,0.05,0.05,0.05,0.05,0.05,0.05,0.05,0.05,0.05,0.05,0.05,0.05,0.05,0.05,0.05,0.05,0.05,0.05,0.05,0.05,0.05,0.05,0.05,0.05,0.05,0.05,0.05,0.05,0.05,0.05,0.05,0.05,0.05,0.05,0.05,0.05,0.05,0.05,0.05

