parameters
sgd_lr:0.5
sgd_momentum:0.9
sgd_weight_decay:0
sgd_dampening:0
sgd_nesterov:False
architecture:vgg19bn_
dataset:cifar10
combine_datasets:False
do_validation_set:False
epochs:100
batch_size:128
test_set_split:0.1666667
validation_set_split:0.0
reduce_train_set:1
executions:3
base_seed:42
training_method:sgd
learning_method:constant

train_loss
2.69,2.311,2.311,2.312,2.311,2.312,2.312,2.313,2.311,2.312,2.311,2.312,2.311,2.312,2.313,2.312,2.311,2.31,2.312,2.311,2.311,2.311,2.312,2.312,2.311,2.311,2.313,2.311,2.312,2.313,2.311,2.311,2.31,2.312,2.311,2.311,2.311,2.311,2.313,2.312,2.311,2.312,2.312,2.311,2.311,2.312,2.311,2.311,2.311,2.312,2.31,2.312,2.311,2.312,2.312,2.311,2.312,2.311,2.311,2.312,2.312,2.311,2.312,2.312,2.311,2.311,2.311,2.312,2.311,2.312,2.312,2.311,2.311,2.312,2.31,2.313,2.313,2.312,2.311,2.312,2.311,2.311,2.312,2.311,2.311,2.312,2.311,2.312,2.311,2.312,2.312,2.311,2.311,2.312,2.313,2.312,2.312,2.311,2.312,2.311
2.615,2.311,2.311,2.312,2.311,2.312,2.312,2.313,2.311,2.312,2.311,2.312,2.311,2.312,2.313,2.312,2.311,2.31,2.312,2.311,2.311,2.311,2.312,2.312,2.311,2.311,2.313,2.311,2.312,2.313,2.311,2.311,2.31,2.312,2.311,2.311,2.311,2.311,2.313,2.312,2.311,2.312,2.312,2.311,2.311,2.312,2.311,2.311,2.311,2.312,2.31,2.312,2.311,2.312,2.312,2.311,2.312,2.311,2.311,2.312,2.312,2.311,2.312,2.312,2.311,2.311,2.311,2.312,2.311,2.312,2.312,2.311,2.311,2.312,2.31,2.313,2.313,2.312,2.311,2.312,2.311,2.311,2.312,2.311,2.311,2.312,2.311,2.312,2.311,2.312,2.312,2.311,2.311,2.312,2.313,2.312,2.312,2.311,2.312,2.311
2.597,2.256,2.187,2.065,2.014,1.978,1.981,1.955,1.951,1.938,1.907,1.91,1.905,1.893,1.865,1.867,1.842,1.838,1.846,1.812,1.807,1.765,1.755,1.726,1.742,1.746,1.693,1.692,1.693,1.692,1.648,1.629,1.631,1.605,1.59,1.6,1.547,1.535,1.555,1.584,1.525,1.512,1.547,1.534,1.507,1.502,1.475,1.483,1.482,1.473,1.449,1.415,1.477,1.413,1.401,1.404,1.354,1.377,1.391,1.361,1.375,1.349,1.301,1.354,1.326,1.329,1.307,1.304,1.269,1.268,1.311,1.288,1.222,1.221,1.257,1.296,1.264,1.217,1.244,1.257,1.213,1.212,1.223,1.194,1.159,1.253,1.179,1.194,1.135,1.153,1.202,1.158,1.203,1.139,1.079,1.104,1.174,1.187,1.12,1.149

train_acc1
10.046,10.092,10.158,9.896,10.072,9.84,9.796,9.824,9.892,10.128,9.906,10.062,9.94,9.958,9.686,10.03,9.796,9.98,10.116,9.766,9.86,9.84,9.798,10.068,9.988,10.01,9.676,10.034,9.88,9.92,10.17,9.828,10.162,9.688,10.032,9.942,10.296,10.152,9.978,9.764,10.04,9.998,9.882,10.008,9.974,9.86,9.888,10.012,9.772,10.024,10.178,9.812,10.018,9.874,10.078,10.156,10.1,10.104,9.984,9.922,9.886,10.026,9.984,9.91,9.946,10.056,9.974,10.134,10.044,10.026,9.99,10.002,9.968,10.27,9.99,9.846,9.974,10.042,9.864,10.018,9.85,9.832,10.116,10.056,9.964,9.918,9.996,9.878,10.0,10.01,9.962,10.074,9.988,10.15,10.006,9.946,10.06,9.966,10.098,10.19
10.024,10.092,10.158,9.896,10.072,9.84,9.796,9.824,9.892,10.128,9.906,10.062,9.94,9.958,9.686,10.03,9.796,9.98,10.116,9.766,9.86,9.84,9.798,10.068,9.988,10.01,9.676,10.034,9.88,9.92,10.17,9.828,10.162,9.688,10.032,9.942,10.296,10.152,9.978,9.764,10.04,9.998,9.882,10.008,9.974,9.86,9.888,10.012,9.772,10.024,10.178,9.812,10.018,9.874,10.078,10.156,10.1,10.104,9.984,9.922,9.886,10.026,9.984,9.91,9.946,10.056,9.974,10.134,10.044,10.026,9.99,10.002,9.968,10.27,9.99,9.846,9.974,10.042,9.864,10.018,9.85,9.832,10.116,10.056,9.964,9.918,9.996,9.878,10.0,10.01,9.962,10.074,9.988,10.15,10.006,9.946,10.06,9.966,10.098,10.19
10.766,12.364,14.962,17.838,17.75,18.522,18.32,18.902,19.294,19.77,21.23,21.9,22.35,22.638,23.71,23.688,24.256,25.042,24.55,25.356,26.406,28.07,29.326,30.28,30.166,30.154,31.246,31.676,31.88,32.302,32.956,33.502,34.002,34.306,34.876,34.534,36.104,36.926,36.39,35.596,37.806,38.036,37.15,36.808,38.23,38.05,39.666,38.912,39.16,39.088,40.008,40.8,39.25,41.108,41.664,41.672,42.998,42.73,42.01,42.7,42.848,43.714,45.366,43.956,45.214,44.702,45.518,45.73,46.746,47.508,45.61,46.37,49.054,49.528,47.55,45.852,47.38,49.262,48.604,48.346,50.288,50.04,49.246,50.768,52.318,49.476,50.326,50.894,52.696,52.864,51.004,52.884,51.162,53.8,56.13,55.468,51.614,52.116,53.694,53.634

val_acc1
10.0,10.05,9.98,10.0,10.01,9.99,9.97,10.06,10.03,10.0,10.0,10.01,10.0,10.0,10.0,10.06,9.99,10.01,10.04,9.99,10.0,10.0,10.0,10.0,9.97,10.0,10.03,10.01,10.0,10.01,10.0,9.99,9.99,9.99,10.02,10.03,10.01,10.02,10.02,10.0,9.99,10.03,10.0,10.04,10.04,10.0,10.0,10.03,10.01,10.0,10.03,10.0,10.0,10.04,10.01,9.95,10.04,10.02,10.0,9.97,10.01,10.01,10.01,10.0,10.0,10.0,10.0,9.98,9.98,10.0,10.01,10.0,10.01,10.04,10.01,9.97,9.99,10.0,10.0,10.0,9.99,10.0,10.04,10.03,9.99,10.02,9.98,10.01,10.0,10.0,10.01,10.05,10.03,10.0,10.0,9.99,10.0,10.03,10.04,10.01
10.0,10.02,10.0,10.01,10.0,10.0,9.97,10.03,10.01,9.99,9.97,10.01,10.0,10.0,10.0,10.07,10.01,10.0,9.99,9.97,10.01,10.0,10.0,10.0,9.99,9.98,10.0,9.97,10.0,10.0,9.99,10.0,10.0,10.0,10.01,10.0,10.01,10.02,9.99,10.01,10.0,10.0,10.01,9.98,9.98,10.0,10.0,10.02,10.0,10.0,9.98,10.02,10.0,9.99,10.0,9.99,10.0,9.99,10.02,10.0,10.0,9.98,10.02,10.01,9.98,10.0,10.02,10.0,10.0,10.0,9.99,10.0,9.99,9.98,10.03,9.96,9.98,10.0,10.01,9.98,10.0,10.0,9.98,10.0,9.98,9.99,10.0,9.98,10.0,10.0,10.0,10.0,9.99,9.98,9.99,9.98,10.0,9.99,10.02,10.0
11.81,15.58,17.68,17.11,17.58,16.46,18.28,19.97,17.4,21.63,22.2,21.85,20.59,22.95,24.19,25.48,27.5,26.18,21.36,24.66,26.88,27.33,32.38,33.07,33.19,33.68,23.91,23.34,34.13,38.22,35.68,34.51,33.34,33.73,32.61,35.12,34.58,40.1,33.57,35.89,37.78,30.54,33.66,39.71,39.0,38.73,47.12,39.34,42.71,34.35,39.66,41.2,40.24,43.07,39.39,45.55,39.55,46.11,43.18,41.0,47.23,41.82,48.77,40.93,49.43,43.23,40.62,46.33,48.86,47.71,53.57,48.73,50.85,53.93,48.42,52.03,47.96,51.51,42.57,53.59,42.88,45.86,49.35,52.62,36.88,47.26,47.6,53.58,48.6,53.87,42.66,53.36,51.41,56.06,55.75,53.63,57.47,56.16,56.9,55.68

val_loss
2.315,2.31,2.308,2.309,2.311,2.304,2.315,2.308,2.311,2.307,2.309,2.311,2.317,2.312,2.307,2.316,2.31,2.305,2.31,2.306,2.308,2.317,2.308,2.306,2.309,2.313,2.313,2.304,2.308,2.305,2.314,2.31,2.305,2.31,2.312,2.312,2.313,2.32,2.307,2.309,2.308,2.312,2.307,2.31,2.312,2.306,2.313,2.31,2.311,2.316,2.31,2.307,2.309,2.311,2.315,2.309,2.309,2.315,2.307,2.307,2.314,2.31,2.322,2.31,2.309,2.312,2.315,2.309,2.305,2.311,2.308,2.31,2.306,2.315,2.306,2.308,2.308,2.319,2.308,2.308,2.318,2.305,2.31,2.312,2.304,2.315,2.307,2.31,2.316,2.307,2.309,2.315,2.31,2.312,2.317,2.306,2.311,2.312,2.306,2.312
2.317,2.311,2.309,2.309,2.311,2.304,2.316,2.309,2.312,2.308,2.31,2.312,2.318,2.314,2.308,2.317,2.311,2.306,2.311,2.308,2.309,2.319,2.309,2.307,2.31,2.313,2.314,2.305,2.309,2.305,2.315,2.311,2.306,2.311,2.313,2.313,2.313,2.321,2.308,2.31,2.309,2.313,2.308,2.311,2.313,2.307,2.313,2.31,2.311,2.317,2.31,2.308,2.31,2.312,2.315,2.309,2.309,2.317,2.308,2.308,2.315,2.31,2.323,2.311,2.309,2.312,2.316,2.31,2.306,2.311,2.308,2.31,2.307,2.315,2.307,2.308,2.308,2.319,2.308,2.308,2.319,2.306,2.311,2.313,2.304,2.315,2.308,2.31,2.317,2.307,2.31,2.317,2.31,2.312,2.318,2.306,2.312,2.312,2.307,2.312
2.287,2.215,2.163,1.975,1.962,2.247,2.024,1.946,2.186,1.9,1.904,1.946,1.899,1.905,1.993,1.806,1.811,1.839,1.948,1.866,2.023,1.796,1.659,1.716,1.709,1.635,2.394,1.813,1.661,1.558,1.58,1.542,1.621,1.616,1.631,1.504,1.543,1.585,1.594,1.831,1.497,1.722,1.832,1.513,1.451,1.556,1.396,1.534,1.47,1.584,1.413,1.615,1.557,1.334,1.422,1.371,1.451,1.381,1.452,1.567,1.406,1.397,1.337,1.386,1.446,1.388,1.523,1.534,1.321,1.448,1.266,1.43,1.338,1.407,1.479,1.285,1.333,1.297,1.453,1.255,1.607,1.322,1.378,1.319,1.709,1.324,1.377,1.253,1.346,1.468,1.49,1.193,1.362,1.25,1.296,1.482,1.267,1.293,1.31,1.42

learning_rate
0.5,0.5,0.5,0.5,0.5,0.5,0.5,0.5,0.5,0.5,0.5,0.5,0.5,0.5,0.5,0.5,0.5,0.5,0.5,0.5,0.5,0.5,0.5,0.5,0.5,0.5,0.5,0.5,0.5,0.5,0.5,0.5,0.5,0.5,0.5,0.5,0.5,0.5,0.5,0.5,0.5,0.5,0.5,0.5,0.5,0.5,0.5,0.5,0.5,0.5,0.5,0.5,0.5,0.5,0.5,0.5,0.5,0.5,0.5,0.5,0.5,0.5,0.5,0.5,0.5,0.5,0.5,0.5,0.5,0.5,0.5,0.5,0.5,0.5,0.5,0.5,0.5,0.5,0.5,0.5,0.5,0.5,0.5,0.5,0.5,0.5,0.5,0.5,0.5,0.5,0.5,0.5,0.5,0.5,0.5,0.5,0.5,0.5,0.5,0.5
0.5,0.5,0.5,0.5,0.5,0.5,0.5,0.5,0.5,0.5,0.5,0.5,0.5,0.5,0.5,0.5,0.5,0.5,0.5,0.5,0.5,0.5,0.5,0.5,0.5,0.5,0.5,0.5,0.5,0.5,0.5,0.5,0.5,0.5,0.5,0.5,0.5,0.5,0.5,0.5,0.5,0.5,0.5,0.5,0.5,0.5,0.5,0.5,0.5,0.5,0.5,0.5,0.5,0.5,0.5,0.5,0.5,0.5,0.5,0.5,0.5,0.5,0.5,0.5,0.5,0.5,0.5,0.5,0.5,0.5,0.5,0.5,0.5,0.5,0.5,0.5,0.5,0.5,0.5,0.5,0.5,0.5,0.5,0.5,0.5,0.5,0.5,0.5,0.5,0.5,0.5,0.5,0.5,0.5,0.5,0.5,0.5,0.5,0.5,0.5
0.5,0.5,0.5,0.5,0.5,0.5,0.5,0.5,0.5,0.5,0.5,0.5,0.5,0.5,0.5,0.5,0.5,0.5,0.5,0.5,0.5,0.5,0.5,0.5,0.5,0.5,0.5,0.5,0.5,0.5,0.5,0.5,0.5,0.5,0.5,0.5,0.5,0.5,0.5,0.5,0.5,0.5,0.5,0.5,0.5,0.5,0.5,0.5,0.5,0.5,0.5,0.5,0.5,0.5,0.5,0.5,0.5,0.5,0.5,0.5,0.5,0.5,0.5,0.5,0.5,0.5,0.5,0.5,0.5,0.5,0.5,0.5,0.5,0.5,0.5,0.5,0.5,0.5,0.5,0.5,0.5,0.5,0.5,0.5,0.5,0.5,0.5,0.5,0.5,0.5,0.5,0.5,0.5,0.5,0.5,0.5,0.5,0.5,0.5,0.5

