parameters
sgd_lr:1
sgd_momentum:0
sgd_weight_decay:0
sgd_dampening:0
sgd_nesterov:False
architecture:vgg19bn_
dataset:cifar10
combine_datasets:False
do_validation_set:False
epochs:100
batch_size:128
test_set_split:0.1666667
validation_set_split:0.0
reduce_train_set:1
executions:3
base_seed:42
training_method:sgd
learning_method:constant

train_loss
2.562,2.299,2.299,2.299,2.298,2.296,2.295,2.293,2.269,2.046,1.886,1.792,1.667,1.526,1.393,1.27,1.151,1.049,0.964,0.88,0.811,0.746,0.688,0.634,0.591,0.54,0.513,0.477,0.456,0.425,0.405,0.387,0.365,0.35,0.33,0.307,0.296,0.284,0.272,0.26,0.248,0.236,0.222,0.215,0.205,0.201,0.189,0.185,0.176,0.168,0.155,0.15,0.142,0.135,0.132,0.132,0.121,0.118,0.113,0.106,0.104,0.1,0.096,0.095,0.092,0.088,0.082,0.079,0.077,0.074,0.074,0.072,0.069,0.065,0.07,0.061,0.06,0.059,0.055,0.056,0.054,0.049,0.052,0.048,0.048,0.045,0.043,0.043,0.039,0.045,0.041,0.035,0.038,0.039,0.037,0.037,0.034,0.036,0.032,0.033
2.584,2.082,1.935,1.884,1.845,1.81,1.742,1.629,1.55,1.454,1.325,1.177,1.051,0.95,0.878,0.817,0.763,0.715,0.674,0.635,0.602,0.571,0.543,0.515,0.498,0.468,0.452,0.434,0.412,0.398,0.38,0.367,0.354,0.338,0.325,0.31,0.296,0.282,0.274,0.262,0.256,0.243,0.236,0.226,0.215,0.214,0.2,0.197,0.183,0.177,0.171,0.165,0.153,0.158,0.147,0.142,0.136,0.128,0.123,0.12,0.115,0.11,0.11,0.104,0.101,0.096,0.094,0.092,0.084,0.083,0.081,0.079,0.077,0.073,0.073,0.071,0.067,0.06,0.065,0.066,0.06,0.058,0.054,0.055,0.054,0.049,0.051,0.048,0.045,0.047,0.047,0.043,0.042,0.045,0.038,0.039,0.039,0.039,0.036,0.038
2.592,2.299,2.292,2.252,2.236,2.002,1.927,1.891,1.856,1.824,1.757,1.663,1.582,1.497,1.425,1.332,1.248,1.139,1.048,0.961,0.888,0.816,0.757,0.695,0.659,0.613,0.582,0.554,0.521,0.502,0.472,0.451,0.432,0.412,0.396,0.373,0.355,0.342,0.333,0.318,0.307,0.291,0.285,0.266,0.253,0.246,0.241,0.232,0.219,0.211,0.203,0.193,0.184,0.18,0.171,0.169,0.162,0.156,0.146,0.14,0.135,0.128,0.123,0.119,0.115,0.111,0.108,0.1,0.101,0.095,0.093,0.084,0.086,0.083,0.08,0.076,0.076,0.072,0.068,0.067,0.065,0.066,0.063,0.063,0.059,0.057,0.054,0.051,0.053,0.049,0.048,0.046,0.046,0.045,0.043,0.045,0.04,0.039,0.039,0.04

train_acc1
10.366,10.66,10.858,10.756,10.598,10.842,10.956,11.308,13.154,19.498,24.524,29.468,34.556,41.384,47.692,53.768,58.914,62.994,66.424,69.52,72.102,74.766,77.156,79.006,80.44,82.11,82.894,84.2,84.776,85.782,86.586,87.112,87.824,88.372,88.982,89.72,90.066,90.526,90.93,91.284,91.676,92.114,92.672,92.738,93.024,93.166,93.64,93.766,94.11,94.298,94.742,94.868,95.188,95.364,95.556,95.528,95.926,96.054,96.25,96.554,96.476,96.612,96.768,96.816,96.916,97.126,97.222,97.304,97.396,97.48,97.47,97.618,97.634,97.802,97.72,97.916,98.042,98.032,98.054,98.126,98.15,98.362,98.256,98.376,98.358,98.508,98.61,98.54,98.73,98.484,98.578,98.776,98.738,98.7,98.736,98.702,98.854,98.778,98.942,98.894
11.812,17.992,21.844,23.44,24.65,26.35,31.258,36.734,40.708,45.26,51.428,58.168,62.934,66.564,69.372,71.638,73.922,75.628,77.106,78.618,79.704,80.942,81.856,82.636,83.272,84.344,84.854,85.488,86.182,86.726,87.156,87.696,88.246,88.812,89.134,89.512,90.098,90.524,90.764,91.284,91.434,91.87,91.952,92.398,92.674,92.628,93.222,93.352,93.886,94.006,94.174,94.422,94.796,94.564,94.896,95.17,95.382,95.668,95.78,95.898,96.098,96.256,96.24,96.49,96.592,96.756,96.818,96.83,97.18,97.222,97.26,97.388,97.352,97.488,97.438,97.678,97.77,97.93,97.808,97.736,97.988,98.018,98.122,98.056,98.218,98.342,98.256,98.394,98.428,98.4,98.432,98.548,98.574,98.468,98.702,98.674,98.732,98.668,98.852,98.766
10.492,10.916,11.536,13.112,13.868,19.784,21.608,23.038,24.898,26.708,30.432,34.938,37.848,42.652,46.706,51.594,55.766,59.664,63.14,66.346,69.6,72.376,74.316,76.334,77.832,79.29,80.4,81.692,82.644,83.358,84.26,85.046,85.54,86.248,86.934,87.554,88.098,88.564,88.898,89.568,89.678,90.292,90.508,91.112,91.588,91.884,92.028,92.306,92.658,92.994,93.156,93.496,93.98,94.004,94.194,94.316,94.576,94.814,95.184,95.278,95.44,95.694,95.868,96.052,96.13,96.36,96.342,96.624,96.646,96.812,96.95,97.178,97.164,97.202,97.366,97.506,97.404,97.61,97.734,97.774,97.784,97.876,97.894,97.998,98.026,98.164,98.268,98.322,98.256,98.348,98.418,98.46,98.486,98.448,98.552,98.564,98.674,98.746,98.73,98.692

val_acc1
11.06,10.8,11.07,10.54,11.43,10.45,11.4,12.09,17.16,22.98,25.32,32.25,35.05,43.02,46.83,47.72,60.15,58.52,62.73,67.37,68.85,75.61,73.15,72.64,78.62,77.68,81.02,79.68,81.38,80.9,82.7,80.62,83.58,81.57,82.2,76.84,85.02,85.07,79.73,84.09,84.32,84.15,86.0,86.54,83.84,85.05,86.98,87.03,86.86,85.95,86.81,86.62,85.98,85.83,87.73,87.77,87.74,88.02,88.34,86.08,87.77,87.91,87.85,84.26,88.12,88.04,87.83,88.09,88.52,88.73,88.57,88.37,87.58,89.05,87.0,85.08,87.81,88.75,87.7,88.86,88.67,89.23,88.9,89.19,89.07,89.26,87.01,88.73,89.36,88.1,88.35,88.65,89.16,88.14,89.32,89.09,89.02,89.62,89.13,88.13
15.09,20.81,24.4,22.09,24.13,25.33,34.72,32.91,34.75,44.51,48.06,59.24,54.98,69.75,64.53,58.54,70.94,71.31,69.29,74.42,65.83,78.65,76.74,81.41,80.64,79.46,80.86,80.51,83.13,83.07,83.19,83.37,84.41,82.83,83.79,80.61,81.42,84.93,80.23,84.53,85.35,84.1,86.2,85.33,83.1,84.8,84.29,84.16,85.29,86.36,84.59,85.28,86.27,86.66,85.4,87.64,86.5,86.07,86.21,87.12,86.96,87.56,87.18,87.8,87.41,88.12,86.73,87.74,87.28,86.62,87.98,87.14,87.7,88.67,87.5,87.51,87.7,87.79,88.02,88.26,87.57,87.87,87.96,87.22,87.7,86.96,88.35,88.5,88.62,88.76,88.59,88.08,88.78,86.01,87.26,88.4,88.63,88.79,88.7,88.57
10.43,11.55,12.65,14.0,19.14,20.69,23.24,21.73,25.33,25.23,35.33,34.65,40.4,44.57,41.22,36.89,57.74,51.95,59.91,62.22,65.0,68.92,71.57,76.84,76.85,79.39,73.51,77.01,77.21,78.54,80.24,78.96,81.18,81.95,81.32,83.23,82.03,80.8,79.43,80.59,85.1,85.19,80.94,85.93,77.7,81.84,86.74,86.48,83.38,83.5,85.54,84.72,83.71,86.42,86.99,86.37,86.98,85.95,87.17,85.07,87.66,86.24,87.59,86.29,87.67,88.12,87.89,87.28,87.53,87.01,88.48,88.05,86.46,88.14,86.88,87.09,87.86,87.04,87.1,87.89,87.45,88.1,87.89,88.24,88.16,88.3,87.47,87.33,85.83,88.86,88.73,88.74,88.01,87.45,87.71,88.24,88.95,87.87,88.99,87.47

val_loss
2.298,2.297,2.296,2.296,2.294,2.298,2.292,2.283,2.189,1.921,1.905,1.693,1.67,1.536,1.521,1.555,1.119,1.215,1.131,0.966,0.932,0.729,0.849,0.869,0.676,0.711,0.602,0.641,0.61,0.6,0.557,0.622,0.512,0.603,0.6,0.802,0.49,0.464,0.707,0.546,0.527,0.6,0.502,0.475,0.594,0.505,0.443,0.492,0.494,0.537,0.492,0.511,0.545,0.549,0.473,0.479,0.483,0.459,0.46,0.51,0.488,0.467,0.513,0.645,0.472,0.485,0.493,0.502,0.491,0.475,0.482,0.493,0.528,0.488,0.57,0.739,0.548,0.507,0.579,0.512,0.5,0.489,0.515,0.508,0.512,0.503,0.657,0.534,0.527,0.529,0.556,0.588,0.551,0.576,0.516,0.539,0.553,0.494,0.539,0.613
2.188,2.014,1.891,1.927,1.823,1.878,1.791,1.907,1.76,1.553,1.448,1.217,1.441,0.897,1.057,1.425,0.824,0.847,1.001,0.793,1.094,0.652,0.688,0.568,0.62,0.635,0.585,0.592,0.519,0.515,0.524,0.532,0.499,0.548,0.523,0.642,0.618,0.485,0.718,0.547,0.469,0.53,0.465,0.51,0.597,0.508,0.569,0.607,0.53,0.492,0.591,0.554,0.516,0.478,0.56,0.475,0.505,0.531,0.504,0.468,0.508,0.479,0.481,0.487,0.51,0.478,0.54,0.482,0.524,0.552,0.475,0.542,0.511,0.47,0.511,0.522,0.52,0.553,0.504,0.489,0.553,0.538,0.529,0.556,0.57,0.602,0.507,0.493,0.507,0.52,0.534,0.575,0.507,0.695,0.595,0.561,0.501,0.541,0.519,0.53
2.301,2.298,2.284,2.211,2.308,1.924,1.902,1.924,1.889,1.897,1.686,1.629,1.644,1.469,1.616,1.901,1.182,1.5,1.201,1.169,1.007,0.931,0.878,0.699,0.693,0.634,0.763,0.71,0.668,0.629,0.62,0.695,0.589,0.575,0.602,0.524,0.564,0.645,0.689,0.663,0.479,0.476,0.679,0.46,0.779,0.636,0.448,0.458,0.585,0.56,0.51,0.598,0.634,0.482,0.49,0.49,0.456,0.511,0.466,0.587,0.464,0.521,0.489,0.537,0.486,0.457,0.461,0.495,0.493,0.528,0.463,0.475,0.613,0.458,0.552,0.586,0.495,0.556,0.558,0.547,0.577,0.54,0.567,0.512,0.559,0.538,0.584,0.59,0.63,0.497,0.52,0.522,0.579,0.601,0.579,0.552,0.528,0.603,0.527,0.656

learning_rate
1.0,1.0,1.0,1.0,1.0,1.0,1.0,1.0,1.0,1.0,1.0,1.0,1.0,1.0,1.0,1.0,1.0,1.0,1.0,1.0,1.0,1.0,1.0,1.0,1.0,1.0,1.0,1.0,1.0,1.0,1.0,1.0,1.0,1.0,1.0,1.0,1.0,1.0,1.0,1.0,1.0,1.0,1.0,1.0,1.0,1.0,1.0,1.0,1.0,1.0,1.0,1.0,1.0,1.0,1.0,1.0,1.0,1.0,1.0,1.0,1.0,1.0,1.0,1.0,1.0,1.0,1.0,1.0,1.0,1.0,1.0,1.0,1.0,1.0,1.0,1.0,1.0,1.0,1.0,1.0,1.0,1.0,1.0,1.0,1.0,1.0,1.0,1.0,1.0,1.0,1.0,1.0,1.0,1.0,1.0,1.0,1.0,1.0,1.0,1.0
1.0,1.0,1.0,1.0,1.0,1.0,1.0,1.0,1.0,1.0,1.0,1.0,1.0,1.0,1.0,1.0,1.0,1.0,1.0,1.0,1.0,1.0,1.0,1.0,1.0,1.0,1.0,1.0,1.0,1.0,1.0,1.0,1.0,1.0,1.0,1.0,1.0,1.0,1.0,1.0,1.0,1.0,1.0,1.0,1.0,1.0,1.0,1.0,1.0,1.0,1.0,1.0,1.0,1.0,1.0,1.0,1.0,1.0,1.0,1.0,1.0,1.0,1.0,1.0,1.0,1.0,1.0,1.0,1.0,1.0,1.0,1.0,1.0,1.0,1.0,1.0,1.0,1.0,1.0,1.0,1.0,1.0,1.0,1.0,1.0,1.0,1.0,1.0,1.0,1.0,1.0,1.0,1.0,1.0,1.0,1.0,1.0,1.0,1.0,1.0
1.0,1.0,1.0,1.0,1.0,1.0,1.0,1.0,1.0,1.0,1.0,1.0,1.0,1.0,1.0,1.0,1.0,1.0,1.0,1.0,1.0,1.0,1.0,1.0,1.0,1.0,1.0,1.0,1.0,1.0,1.0,1.0,1.0,1.0,1.0,1.0,1.0,1.0,1.0,1.0,1.0,1.0,1.0,1.0,1.0,1.0,1.0,1.0,1.0,1.0,1.0,1.0,1.0,1.0,1.0,1.0,1.0,1.0,1.0,1.0,1.0,1.0,1.0,1.0,1.0,1.0,1.0,1.0,1.0,1.0,1.0,1.0,1.0,1.0,1.0,1.0,1.0,1.0,1.0,1.0,1.0,1.0,1.0,1.0,1.0,1.0,1.0,1.0,1.0,1.0,1.0,1.0,1.0,1.0,1.0,1.0,1.0,1.0,1.0,1.0

