parameters
sgd_lr:2
sgd_momentum:0.9
sgd_weight_decay:0
sgd_dampening:0
sgd_nesterov:True
architecture:vgg19bn_
dataset:cifar10
combine_datasets:False
do_validation_set:False
epochs:100
batch_size:128
test_set_split:0.1666667
validation_set_split:0.0
reduce_train_set:1
executions:3
base_seed:42
training_method:sgd
learning_method:constant

train_loss
3.553,2.322,2.321,2.321,2.322,2.321,2.321,2.322,2.321,2.321,2.319,2.321,2.322,2.321,2.322,2.322,2.322,2.321,2.321,2.322,2.321,2.323,2.322,2.32,2.322,2.32,2.323,2.322,2.322,2.321,2.32,2.322,2.321,2.321,2.322,2.321,2.32,2.321,2.322,2.322,2.321,2.322,2.321,2.321,2.322,2.322,2.321,2.323,2.323,2.322,2.321,2.322,2.321,2.322,2.321,2.323,2.321,2.322,2.321,2.322,2.322,2.322,2.321,2.321,2.321,2.321,2.322,2.319,2.321,2.321,2.321,2.321,2.321,2.321,2.322,2.322,2.321,2.321,2.321,2.322,2.322,2.322,2.321,2.321,2.323,2.322,2.321,2.321,2.321,2.323,2.322,2.322,2.322,2.321,2.32,2.323,2.322,2.322,2.321,2.321
3.467,2.322,2.321,2.321,2.322,2.321,2.321,2.322,2.321,2.321,2.319,2.321,2.322,2.321,2.322,2.322,2.322,2.321,2.321,2.322,2.321,2.323,2.322,2.32,2.322,2.32,2.323,2.322,2.322,2.321,2.32,2.322,2.321,2.321,2.322,2.321,2.32,2.321,2.322,2.322,2.321,2.322,2.321,2.321,2.322,2.322,2.321,2.323,2.323,2.322,2.321,2.322,2.321,2.322,2.321,2.323,2.321,2.322,2.321,2.322,2.322,2.322,2.321,2.321,2.321,2.321,2.322,2.319,2.321,2.321,2.321,2.321,2.321,2.321,2.322,2.322,2.321,2.321,2.321,2.322,2.322,2.322,2.321,2.321,2.323,2.322,2.321,2.321,2.321,2.323,2.322,2.322,2.322,2.321,2.32,2.323,2.322,2.322,2.321,2.321
3.538,2.322,2.321,2.321,2.322,2.321,2.321,2.322,2.321,2.321,2.319,2.321,2.322,2.321,2.322,2.322,2.322,2.321,2.321,2.322,2.321,2.323,2.322,2.32,2.322,2.32,2.323,2.322,2.322,2.321,2.32,2.322,2.321,2.321,2.322,2.321,2.32,2.321,2.322,2.322,2.321,2.322,2.321,2.321,2.322,2.322,2.321,2.323,2.323,2.322,2.321,2.322,2.321,2.322,2.321,2.323,2.321,2.322,2.321,2.322,2.322,2.322,2.321,2.321,2.321,2.321,2.322,2.319,2.321,2.321,2.321,2.321,2.321,2.321,2.322,2.322,2.321,2.321,2.321,2.322,2.322,2.322,2.321,2.321,2.323,2.322,2.321,2.321,2.321,2.323,2.322,2.322,2.322,2.321,2.32,2.323,2.322,2.322,2.321,2.321

train_acc1
9.932,9.944,10.118,10.238,9.67,9.784,10.024,9.908,9.95,10.112,9.914,10.198,9.836,9.828,9.908,10.05,9.916,10.25,10.074,9.918,10.078,9.982,10.044,10.036,9.876,10.01,10.092,10.008,10.092,10.264,9.87,9.946,9.858,9.946,9.728,9.92,10.246,10.126,10.0,9.924,9.912,10.008,10.024,10.092,10.082,10.056,9.778,9.922,9.686,9.992,9.966,9.854,9.97,10.03,10.198,9.87,9.892,9.948,9.896,9.988,10.154,9.974,9.962,9.936,10.03,10.058,9.85,9.862,9.966,10.166,10.166,9.67,9.828,10.016,10.072,9.998,9.876,10.246,10.088,9.968,9.858,9.818,9.99,9.818,10.094,9.99,10.16,10.116,10.128,9.758,10.084,10.136,9.88,10.136,9.862,9.878,10.156,9.996,10.11,9.896
9.91,9.944,10.118,10.238,9.67,9.784,10.024,9.908,9.95,10.112,9.914,10.198,9.836,9.828,9.908,10.05,9.916,10.25,10.074,9.918,10.078,9.982,10.044,10.036,9.876,10.01,10.092,10.008,10.092,10.264,9.87,9.946,9.858,9.946,9.728,9.92,10.246,10.126,10.0,9.924,9.912,10.008,10.024,10.092,10.082,10.056,9.778,9.922,9.686,9.992,9.966,9.854,9.97,10.03,10.198,9.87,9.892,9.948,9.896,9.988,10.154,9.974,9.962,9.936,10.03,10.058,9.85,9.862,9.966,10.166,10.166,9.67,9.828,10.016,10.072,9.998,9.876,10.246,10.088,9.968,9.858,9.818,9.99,9.818,10.094,9.99,10.16,10.116,10.128,9.758,10.084,10.136,9.88,10.136,9.862,9.878,10.156,9.996,10.11,9.896
10.01,9.948,10.118,10.238,9.67,9.784,10.024,9.908,9.95,10.112,9.914,10.198,9.836,9.828,9.908,10.05,9.916,10.25,10.074,9.918,10.078,9.982,10.044,10.036,9.876,10.01,10.092,10.008,10.092,10.264,9.87,9.946,9.858,9.946,9.728,9.92,10.246,10.126,10.0,9.924,9.912,10.008,10.024,10.092,10.082,10.056,9.778,9.922,9.686,9.992,9.966,9.854,9.97,10.03,10.198,9.87,9.892,9.948,9.896,9.988,10.154,9.974,9.962,9.936,10.03,10.058,9.85,9.862,9.966,10.166,10.166,9.67,9.828,10.016,10.072,9.998,9.876,10.246,10.088,9.968,9.858,9.818,9.99,9.818,10.094,9.99,10.16,10.116,10.128,9.758,10.084,10.136,9.88,10.136,9.862,9.878,10.156,9.996,10.11,9.896

val_acc1
10.0,10.0,10.03,9.95,10.0,10.0,10.04,10.0,10.0,10.0,9.76,9.83,10.03,9.96,10.01,10.0,10.0,10.0,10.01,10.0,9.95,10.0,10.0,10.0,10.01,9.99,10.0,10.0,10.0,10.02,10.0,10.0,9.83,10.02,10.0,10.0,9.98,10.0,10.01,9.85,9.92,9.95,10.0,10.0,9.91,10.0,9.96,10.0,10.0,10.01,9.88,9.83,9.99,10.02,10.03,10.0,10.01,9.83,9.95,9.88,9.93,9.99,9.99,9.98,9.88,10.0,10.0,10.0,9.95,10.0,10.01,10.0,10.02,10.0,10.0,9.95,10.02,9.99,9.95,9.8,10.02,9.86,10.0,10.0,9.92,9.99,10.01,10.0,10.01,10.0,10.0,10.0,10.01,10.0,9.95,10.0,10.0,9.8,9.99,10.0
10.17,10.12,10.08,10.05,10.1,10.09,10.1,10.13,10.07,10.18,9.95,9.95,10.19,10.03,10.07,10.08,10.15,10.18,10.15,10.11,10.05,10.16,10.09,10.16,10.17,10.1,10.08,10.07,10.14,10.19,10.07,10.07,9.98,10.1,10.15,10.1,10.05,10.15,10.15,9.99,9.99,10.07,10.08,10.21,10.0,10.1,10.13,10.07,10.08,10.06,9.96,9.99,10.04,10.08,10.07,10.08,10.08,9.99,10.07,9.98,9.96,10.12,10.14,10.06,9.96,10.13,10.17,10.15,10.04,10.09,10.17,10.08,10.17,10.19,10.11,10.14,10.07,10.19,10.11,9.96,10.09,9.99,10.08,10.07,9.96,10.08,10.11,10.08,10.2,10.09,10.07,10.11,10.2,10.08,10.08,10.04,10.18,9.93,10.14,10.14
10.06,10.06,10.02,10.09,10.14,10.15,10.12,10.03,10.07,10.12,9.99,10.0,10.17,9.99,10.09,10.02,10.18,10.06,10.18,10.03,10.03,10.06,10.02,10.07,10.17,10.03,10.12,10.02,10.12,10.12,10.0,10.02,10.0,10.15,10.07,10.03,10.0,10.16,10.15,10.0,10.0,10.05,10.06,10.21,10.0,10.03,10.12,10.12,10.02,10.08,10.0,9.99,10.07,10.03,10.12,10.09,10.12,10.0,10.06,10.0,10.0,10.03,10.14,10.05,10.0,10.15,10.13,10.15,9.99,10.07,10.07,10.02,10.04,10.12,10.03,10.08,10.1,10.06,10.01,9.99,10.12,10.0,10.12,10.02,10.0,10.0,10.05,10.03,10.19,10.06,10.08,10.15,10.17,10.02,10.09,10.03,10.1,9.99,10.12,10.05

val_loss
2.475,2.437,2.421,2.447,2.431,2.433,2.42,2.436,2.406,2.558,2.67,2.447,2.496,2.364,2.355,2.41,2.467,2.521,2.463,2.426,2.376,2.499,2.445,2.5,2.473,2.485,2.422,2.388,2.41,2.518,2.384,2.388,2.462,2.405,2.424,2.413,2.393,2.516,2.487,2.417,2.352,2.449,2.397,2.632,2.371,2.41,2.517,2.374,2.4,2.359,2.418,2.481,2.357,2.412,2.386,2.403,2.414,2.446,2.444,2.397,2.325,2.473,2.442,2.424,2.394,2.44,2.458,2.448,2.42,2.4,2.464,2.391,2.507,2.624,2.456,2.535,2.363,2.54,3.062,2.543,2.401,2.413,2.377,2.4,2.343,2.51,2.492,2.411,2.564,2.415,2.379,2.432,2.591,2.408,2.466,2.368,2.642,2.565,2.47,2.456
2.354,2.346,2.35,2.343,2.339,2.327,2.349,2.334,2.364,2.369,2.386,2.337,2.341,2.32,2.312,2.343,2.349,2.362,2.348,2.34,2.324,2.36,2.342,2.339,2.349,2.349,2.347,2.321,2.338,2.357,2.339,2.336,2.338,2.337,2.333,2.332,2.326,2.351,2.355,2.337,2.328,2.329,2.344,2.391,2.33,2.335,2.353,2.322,2.326,2.319,2.342,2.357,2.324,2.344,2.322,2.33,2.325,2.336,2.339,2.33,2.315,2.343,2.337,2.338,2.324,2.34,2.335,2.351,2.338,2.324,2.345,2.316,2.357,2.36,2.342,2.346,2.32,2.368,2.455,2.36,2.319,2.336,2.321,2.346,2.326,2.36,2.352,2.331,2.376,2.32,2.332,2.331,2.371,2.337,2.359,2.336,2.402,2.384,2.336,2.34
2.349,2.335,2.343,2.335,2.329,2.32,2.341,2.32,2.359,2.343,2.364,2.326,2.323,2.319,2.307,2.333,2.337,2.34,2.338,2.329,2.321,2.342,2.336,2.32,2.33,2.337,2.34,2.317,2.326,2.336,2.335,2.331,2.32,2.329,2.32,2.32,2.323,2.338,2.341,2.329,2.327,2.319,2.338,2.357,2.329,2.323,2.33,2.319,2.322,2.317,2.338,2.345,2.322,2.341,2.317,2.325,2.321,2.324,2.33,2.325,2.315,2.329,2.32,2.332,2.319,2.329,2.319,2.337,2.329,2.316,2.327,2.312,2.335,2.335,2.33,2.32,2.318,2.34,2.381,2.342,2.312,2.332,2.316,2.343,2.326,2.346,2.341,2.323,2.354,2.314,2.328,2.321,2.345,2.33,2.349,2.334,2.382,2.353,2.318,2.323

learning_rate
2.0,2.0,2.0,2.0,2.0,2.0,2.0,2.0,2.0,2.0,2.0,2.0,2.0,2.0,2.0,2.0,2.0,2.0,2.0,2.0,2.0,2.0,2.0,2.0,2.0,2.0,2.0,2.0,2.0,2.0,2.0,2.0,2.0,2.0,2.0,2.0,2.0,2.0,2.0,2.0,2.0,2.0,2.0,2.0,2.0,2.0,2.0,2.0,2.0,2.0,2.0,2.0,2.0,2.0,2.0,2.0,2.0,2.0,2.0,2.0,2.0,2.0,2.0,2.0,2.0,2.0,2.0,2.0,2.0,2.0,2.0,2.0,2.0,2.0,2.0,2.0,2.0,2.0,2.0,2.0,2.0,2.0,2.0,2.0,2.0,2.0,2.0,2.0,2.0,2.0,2.0,2.0,2.0,2.0,2.0,2.0,2.0,2.0,2.0,2.0
2.0,2.0,2.0,2.0,2.0,2.0,2.0,2.0,2.0,2.0,2.0,2.0,2.0,2.0,2.0,2.0,2.0,2.0,2.0,2.0,2.0,2.0,2.0,2.0,2.0,2.0,2.0,2.0,2.0,2.0,2.0,2.0,2.0,2.0,2.0,2.0,2.0,2.0,2.0,2.0,2.0,2.0,2.0,2.0,2.0,2.0,2.0,2.0,2.0,2.0,2.0,2.0,2.0,2.0,2.0,2.0,2.0,2.0,2.0,2.0,2.0,2.0,2.0,2.0,2.0,2.0,2.0,2.0,2.0,2.0,2.0,2.0,2.0,2.0,2.0,2.0,2.0,2.0,2.0,2.0,2.0,2.0,2.0,2.0,2.0,2.0,2.0,2.0,2.0,2.0,2.0,2.0,2.0,2.0,2.0,2.0,2.0,2.0,2.0,2.0
2.0,2.0,2.0,2.0,2.0,2.0,2.0,2.0,2.0,2.0,2.0,2.0,2.0,2.0,2.0,2.0,2.0,2.0,2.0,2.0,2.0,2.0,2.0,2.0,2.0,2.0,2.0,2.0,2.0,2.0,2.0,2.0,2.0,2.0,2.0,2.0,2.0,2.0,2.0,2.0,2.0,2.0,2.0,2.0,2.0,2.0,2.0,2.0,2.0,2.0,2.0,2.0,2.0,2.0,2.0,2.0,2.0,2.0,2.0,2.0,2.0,2.0,2.0,2.0,2.0,2.0,2.0,2.0,2.0,2.0,2.0,2.0,2.0,2.0,2.0,2.0,2.0,2.0,2.0,2.0,2.0,2.0,2.0,2.0,2.0,2.0,2.0,2.0,2.0,2.0,2.0,2.0,2.0,2.0,2.0,2.0,2.0,2.0,2.0,2.0

