parameters
sgd_lr:2
sgd_momentum:0
sgd_weight_decay:0
sgd_dampening:0
sgd_nesterov:False
architecture:vgg19bn_
dataset:cifar10
combine_datasets:False
do_validation_set:False
epochs:100
batch_size:128
test_set_split:0.1666667
validation_set_split:0.0
reduce_train_set:1
executions:3
base_seed:42
training_method:sgd
learning_method:constant

train_loss
2.613,2.307,2.306,2.306,2.307,2.306,2.307,2.307,2.307,2.306,2.306,2.307,2.307,2.307,2.306,2.307,2.307,2.307,2.307,2.307,2.307,2.307,2.307,2.306,2.307,2.306,2.307,2.306,2.307,2.306,2.306,2.307,2.307,2.307,2.306,2.306,2.306,2.306,2.307,2.307,2.306,2.307,2.306,2.307,2.306,2.307,2.307,2.307,2.307,2.307,2.307,2.307,2.306,2.307,2.306,2.307,2.307,2.307,2.307,2.307,2.307,2.307,2.306,2.306,2.306,2.306,2.307,2.306,2.307,2.306,2.307,2.307,2.307,2.307,2.307,2.307,2.307,2.307,2.307,2.307,2.307,2.307,2.307,2.307,2.307,2.306,2.306,2.307,2.306,2.307,2.306,2.306,2.306,2.307,2.306,2.307,2.307,2.307,2.307,2.306
2.627,2.307,2.306,2.306,2.307,2.306,2.307,2.307,2.307,2.306,2.306,2.307,2.307,2.307,2.306,2.307,2.307,2.307,2.307,2.307,2.307,2.307,2.307,2.306,2.307,2.306,2.307,2.306,2.307,2.306,2.306,2.307,2.307,2.307,2.306,2.306,2.306,2.306,2.307,2.307,2.306,2.307,2.306,2.307,2.306,2.307,2.307,2.307,2.307,2.307,2.307,2.307,2.306,2.307,2.306,2.307,2.307,2.307,2.307,2.307,2.307,2.307,2.306,2.306,2.306,2.306,2.307,2.306,2.307,2.306,2.307,2.307,2.307,2.307,2.307,2.307,2.307,2.307,2.307,2.307,2.307,2.307,2.307,2.307,2.307,2.306,2.306,2.307,2.306,2.307,2.306,2.306,2.306,2.307,2.306,2.307,2.307,2.307,2.307,2.306
2.623,2.305,2.303,2.302,2.302,2.301,2.3,2.299,2.297,2.295,2.282,2.148,2.017,1.961,1.915,1.864,1.828,1.782,1.748,1.704,1.678,1.584,1.478,1.392,1.344,1.284,1.235,1.181,1.13,1.079,1.013,0.977,0.934,0.886,0.843,0.799,0.755,0.718,0.693,0.665,0.657,0.616,0.597,0.574,0.548,0.529,0.511,0.489,0.476,0.461,0.448,0.433,0.424,0.408,0.397,0.388,0.376,0.369,0.354,0.345,0.339,0.325,0.317,0.315,0.303,0.302,0.287,0.284,0.271,0.27,0.262,0.249,0.25,0.239,0.241,0.231,0.227,0.224,0.215,0.214,0.211,0.202,0.198,0.192,0.185,0.183,0.177,0.172,0.167,0.166,0.16,0.16,0.156,0.152,0.142,0.141,0.142,0.142,0.14,0.131

train_acc1
10.186,10.144,10.066,10.186,9.79,9.814,9.85,10.03,9.906,10.152,9.948,10.076,9.896,9.822,9.896,9.976,10.066,9.85,10.152,9.698,9.978,9.966,9.966,9.932,9.898,9.998,9.994,10.13,9.706,10.062,9.986,9.862,10.064,9.97,9.744,10.01,10.31,9.91,10.066,10.174,9.926,10.128,9.976,10.044,9.98,10.076,9.92,9.798,9.67,10.122,10.088,9.884,9.954,9.89,10.256,10.002,9.78,10.006,10.06,9.746,9.91,9.788,9.986,9.988,10.134,10.06,9.902,9.934,9.99,9.918,9.944,9.734,10.01,10.002,10.15,9.884,9.708,10.12,10.004,10.068,9.924,9.958,10.034,9.874,10.032,10.17,10.036,9.966,10.146,9.784,10.076,10.18,9.968,10.044,10.06,9.994,10.222,10.014,10.216,9.944
10.054,10.106,10.066,10.196,9.79,9.814,9.85,10.03,9.906,10.152,9.948,10.108,9.896,9.822,9.896,9.976,10.066,9.85,10.178,9.698,9.978,9.954,9.966,9.932,9.898,9.998,9.994,10.13,9.706,10.062,9.986,9.862,10.064,9.97,9.744,10.01,10.31,9.91,10.066,10.174,9.926,10.128,9.976,10.044,9.986,10.076,9.92,9.798,9.67,10.122,10.088,9.884,9.954,9.89,10.256,10.002,9.78,10.006,10.06,9.746,9.91,9.788,9.986,9.988,10.134,10.06,9.902,9.934,9.99,9.918,9.944,9.734,10.01,10.002,10.15,9.884,9.708,10.12,10.004,10.068,9.924,9.958,10.034,9.874,10.032,10.17,10.036,9.966,10.146,9.784,10.076,10.18,9.968,10.044,10.06,9.994,10.222,10.014,10.216,9.944
10.14,10.34,10.626,10.514,10.49,10.502,10.538,10.908,10.942,11.302,12.28,16.224,18.886,20.028,22.454,24.28,26.014,27.538,29.39,32.08,34.858,37.746,41.228,44.228,46.63,49.432,51.33,54.796,59.418,62.224,65.092,66.368,68.108,69.928,71.362,73.054,74.492,75.984,76.904,78.08,78.242,79.764,80.242,81.284,81.99,82.87,83.528,84.084,84.504,85.002,85.408,85.89,86.102,86.696,87.238,87.294,87.702,87.808,88.26,88.746,88.896,89.242,89.75,89.696,90.04,90.066,90.53,90.732,91.108,90.92,91.426,91.794,91.814,91.974,92.016,92.422,92.416,92.542,92.878,92.866,92.87,93.25,93.38,93.674,93.888,93.928,94.114,94.262,94.464,94.368,94.598,94.608,94.742,94.906,95.154,95.232,95.176,95.242,95.354,95.634

val_acc1
10.5,10.0,10.01,10.01,10.0,10.0,10.0,10.0,10.0,10.0,10.0,9.98,10.0,10.0,10.0,10.0,10.0,10.0,10.0,10.0,10.0,10.0,10.0,10.0,10.01,9.99,10.0,10.0,10.0,10.04,10.0,10.0,10.07,10.0,10.0,10.0,10.0,10.0,10.0,10.0,10.01,10.0,10.0,10.0,10.01,10.0,10.01,10.0,10.0,10.0,10.0,10.0,10.0,10.0,10.0,10.0,10.01,10.0,10.0,10.0,10.0,10.0,10.0,10.0,10.0,10.0,10.0,10.0,10.0,10.0,10.0,10.0,10.0,10.0,10.0,10.0,10.01,10.0,10.0,10.0,10.0,10.0,10.0,10.0,10.0,10.0,10.0,10.0,10.0,10.0,10.0,10.0,10.02,10.0,10.0,10.0,10.0,10.01,10.03,10.0
10.03,10.0,10.0,10.01,10.02,10.0,10.0,10.0,10.0,10.0,9.89,9.93,9.95,10.0,10.0,10.0,10.02,10.0,9.98,10.01,9.99,10.0,10.0,10.0,10.0,9.99,10.0,10.0,9.99,10.01,10.0,10.0,10.02,10.0,10.0,10.01,9.98,10.0,10.02,10.01,10.03,10.0,10.0,9.99,10.04,10.0,9.99,10.01,9.99,10.0,10.0,9.98,9.98,10.01,10.0,10.0,10.06,9.98,10.0,9.95,9.99,10.0,10.0,9.98,9.94,9.96,9.98,9.99,9.98,10.02,10.0,10.0,10.0,10.0,10.02,10.02,10.05,10.0,9.98,9.93,9.93,10.0,10.0,10.0,9.98,9.98,10.0,10.0,10.0,10.0,10.0,10.0,9.99,10.0,10.02,10.0,10.0,9.99,9.98,10.0
10.02,10.0,10.92,10.62,10.51,10.72,10.53,11.66,10.74,11.12,15.48,17.95,18.7,20.22,19.73,17.95,23.22,30.5,23.1,32.92,21.87,37.06,39.53,44.49,41.48,47.12,46.9,50.96,53.79,62.13,62.62,62.52,57.61,62.27,64.07,64.65,63.5,72.95,71.25,69.78,74.36,74.76,70.41,74.28,68.38,80.52,79.77,77.98,81.9,74.66,80.18,80.17,76.6,82.62,82.83,80.69,79.82,82.39,78.51,83.53,84.41,84.0,83.47,82.68,82.19,83.66,85.54,82.54,84.68,85.92,85.33,84.99,83.09,86.07,83.97,85.41,83.81,83.7,83.07,85.23,86.56,85.81,85.96,85.7,85.96,86.73,84.53,86.97,85.3,85.36,85.58,86.22,85.81,86.17,84.59,86.07,86.25,86.52,87.72,86.35

val_loss
2.306,2.306,2.308,2.308,2.309,2.305,2.306,2.305,2.308,2.306,2.306,2.305,2.307,2.307,2.304,2.309,2.305,2.307,2.309,2.306,2.309,2.31,2.307,2.306,2.306,2.307,2.309,2.305,2.308,2.305,2.312,2.306,2.307,2.307,2.307,2.307,2.308,2.312,2.309,2.308,2.307,2.305,2.309,2.306,2.307,2.306,2.306,2.307,2.306,2.305,2.309,2.309,2.306,2.31,2.307,2.307,2.306,2.309,2.305,2.305,2.305,2.304,2.307,2.308,2.306,2.307,2.305,2.304,2.306,2.306,2.305,2.305,2.305,2.304,2.305,2.304,2.304,2.307,2.308,2.309,2.306,2.307,2.305,2.312,2.305,2.312,2.308,2.304,2.315,2.305,2.304,2.307,2.307,2.31,2.312,2.308,2.311,2.306,2.305,2.305
2.309,2.307,2.308,2.309,2.31,2.305,2.307,2.305,2.308,2.307,2.309,2.306,2.308,2.307,2.304,2.309,2.305,2.309,2.309,2.306,2.309,2.311,2.308,2.307,2.307,2.308,2.309,2.305,2.308,2.306,2.312,2.306,2.308,2.307,2.307,2.307,2.309,2.313,2.31,2.308,2.307,2.306,2.309,2.308,2.307,2.307,2.307,2.307,2.306,2.305,2.309,2.309,2.306,2.31,2.307,2.307,2.306,2.31,2.306,2.306,2.305,2.305,2.308,2.308,2.306,2.308,2.305,2.305,2.306,2.306,2.306,2.305,2.306,2.306,2.306,2.306,2.304,2.308,2.317,2.311,2.306,2.308,2.306,2.312,2.305,2.313,2.308,2.304,2.316,2.306,2.305,2.307,2.309,2.311,2.313,2.308,2.312,2.307,2.306,2.306
2.307,2.302,2.303,2.304,2.303,2.298,2.3,2.297,2.299,2.292,2.206,2.049,1.918,1.896,2.118,2.107,2.159,1.745,1.89,1.737,3.197,1.832,1.475,1.435,1.683,1.387,1.393,1.418,1.411,1.106,1.147,1.085,1.323,1.259,1.197,1.222,1.193,0.843,0.891,0.953,0.842,0.794,1.144,0.85,1.051,0.62,0.642,0.725,0.565,0.987,0.661,0.691,0.806,0.568,0.565,0.666,0.715,0.593,0.726,0.539,0.509,0.543,0.572,0.606,0.664,0.551,0.509,0.608,0.572,0.482,0.52,0.528,0.606,0.503,0.593,0.505,0.601,0.653,0.633,0.536,0.45,0.512,0.511,0.506,0.532,0.478,0.585,0.49,0.574,0.576,0.582,0.532,0.536,0.494,0.674,0.563,0.544,0.531,0.501,0.566

learning_rate
2.0,2.0,2.0,2.0,2.0,2.0,2.0,2.0,2.0,2.0,2.0,2.0,2.0,2.0,2.0,2.0,2.0,2.0,2.0,2.0,2.0,2.0,2.0,2.0,2.0,2.0,2.0,2.0,2.0,2.0,2.0,2.0,2.0,2.0,2.0,2.0,2.0,2.0,2.0,2.0,2.0,2.0,2.0,2.0,2.0,2.0,2.0,2.0,2.0,2.0,2.0,2.0,2.0,2.0,2.0,2.0,2.0,2.0,2.0,2.0,2.0,2.0,2.0,2.0,2.0,2.0,2.0,2.0,2.0,2.0,2.0,2.0,2.0,2.0,2.0,2.0,2.0,2.0,2.0,2.0,2.0,2.0,2.0,2.0,2.0,2.0,2.0,2.0,2.0,2.0,2.0,2.0,2.0,2.0,2.0,2.0,2.0,2.0,2.0,2.0
2.0,2.0,2.0,2.0,2.0,2.0,2.0,2.0,2.0,2.0,2.0,2.0,2.0,2.0,2.0,2.0,2.0,2.0,2.0,2.0,2.0,2.0,2.0,2.0,2.0,2.0,2.0,2.0,2.0,2.0,2.0,2.0,2.0,2.0,2.0,2.0,2.0,2.0,2.0,2.0,2.0,2.0,2.0,2.0,2.0,2.0,2.0,2.0,2.0,2.0,2.0,2.0,2.0,2.0,2.0,2.0,2.0,2.0,2.0,2.0,2.0,2.0,2.0,2.0,2.0,2.0,2.0,2.0,2.0,2.0,2.0,2.0,2.0,2.0,2.0,2.0,2.0,2.0,2.0,2.0,2.0,2.0,2.0,2.0,2.0,2.0,2.0,2.0,2.0,2.0,2.0,2.0,2.0,2.0,2.0,2.0,2.0,2.0,2.0,2.0
2.0,2.0,2.0,2.0,2.0,2.0,2.0,2.0,2.0,2.0,2.0,2.0,2.0,2.0,2.0,2.0,2.0,2.0,2.0,2.0,2.0,2.0,2.0,2.0,2.0,2.0,2.0,2.0,2.0,2.0,2.0,2.0,2.0,2.0,2.0,2.0,2.0,2.0,2.0,2.0,2.0,2.0,2.0,2.0,2.0,2.0,2.0,2.0,2.0,2.0,2.0,2.0,2.0,2.0,2.0,2.0,2.0,2.0,2.0,2.0,2.0,2.0,2.0,2.0,2.0,2.0,2.0,2.0,2.0,2.0,2.0,2.0,2.0,2.0,2.0,2.0,2.0,2.0,2.0,2.0,2.0,2.0,2.0,2.0,2.0,2.0,2.0,2.0,2.0,2.0,2.0,2.0,2.0,2.0,2.0,2.0,2.0,2.0,2.0,2.0

