parameters
sgd_lr:0.01
sgd_momentum:0.9
sgd_weight_decay:0
sgd_dampening:0
sgd_nesterov:True
architecture:vgg19bn_
dataset:cifar10
combine_datasets:False
do_validation_set:False
epochs:100
batch_size:128
test_set_split:0.1666667
validation_set_split:0.0
reduce_train_set:1
executions:3
base_seed:42
training_method:sgd
learning_method:constant

train_loss
1.479,0.988,0.79,0.675,0.591,0.53,0.484,0.446,0.406,0.376,0.35,0.329,0.31,0.283,0.271,0.255,0.241,0.225,0.211,0.198,0.188,0.177,0.167,0.159,0.153,0.139,0.139,0.13,0.12,0.115,0.106,0.104,0.099,0.101,0.093,0.085,0.081,0.079,0.075,0.074,0.071,0.069,0.066,0.061,0.062,0.062,0.055,0.052,0.052,0.049,0.045,0.044,0.045,0.045,0.043,0.039,0.038,0.039,0.038,0.04,0.034,0.031,0.036,0.032,0.033,0.029,0.03,0.029,0.026,0.032,0.031,0.024,0.027,0.024,0.022,0.026,0.024,0.023,0.021,0.024,0.023,0.022,0.019,0.021,0.021,0.021,0.018,0.019,0.021,0.019,0.018,0.018,0.016,0.016,0.017,0.017,0.017,0.017,0.016,0.015
1.488,0.994,0.786,0.667,0.589,0.526,0.488,0.442,0.411,0.378,0.348,0.33,0.308,0.288,0.273,0.256,0.242,0.227,0.21,0.2,0.189,0.181,0.172,0.16,0.154,0.145,0.14,0.127,0.126,0.116,0.113,0.104,0.103,0.098,0.095,0.09,0.085,0.075,0.079,0.077,0.074,0.069,0.067,0.064,0.064,0.061,0.056,0.053,0.055,0.051,0.05,0.047,0.048,0.044,0.042,0.044,0.04,0.041,0.035,0.035,0.037,0.036,0.034,0.034,0.03,0.03,0.03,0.031,0.028,0.027,0.027,0.028,0.026,0.027,0.026,0.025,0.023,0.021,0.023,0.024,0.024,0.023,0.019,0.021,0.022,0.02,0.019,0.02,0.02,0.021,0.017,0.017,0.016,0.016,0.016,0.019,0.017,0.016,0.018,0.015
1.499,0.986,0.778,0.663,0.585,0.525,0.48,0.442,0.403,0.375,0.347,0.328,0.304,0.283,0.272,0.254,0.24,0.223,0.212,0.193,0.189,0.18,0.165,0.158,0.152,0.139,0.137,0.126,0.123,0.115,0.109,0.105,0.1,0.1,0.093,0.087,0.081,0.077,0.08,0.073,0.071,0.066,0.067,0.061,0.061,0.06,0.058,0.053,0.048,0.05,0.047,0.047,0.046,0.044,0.043,0.039,0.039,0.039,0.037,0.037,0.035,0.033,0.035,0.032,0.031,0.03,0.031,0.029,0.027,0.028,0.029,0.025,0.025,0.025,0.028,0.024,0.023,0.022,0.024,0.025,0.021,0.023,0.019,0.019,0.02,0.02,0.019,0.018,0.017,0.021,0.016,0.017,0.016,0.017,0.016,0.015,0.015,0.017,0.015,0.015

train_acc1
45.382,64.73,72.42,76.652,79.51,81.694,83.47,84.598,86.006,86.992,88.036,88.606,89.296,90.236,90.468,91.174,91.53,92.196,92.714,93.116,93.6,93.828,94.192,94.486,94.626,95.162,95.098,95.42,95.784,96.012,96.27,96.272,96.506,96.422,96.642,96.998,97.092,97.276,97.414,97.332,97.468,97.618,97.642,97.8,97.83,97.828,98.126,98.142,98.144,98.34,98.412,98.496,98.398,98.44,98.472,98.7,98.678,98.58,98.696,98.628,98.828,98.874,98.748,98.918,98.87,98.99,99.002,98.994,99.064,98.884,98.908,99.216,99.054,99.182,99.238,99.154,99.124,99.23,99.264,99.158,99.186,99.226,99.376,99.264,99.248,99.276,99.4,99.314,99.276,99.296,99.378,99.326,99.46,99.404,99.396,99.418,99.382,99.416,99.476,99.516
45.01,64.796,72.508,76.886,79.532,81.964,83.218,84.62,85.798,87.11,87.97,88.472,89.434,90.116,90.426,91.224,91.556,91.994,92.692,93.012,93.372,93.584,93.888,94.25,94.644,94.794,95.052,95.504,95.574,95.988,96.026,96.38,96.446,96.57,96.636,96.79,97.038,97.356,97.282,97.246,97.416,97.578,97.596,97.792,97.684,97.8,98.046,98.106,97.968,98.244,98.184,98.354,98.262,98.436,98.506,98.514,98.586,98.572,98.832,98.8,98.676,98.768,98.864,98.786,98.966,98.944,98.976,98.912,99.06,99.082,99.052,99.008,99.148,99.028,99.092,99.132,99.258,99.24,99.242,99.15,99.13,99.196,99.35,99.31,99.146,99.288,99.34,99.298,99.32,99.268,99.414,99.418,99.432,99.458,99.444,99.338,99.432,99.456,99.386,99.488
44.674,65.018,72.862,76.982,79.742,81.812,83.428,84.63,86.008,87.068,88.128,88.66,89.44,90.182,90.552,91.304,91.554,92.18,92.564,93.232,93.368,93.758,94.264,94.394,94.746,95.228,95.214,95.56,95.758,95.952,96.128,96.322,96.484,96.456,96.814,96.9,97.122,97.322,97.194,97.446,97.454,97.614,97.68,97.882,97.88,97.956,97.926,98.148,98.264,98.284,98.312,98.3,98.38,98.498,98.504,98.608,98.646,98.636,98.708,98.7,98.826,98.854,98.814,98.87,98.924,98.982,98.872,99.026,99.062,99.042,98.988,99.126,99.138,99.142,99.078,99.194,99.176,99.224,99.152,99.156,99.27,99.218,99.36,99.348,99.346,99.258,99.372,99.406,99.392,99.238,99.452,99.426,99.43,99.39,99.462,99.474,99.492,99.434,99.504,99.44

val_acc1
58.86,69.3,74.39,77.59,79.79,80.83,78.27,81.51,82.75,82.99,83.27,83.84,83.09,85.39,84.82,84.69,87.11,86.49,87.1,87.33,86.21,86.63,87.98,87.5,88.07,87.71,88.02,88.1,88.23,87.7,88.5,88.86,88.0,88.21,88.11,88.62,88.45,88.46,88.47,88.35,89.64,89.65,88.32,88.81,88.92,89.14,89.59,89.56,88.6,89.45,89.36,89.51,89.44,89.46,89.71,89.37,89.73,89.57,89.33,89.66,90.04,89.46,89.54,90.18,90.22,89.36,89.67,89.71,89.55,90.47,90.01,89.92,89.74,90.05,90.2,89.46,90.32,90.25,90.47,90.18,89.61,90.22,90.15,90.3,90.14,90.38,89.88,90.36,89.69,90.08,90.35,90.75,90.16,89.88,90.38,90.1,90.64,90.42,90.59,90.45
61.71,68.29,75.17,76.46,78.25,80.51,80.31,81.85,84.19,83.06,84.56,83.27,84.62,84.46,86.54,85.17,85.66,86.4,86.45,86.83,85.34,86.53,87.85,86.19,88.38,87.83,87.62,87.59,88.05,87.1,88.34,88.21,88.19,88.38,88.21,88.47,88.9,88.97,87.69,88.74,88.65,88.98,89.21,88.43,89.21,89.24,89.1,89.46,88.91,88.97,89.37,89.09,89.85,88.65,89.62,89.58,89.02,89.61,89.13,89.68,89.94,89.64,89.56,89.9,90.05,89.74,89.38,90.11,89.92,90.33,89.98,89.95,89.84,89.84,90.08,89.92,89.76,89.94,89.54,90.29,90.53,89.82,89.97,90.26,90.38,90.09,90.1,89.72,89.72,90.64,90.51,90.62,90.34,89.99,90.09,90.31,90.38,90.63,90.18,90.47
60.43,68.53,75.83,75.77,79.37,81.64,78.86,81.34,84.24,83.69,82.79,85.38,84.06,84.72,86.26,86.11,86.58,86.67,87.34,85.5,87.59,87.65,88.23,87.72,88.75,87.15,88.63,88.81,88.43,88.15,88.3,89.14,88.73,88.53,88.36,88.93,88.93,88.21,88.92,89.4,88.97,88.87,89.05,88.88,88.99,89.28,89.49,89.36,89.54,88.86,89.54,89.11,89.74,89.62,89.44,89.62,90.08,89.85,89.6,89.66,89.59,90.21,90.35,89.87,89.84,89.28,89.64,89.68,89.94,90.48,89.46,89.81,89.89,89.88,89.88,90.21,90.01,90.23,89.83,90.1,90.09,90.23,90.55,90.02,89.97,89.99,89.97,90.3,90.19,89.82,90.14,90.11,90.36,90.14,90.58,90.25,90.42,89.98,90.32,90.48

val_loss
1.15,0.871,0.755,0.665,0.595,0.562,0.637,0.539,0.538,0.506,0.522,0.477,0.502,0.442,0.479,0.486,0.395,0.433,0.42,0.413,0.459,0.462,0.415,0.441,0.407,0.419,0.404,0.43,0.417,0.423,0.397,0.405,0.453,0.44,0.445,0.43,0.46,0.455,0.443,0.489,0.422,0.428,0.488,0.48,0.47,0.437,0.431,0.442,0.469,0.442,0.48,0.475,0.481,0.458,0.485,0.474,0.481,0.48,0.494,0.458,0.465,0.505,0.484,0.481,0.448,0.516,0.504,0.478,0.498,0.463,0.488,0.486,0.486,0.473,0.497,0.522,0.466,0.483,0.499,0.49,0.539,0.492,0.506,0.464,0.512,0.484,0.537,0.489,0.52,0.51,0.515,0.488,0.522,0.528,0.519,0.516,0.509,0.499,0.501,0.521
1.072,0.906,0.726,0.696,0.619,0.584,0.599,0.528,0.486,0.497,0.463,0.509,0.464,0.469,0.428,0.451,0.465,0.431,0.433,0.427,0.504,0.457,0.414,0.475,0.411,0.427,0.431,0.462,0.415,0.481,0.415,0.458,0.447,0.428,0.453,0.452,0.427,0.453,0.502,0.456,0.447,0.462,0.446,0.49,0.464,0.432,0.445,0.446,0.476,0.468,0.459,0.503,0.449,0.485,0.506,0.464,0.482,0.468,0.49,0.481,0.465,0.487,0.512,0.481,0.475,0.508,0.503,0.463,0.5,0.48,0.492,0.492,0.514,0.485,0.469,0.5,0.499,0.518,0.519,0.503,0.476,0.528,0.518,0.494,0.498,0.504,0.516,0.554,0.54,0.501,0.508,0.497,0.515,0.545,0.543,0.523,0.521,0.509,0.529,0.512
1.103,0.886,0.7,0.711,0.601,0.529,0.642,0.547,0.484,0.484,0.533,0.439,0.488,0.483,0.43,0.449,0.427,0.411,0.416,0.475,0.405,0.418,0.407,0.415,0.389,0.438,0.397,0.408,0.399,0.431,0.428,0.43,0.425,0.433,0.42,0.413,0.446,0.472,0.446,0.428,0.452,0.464,0.441,0.462,0.462,0.441,0.44,0.451,0.458,0.473,0.458,0.515,0.462,0.446,0.511,0.502,0.438,0.471,0.48,0.469,0.488,0.46,0.458,0.485,0.471,0.514,0.495,0.491,0.515,0.48,0.504,0.53,0.532,0.512,0.514,0.502,0.496,0.523,0.513,0.522,0.533,0.491,0.505,0.521,0.518,0.509,0.513,0.513,0.513,0.521,0.545,0.53,0.526,0.531,0.495,0.529,0.521,0.56,0.538,0.547

learning_rate
0.01,0.01,0.01,0.01,0.01,0.01,0.01,0.01,0.01,0.01,0.01,0.01,0.01,0.01,0.01,0.01,0.01,0.01,0.01,0.01,0.01,0.01,0.01,0.01,0.01,0.01,0.01,0.01,0.01,0.01,0.01,0.01,0.01,0.01,0.01,0.01,0.01,0.01,0.01,0.01,0.01,0.01,0.01,0.01,0.01,0.01,0.01,0.01,0.01,0.01,0.01,0.01,0.01,0.01,0.01,0.01,0.01,0.01,0.01,0.01,0.01,0.01,0.01,0.01,0.01,0.01,0.01,0.01,0.01,0.01,0.01,0.01,0.01,0.01,0.01,0.01,0.01,0.01,0.01,0.01,0.01,0.01,0.01,0.01,0.01,0.01,0.01,0.01,0.01,0.01,0.01,0.01,0.01,0.01,0.01,0.01,0.01,0.01,0.01,0.01
0.01,0.01,0.01,0.01,0.01,0.01,0.01,0.01,0.01,0.01,0.01,0.01,0.01,0.01,0.01,0.01,0.01,0.01,0.01,0.01,0.01,0.01,0.01,0.01,0.01,0.01,0.01,0.01,0.01,0.01,0.01,0.01,0.01,0.01,0.01,0.01,0.01,0.01,0.01,0.01,0.01,0.01,0.01,0.01,0.01,0.01,0.01,0.01,0.01,0.01,0.01,0.01,0.01,0.01,0.01,0.01,0.01,0.01,0.01,0.01,0.01,0.01,0.01,0.01,0.01,0.01,0.01,0.01,0.01,0.01,0.01,0.01,0.01,0.01,0.01,0.01,0.01,0.01,0.01,0.01,0.01,0.01,0.01,0.01,0.01,0.01,0.01,0.01,0.01,0.01,0.01,0.01,0.01,0.01,0.01,0.01,0.01,0.01,0.01,0.01
0.01,0.01,0.01,0.01,0.01,0.01,0.01,0.01,0.01,0.01,0.01,0.01,0.01,0.01,0.01,0.01,0.01,0.01,0.01,0.01,0.01,0.01,0.01,0.01,0.01,0.01,0.01,0.01,0.01,0.01,0.01,0.01,0.01,0.01,0.01,0.01,0.01,0.01,0.01,0.01,0.01,0.01,0.01,0.01,0.01,0.01,0.01,0.01,0.01,0.01,0.01,0.01,0.01,0.01,0.01,0.01,0.01,0.01,0.01,0.01,0.01,0.01,0.01,0.01,0.01,0.01,0.01,0.01,0.01,0.01,0.01,0.01,0.01,0.01,0.01,0.01,0.01,0.01,0.01,0.01,0.01,0.01,0.01,0.01,0.01,0.01,0.01,0.01,0.01,0.01,0.01,0.01,0.01,0.01,0.01,0.01,0.01,0.01,0.01,0.01

