parameters
adagrad_lr:0.05
adagrad_learning_decay:0.99
adagrad_weight_decay:0
adagrad_initial_acumulator:0
architecture:resnet18_
dataset:cifar10
combine_datasets:False
do_validation_set:False
epochs:100
batch_size:128
test_set_split:0.1666667
validation_set_split:0.0
reduce_train_set:1
executions:3
base_seed:42
training_method:adagrad
learning_method:constant

train_loss
2.394,2.282,2.279,2.263,2.261,2.252,2.245,2.245,2.243,2.242,2.229,2.239,2.232,2.242,2.232,2.234,2.238,2.242,2.245,2.231,2.233,2.242,2.237,2.228,2.237,2.226,2.224,2.226,2.227,2.227,2.227,2.235,2.228,2.227,2.23,2.228,2.225,2.227,2.232,2.22,2.22,2.225,2.23,2.229,2.228,2.216,2.228,2.225,2.219,2.226,2.227,2.229,2.226,2.226,2.234,2.228,2.225,2.233,2.226,2.219,2.225,2.221,2.237,2.221,2.229,2.218,2.225,2.229,2.221,2.229,2.228,2.222,2.234,2.223,2.224,2.224,2.22,2.222,2.234,2.221,2.225,2.223,2.224,2.223,2.228,2.222,2.223,2.227,2.218,2.215,2.225,2.236,2.225,2.226,2.224,2.225,2.224,2.218,2.227,2.218
2.405,2.26,2.246,2.237,2.232,2.223,2.228,2.221,2.221,2.22,2.216,2.214,2.218,2.217,2.211,2.21,2.211,2.216,2.218,2.212,2.212,2.217,2.213,2.213,2.214,2.205,2.204,2.211,2.202,2.211,2.205,2.215,2.211,2.205,2.211,2.208,2.2,2.207,2.209,2.207,2.204,2.202,2.209,2.208,2.205,2.204,2.207,2.207,2.202,2.202,2.203,2.212,2.204,2.209,2.205,2.204,2.203,2.207,2.206,2.204,2.203,2.206,2.204,2.201,2.205,2.197,2.202,2.204,2.203,2.202,2.205,2.205,2.207,2.202,2.201,2.203,2.198,2.203,2.204,2.199,2.203,2.202,2.203,2.206,2.206,2.2,2.201,2.202,2.202,2.201,2.204,2.203,2.206,2.204,2.205,2.202,2.204,2.199,2.204,2.196
2.509,2.331,2.306,2.294,2.29,2.283,2.269,2.277,2.264,2.272,2.267,2.259,2.266,2.265,2.263,2.264,2.267,2.259,2.258,2.252,2.264,2.257,2.257,2.249,2.25,2.255,2.249,2.247,2.254,2.251,2.249,2.252,2.251,2.251,2.248,2.248,2.25,2.251,2.249,2.247,2.243,2.25,2.247,2.249,2.25,2.248,2.246,2.249,2.247,2.247,2.24,2.248,2.246,2.248,2.243,2.244,2.245,2.248,2.248,2.247,2.245,2.246,2.252,2.253,2.248,2.243,2.242,2.246,2.246,2.247,2.243,2.249,2.239,2.239,2.241,2.244,2.243,2.252,2.243,2.242,2.247,2.246,2.239,2.237,2.25,2.249,2.245,2.235,2.238,2.245,2.244,2.244,2.236,2.241,2.24,2.244,2.245,2.239,2.239,2.238

train_acc1
17.562,18.536,19.016,18.826,18.966,19.018,19.186,19.146,19.254,19.284,19.332,19.244,19.358,19.342,19.488,19.2,19.364,19.542,19.456,19.604,19.334,19.424,19.562,19.35,19.342,19.578,19.462,19.512,19.672,19.43,19.548,19.482,19.632,19.462,19.572,19.528,19.652,19.662,19.584,19.612,19.6,19.776,19.562,19.584,19.558,19.642,19.702,19.75,19.666,19.584,19.604,19.662,19.624,19.67,19.532,19.788,19.722,19.67,19.79,19.904,19.534,19.554,19.624,19.694,19.586,19.546,19.84,19.662,19.67,19.76,19.466,19.684,19.71,19.712,19.53,19.706,19.676,19.646,19.596,19.76,19.59,19.754,19.686,19.754,19.712,19.59,19.706,19.636,19.734,19.636,19.634,19.77,19.874,19.534,19.74,19.728,19.65,19.708,19.558,19.788
15.968,17.766,17.704,17.722,17.774,17.794,17.81,17.842,17.69,17.852,17.728,17.702,17.758,17.81,17.742,17.688,17.742,17.618,17.672,17.758,17.634,17.824,17.784,17.722,17.762,17.772,17.792,17.684,17.754,17.866,17.764,17.784,17.676,17.854,17.754,17.778,17.716,17.768,17.812,17.724,17.754,17.862,17.882,17.694,17.792,17.736,17.812,17.81,17.848,17.732,17.822,17.848,17.704,17.748,17.832,17.77,17.864,17.834,17.83,17.758,17.604,17.776,17.692,17.748,17.652,17.758,17.754,17.86,17.706,17.676,17.74,17.8,17.722,17.766,17.766,17.752,17.81,17.722,17.618,17.714,17.694,17.74,17.75,17.792,17.668,17.772,17.78,17.716,17.688,17.762,17.76,17.726,17.706,17.802,17.664,17.778,17.828,17.696,17.698,17.698
16.734,17.562,17.586,17.676,17.714,17.698,17.598,17.708,17.582,17.818,17.688,17.856,17.89,17.892,17.814,17.786,17.79,17.714,17.874,17.922,17.854,17.914,17.776,18.03,17.94,17.892,18.044,17.88,17.806,17.89,17.964,17.824,17.874,17.93,17.922,18.004,17.888,17.992,18.012,17.9,17.964,18.0,17.972,18.126,17.908,18.04,17.986,18.086,17.99,17.972,17.968,18.12,18.022,18.042,18.032,18.042,18.138,18.074,17.976,18.028,17.9,17.936,17.942,18.042,18.022,18.232,18.096,17.984,18.002,18.098,18.012,17.906,17.99,18.068,17.986,18.118,17.89,17.904,18.086,18.132,17.858,18.026,18.064,18.104,17.926,18.162,18.028,18.036,18.096,17.976,18.05,17.916,18.128,18.024,18.076,18.0,18.066,17.982,18.044,18.03

val_acc1
18.67,18.99,19.17,19.26,19.23,19.33,19.25,19.38,19.32,19.38,19.37,19.49,19.56,19.4,19.56,19.61,19.71,19.66,19.57,19.61,19.74,19.58,19.71,19.74,19.66,19.67,19.69,19.3,19.67,19.69,19.79,19.72,19.87,19.71,19.69,19.74,19.73,19.66,19.82,19.9,19.87,19.89,19.77,19.86,19.75,19.88,19.91,20.01,19.83,19.78,19.72,19.79,19.9,19.81,19.84,19.72,19.87,19.72,19.98,19.97,19.59,19.84,20.02,19.82,19.85,19.93,19.79,19.67,19.99,19.99,20.16,19.98,19.81,19.83,19.86,19.92,19.68,20.06,19.84,19.98,19.86,19.84,19.89,19.99,20.02,19.8,19.88,19.93,20.02,19.92,20.14,20.02,20.07,19.9,19.88,19.75,20.01,19.81,20.1,19.76
18.14,17.99,17.95,17.95,17.87,17.83,17.74,17.88,17.8,17.87,17.9,17.93,17.95,17.92,17.93,17.77,17.8,17.94,17.98,17.96,17.9,17.94,17.95,17.9,17.98,18.0,17.88,18.07,18.03,18.0,17.94,17.95,17.96,18.02,17.84,18.01,18.16,17.96,18.11,17.93,18.08,17.99,17.96,17.96,18.04,18.03,18.01,17.91,18.02,18.13,18.03,18.06,17.89,18.0,17.97,18.08,18.03,18.01,17.96,18.06,18.06,17.97,18.02,18.15,18.08,18.09,18.06,18.1,18.0,17.97,17.91,17.98,18.09,18.07,18.0,18.01,18.08,17.94,17.98,18.06,18.14,18.01,18.1,17.97,18.08,18.06,18.0,18.08,17.86,18.0,17.97,18.09,18.0,17.95,18.13,18.13,18.05,18.1,18.04,18.15
18.62,18.72,18.69,18.8,18.63,18.66,18.67,18.67,18.46,18.66,18.63,18.69,18.65,18.8,18.69,18.67,18.64,18.69,18.72,18.74,18.73,18.78,18.43,18.71,18.63,18.64,18.68,18.84,18.61,18.61,18.79,18.84,18.8,18.59,18.79,18.74,18.88,18.74,18.85,18.96,18.75,18.71,18.82,18.61,18.71,18.74,18.85,18.82,18.74,18.86,18.78,18.91,18.94,18.78,18.69,18.8,18.87,18.68,19.05,18.77,19.14,18.83,18.91,18.96,18.83,18.75,18.86,18.83,18.73,19.02,18.97,18.92,18.88,18.83,18.83,18.95,18.99,19.01,18.98,19.06,19.06,19.0,18.99,18.92,18.92,18.88,18.78,18.8,18.95,18.89,18.75,18.82,18.98,19.02,19.02,19.03,18.77,18.79,18.93,19.0

val_loss
2.316,2.289,2.286,2.302,2.268,2.258,2.271,2.304,2.279,2.272,2.226,2.229,2.251,2.251,2.244,2.251,2.257,2.228,2.226,2.248,2.322,2.204,2.249,2.336,2.21,2.287,2.335,2.332,2.223,2.241,2.283,2.272,2.245,2.26,2.313,2.267,2.247,2.264,2.233,2.255,2.229,2.249,2.251,2.25,2.271,2.28,2.213,2.22,2.213,2.226,2.279,2.257,2.253,2.231,2.265,2.234,2.211,2.252,2.253,2.203,2.26,2.247,2.231,2.206,2.245,2.213,2.255,2.284,2.241,2.248,2.244,2.245,2.304,2.274,2.224,2.263,2.284,2.225,2.219,2.213,2.213,2.267,2.233,2.216,2.296,2.246,2.244,2.262,2.263,2.238,2.255,2.222,2.253,2.232,2.226,2.274,2.313,2.241,2.235,2.249
2.277,2.253,2.244,2.249,2.237,2.222,2.232,2.245,2.222,2.236,2.196,2.211,2.215,2.209,2.208,2.216,2.2,2.2,2.194,2.204,2.246,2.188,2.21,2.23,2.186,2.211,2.226,2.237,2.199,2.197,2.211,2.219,2.225,2.199,2.231,2.233,2.197,2.202,2.189,2.214,2.195,2.209,2.219,2.202,2.19,2.228,2.191,2.195,2.19,2.201,2.204,2.214,2.215,2.196,2.217,2.195,2.19,2.195,2.207,2.192,2.206,2.204,2.2,2.189,2.2,2.188,2.213,2.205,2.198,2.202,2.189,2.207,2.214,2.213,2.191,2.202,2.205,2.186,2.196,2.182,2.187,2.198,2.208,2.193,2.212,2.197,2.203,2.211,2.214,2.199,2.189,2.201,2.197,2.2,2.193,2.206,2.225,2.193,2.186,2.193
2.337,2.287,2.271,2.264,2.264,2.271,2.26,2.233,2.231,2.246,2.262,2.238,2.267,2.224,2.225,2.225,2.243,2.255,2.239,2.253,2.233,2.244,2.225,2.225,2.236,2.223,2.212,2.215,2.222,2.224,2.238,2.212,2.256,2.212,2.218,2.234,2.215,2.232,2.225,2.245,2.21,2.221,2.246,2.227,2.208,2.235,2.229,2.207,2.203,2.207,2.207,2.236,2.23,2.215,2.23,2.21,2.216,2.208,2.239,2.211,2.182,2.227,2.233,2.197,2.216,2.208,2.223,2.218,2.228,2.222,2.242,2.222,2.209,2.232,2.216,2.238,2.223,2.234,2.232,2.23,2.206,2.21,2.219,2.184,2.228,2.225,2.212,2.218,2.244,2.222,2.226,2.216,2.247,2.225,2.204,2.2,2.199,2.219,2.232,2.22

learning_rate
0.05,0.05,0.05,0.05,0.05,0.05,0.05,0.05,0.05,0.05,0.05,0.05,0.05,0.05,0.05,0.05,0.05,0.05,0.05,0.05,0.05,0.05,0.05,0.05,0.05,0.05,0.05,0.05,0.05,0.05,0.05,0.05,0.05,0.05,0.05,0.05,0.05,0.05,0.05,0.05,0.05,0.05,0.05,0.05,0.05,0.05,0.05,0.05,0.05,0.05,0.05,0.05,0.05,0.05,0.05,0.05,0.05,0.05,0.05,0.05,0.05,0.05,0.05,0.05,0.05,0.05,0.05,0.05,0.05,0.05,0.05,0.05,0.05,0.05,0.05,0.05,0.05,0.05,0.05,0.05,0.05,0.05,0.05,0.05,0.05,0.05,0.05,0.05,0.05,0.05,0.05,0.05,0.05,0.05,0.05,0.05,0.05,0.05,0.05,0.05
0.05,0.05,0.05,0.05,0.05,0.05,0.05,0.05,0.05,0.05,0.05,0.05,0.05,0.05,0.05,0.05,0.05,0.05,0.05,0.05,0.05,0.05,0.05,0.05,0.05,0.05,0.05,0.05,0.05,0.05,0.05,0.05,0.05,0.05,0.05,0.05,0.05,0.05,0.05,0.05,0.05,0.05,0.05,0.05,0.05,0.05,0.05,0.05,0.05,0.05,0.05,0.05,0.05,0.05,0.05,0.05,0.05,0.05,0.05,0.05,0.05,0.05,0.05,0.05,0.05,0.05,0.05,0.05,0.05,0.05,0.05,0.05,0.05,0.05,0.05,0.05,0.05,0.05,0.05,0.05,0.05,0.05,0.05,0.05,0.05,0.05,0.05,0.05,0.05,0.05,0.05,0.05,0.05,0.05,0.05,0.05,0.05,0.05,0.05,0.05
0.05,0.05,0.05,0.05,0.05,0.05,0.05,0.05,0.05,0.05,0.05,0.05,0.05,0.05,0.05,0.05,0.05,0.05,0.05,0.05,0.05,0.05,0.05,0.05,0.05,0.05,0.05,0.05,0.05,0.05,0.05,0.05,0.05,0.05,0.05,0.05,0.05,0.05,0.05,0.05,0.05,0.05,0.05,0.05,0.05,0.05,0.05,0.05,0.05,0.05,0.05,0.05,0.05,0.05,0.05,0.05,0.05,0.05,0.05,0.05,0.05,0.05,0.05,0.05,0.05,0.05,0.05,0.05,0.05,0.05,0.05,0.05,0.05,0.05,0.05,0.05,0.05,0.05,0.05,0.05,0.05,0.05,0.05,0.05,0.05,0.05,0.05,0.05,0.05,0.05,0.05,0.05,0.05,0.05,0.05,0.05,0.05,0.05,0.05,0.05

