parameters
adam_lr:0.0005
adam_beta1:0.9
adam_beta2:0.999
adam_eps:1e-8
adam_weight_decay:0
adam_amsgrad:True
architecture:resnet18_
dataset:cifar10
combine_datasets:False
do_validation_set:False
epochs:100
batch_size:128
test_set_split:0.1666667
validation_set_split:0.0
reduce_train_set:1
executions:3
base_seed:42
training_method:adam
learning_method:constant

train_loss
1.458,0.964,0.755,0.634,0.544,0.482,0.437,0.394,0.359,0.331,0.298,0.284,0.262,0.239,0.225,0.211,0.198,0.182,0.167,0.158,0.149,0.139,0.126,0.122,0.115,0.105,0.099,0.092,0.089,0.083,0.083,0.072,0.07,0.069,0.061,0.058,0.051,0.055,0.052,0.049,0.049,0.045,0.041,0.039,0.038,0.04,0.036,0.033,0.033,0.03,0.03,0.031,0.027,0.024,0.024,0.029,0.023,0.023,0.022,0.024,0.019,0.018,0.021,0.02,0.019,0.018,0.017,0.013,0.017,0.015,0.018,0.014,0.016,0.014,0.015,0.016,0.014,0.015,0.015,0.014,0.011,0.01,0.01,0.009,0.01,0.007,0.01,0.01,0.009,0.009,0.01,0.008,0.009,0.01,0.01,0.011,0.009,0.009,0.008,0.008
1.466,0.969,0.762,0.634,0.551,0.483,0.438,0.397,0.36,0.332,0.302,0.285,0.261,0.243,0.228,0.214,0.198,0.185,0.172,0.16,0.15,0.145,0.13,0.123,0.116,0.111,0.104,0.094,0.093,0.085,0.081,0.075,0.071,0.067,0.064,0.06,0.055,0.057,0.051,0.048,0.048,0.044,0.043,0.039,0.038,0.038,0.035,0.033,0.03,0.035,0.027,0.031,0.03,0.027,0.026,0.026,0.025,0.022,0.025,0.021,0.021,0.02,0.022,0.021,0.018,0.019,0.02,0.018,0.019,0.016,0.014,0.013,0.014,0.016,0.013,0.016,0.018,0.016,0.013,0.009,0.01,0.012,0.012,0.012,0.011,0.01,0.011,0.011,0.008,0.01,0.014,0.011,0.008,0.009,0.008,0.01,0.008,0.008,0.009,0.009
1.473,0.964,0.754,0.637,0.552,0.487,0.441,0.4,0.362,0.336,0.304,0.283,0.263,0.245,0.224,0.214,0.196,0.184,0.171,0.162,0.149,0.139,0.13,0.121,0.119,0.107,0.101,0.093,0.086,0.088,0.082,0.07,0.071,0.065,0.064,0.062,0.055,0.054,0.053,0.048,0.05,0.045,0.042,0.037,0.038,0.036,0.036,0.032,0.03,0.03,0.032,0.029,0.027,0.027,0.027,0.027,0.026,0.024,0.023,0.025,0.021,0.018,0.021,0.018,0.018,0.02,0.016,0.013,0.016,0.013,0.015,0.015,0.015,0.017,0.014,0.014,0.015,0.018,0.014,0.013,0.016,0.014,0.013,0.011,0.011,0.01,0.01,0.009,0.009,0.011,0.01,0.007,0.009,0.01,0.009,0.009,0.009,0.008,0.009,0.008

train_acc1
45.106,65.286,73.4,77.678,81.06,83.168,84.8,86.372,87.644,88.572,89.648,90.182,90.916,91.676,92.206,92.66,93.014,93.656,94.094,94.422,94.828,95.028,95.496,95.614,95.98,96.298,96.436,96.744,96.81,97.018,97.012,97.434,97.522,97.628,97.788,97.858,98.218,98.056,98.194,98.27,98.202,98.394,98.56,98.654,98.644,98.612,98.748,98.826,98.822,98.964,98.992,98.932,99.118,99.154,99.126,99.01,99.27,99.204,99.21,99.19,99.346,99.374,99.258,99.328,99.372,99.392,99.408,99.558,99.442,99.508,99.392,99.526,99.492,99.494,99.476,99.448,99.52,99.51,99.474,99.524,99.626,99.662,99.664,99.716,99.656,99.764,99.66,99.666,99.7,99.656,99.672,99.718,99.662,99.656,99.698,99.622,99.72,99.686,99.726,99.714
45.05,65.182,73.096,77.9,80.834,83.22,84.936,86.312,87.628,88.542,89.544,90.142,90.908,91.454,92.106,92.642,93.104,93.558,93.872,94.27,94.688,94.806,95.416,95.734,95.9,96.08,96.326,96.686,96.648,96.948,97.146,97.336,97.33,97.636,97.722,97.878,98.058,97.958,98.11,98.306,98.318,98.418,98.528,98.666,98.664,98.654,98.762,98.854,98.948,98.782,99.03,98.948,98.932,99.07,99.07,99.088,99.132,99.192,99.13,99.328,99.294,99.312,99.22,99.348,99.41,99.376,99.304,99.416,99.336,99.434,99.54,99.588,99.502,99.458,99.55,99.484,99.39,99.466,99.54,99.664,99.66,99.584,99.588,99.604,99.618,99.648,99.594,99.626,99.742,99.64,99.504,99.662,99.72,99.668,99.7,99.658,99.74,99.758,99.686,99.7
44.436,65.388,73.448,77.772,80.822,82.916,84.808,86.19,87.536,88.436,89.54,90.042,90.836,91.458,92.256,92.516,93.058,93.494,93.962,94.274,94.716,95.168,95.376,95.702,95.822,96.12,96.442,96.73,96.946,96.884,97.078,97.486,97.512,97.58,97.7,97.822,98.142,98.09,98.106,98.28,98.22,98.424,98.506,98.686,98.68,98.724,98.738,98.886,98.89,98.914,98.854,99.01,99.03,99.04,99.038,99.082,99.106,99.166,99.182,99.136,99.284,99.434,99.288,99.354,99.348,99.362,99.434,99.568,99.46,99.556,99.466,99.476,99.504,99.41,99.536,99.53,99.416,99.344,99.508,99.534,99.492,99.524,99.588,99.64,99.596,99.648,99.65,99.668,99.698,99.63,99.666,99.776,99.688,99.622,99.686,99.686,99.706,99.754,99.704,99.716

val_acc1
57.61,65.46,69.77,77.08,81.34,82.36,80.17,83.6,85.22,86.55,86.81,86.26,87.26,87.18,88.6,87.24,88.46,88.72,89.97,89.56,88.49,90.13,90.39,90.13,90.6,89.61,90.29,90.57,89.41,90.88,89.9,90.02,91.46,91.16,90.64,90.74,91.04,90.87,90.74,90.52,91.05,90.95,91.78,90.96,91.54,91.3,91.0,91.25,91.06,91.05,91.85,91.94,91.04,91.65,91.54,91.45,92.05,92.03,91.21,91.36,91.93,92.14,91.49,91.94,92.04,92.09,91.85,92.18,91.68,91.8,91.78,91.87,91.61,92.02,92.11,92.02,92.06,92.37,91.93,92.25,92.77,92.27,92.29,92.42,92.17,92.2,92.29,92.01,92.08,92.15,92.03,92.21,92.31,92.2,92.48,92.37,92.46,92.43,92.34,92.68
55.89,65.39,72.55,78.4,80.03,82.59,82.37,83.48,83.6,86.28,85.56,86.57,87.1,85.78,87.36,88.32,87.83,87.21,89.07,88.67,88.94,89.03,89.63,89.02,89.74,89.76,90.08,88.01,89.97,90.41,90.17,89.88,90.44,90.48,90.4,90.3,89.8,90.62,89.29,90.44,90.79,90.94,91.08,90.85,91.09,90.5,90.77,91.3,91.37,90.84,91.51,91.4,91.12,91.7,91.47,91.24,90.78,91.67,91.63,91.25,91.79,91.37,91.28,91.62,91.78,91.82,91.44,92.11,91.41,91.8,92.15,92.35,91.82,91.76,91.85,91.65,91.87,91.97,91.61,92.17,92.08,92.04,91.58,92.39,91.85,91.8,91.87,92.07,92.12,91.79,91.81,91.96,92.37,92.01,91.83,92.03,91.97,91.89,92.24,91.62
53.22,64.55,72.06,77.75,81.48,82.05,82.5,83.53,84.02,84.98,85.54,85.01,86.16,85.16,87.87,86.65,87.63,86.98,89.02,87.89,88.64,88.36,89.09,89.91,89.87,89.59,89.47,90.21,90.09,88.79,91.03,89.6,90.72,90.05,89.4,90.31,90.59,89.79,90.81,90.61,91.05,91.44,91.43,91.3,91.07,90.69,90.52,90.95,91.44,90.55,91.44,91.66,91.51,91.45,90.9,91.52,91.4,91.65,91.65,91.32,92.02,91.87,91.76,92.18,91.97,91.71,92.11,92.32,92.26,92.28,92.0,91.85,91.68,91.78,91.69,91.57,90.24,91.85,92.0,92.07,92.22,92.04,92.28,92.09,92.44,91.79,92.49,92.3,92.13,92.11,92.08,92.29,92.11,92.15,92.46,92.16,92.16,92.16,92.26,92.52

val_loss
1.19,1.011,0.902,0.697,0.54,0.543,0.599,0.498,0.468,0.411,0.399,0.425,0.389,0.407,0.358,0.426,0.372,0.36,0.331,0.348,0.397,0.336,0.33,0.359,0.351,0.369,0.358,0.364,0.399,0.367,0.378,0.407,0.339,0.363,0.375,0.384,0.379,0.409,0.388,0.425,0.39,0.399,0.384,0.4,0.381,0.385,0.407,0.425,0.428,0.428,0.385,0.38,0.429,0.392,0.461,0.419,0.392,0.409,0.443,0.439,0.413,0.41,0.435,0.418,0.421,0.414,0.437,0.392,0.423,0.445,0.438,0.437,0.483,0.423,0.432,0.434,0.437,0.432,0.443,0.432,0.415,0.431,0.439,0.438,0.468,0.455,0.433,0.467,0.467,0.453,0.472,0.472,0.456,0.456,0.438,0.44,0.448,0.452,0.452,0.447
1.262,1.042,0.802,0.645,0.579,0.525,0.521,0.492,0.511,0.422,0.439,0.424,0.403,0.447,0.401,0.37,0.398,0.429,0.349,0.384,0.378,0.376,0.359,0.392,0.396,0.375,0.355,0.471,0.372,0.378,0.366,0.402,0.38,0.383,0.41,0.4,0.453,0.396,0.456,0.419,0.402,0.401,0.396,0.43,0.413,0.434,0.423,0.418,0.426,0.427,0.421,0.421,0.444,0.415,0.438,0.448,0.47,0.439,0.428,0.462,0.432,0.464,0.46,0.422,0.445,0.432,0.457,0.415,0.46,0.438,0.418,0.418,0.473,0.457,0.457,0.469,0.462,0.437,0.475,0.442,0.44,0.464,0.481,0.427,0.483,0.463,0.48,0.461,0.469,0.493,0.481,0.47,0.467,0.482,0.47,0.471,0.477,0.494,0.48,0.505
1.401,1.077,0.832,0.659,0.54,0.534,0.528,0.477,0.496,0.466,0.452,0.464,0.422,0.482,0.394,0.442,0.396,0.435,0.378,0.397,0.388,0.401,0.396,0.365,0.367,0.377,0.409,0.375,0.387,0.462,0.347,0.448,0.374,0.431,0.45,0.397,0.404,0.446,0.408,0.418,0.399,0.389,0.389,0.395,0.408,0.419,0.448,0.435,0.417,0.479,0.427,0.405,0.418,0.436,0.484,0.435,0.454,0.43,0.452,0.449,0.412,0.429,0.428,0.41,0.418,0.434,0.411,0.421,0.426,0.438,0.43,0.441,0.461,0.458,0.487,0.455,0.603,0.455,0.468,0.459,0.449,0.465,0.463,0.469,0.447,0.462,0.469,0.45,0.483,0.482,0.491,0.472,0.465,0.474,0.453,0.474,0.468,0.475,0.473,0.46

learning_rate
0.0005,0.0005,0.0005,0.0005,0.0005,0.0005,0.0005,0.0005,0.0005,0.0005,0.0005,0.0005,0.0005,0.0005,0.0005,0.0005,0.0005,0.0005,0.0005,0.0005,0.0005,0.0005,0.0005,0.0005,0.0005,0.0005,0.0005,0.0005,0.0005,0.0005,0.0005,0.0005,0.0005,0.0005,0.0005,0.0005,0.0005,0.0005,0.0005,0.0005,0.0005,0.0005,0.0005,0.0005,0.0005,0.0005,0.0005,0.0005,0.0005,0.0005,0.0005,0.0005,0.0005,0.0005,0.0005,0.0005,0.0005,0.0005,0.0005,0.0005,0.0005,0.0005,0.0005,0.0005,0.0005,0.0005,0.0005,0.0005,0.0005,0.0005,0.0005,0.0005,0.0005,0.0005,0.0005,0.0005,0.0005,0.0005,0.0005,0.0005,0.0005,0.0005,0.0005,0.0005,0.0005,0.0005,0.0005,0.0005,0.0005,0.0005,0.0005,0.0005,0.0005,0.0005,0.0005,0.0005,0.0005,0.0005,0.0005,0.0005
0.0005,0.0005,0.0005,0.0005,0.0005,0.0005,0.0005,0.0005,0.0005,0.0005,0.0005,0.0005,0.0005,0.0005,0.0005,0.0005,0.0005,0.0005,0.0005,0.0005,0.0005,0.0005,0.0005,0.0005,0.0005,0.0005,0.0005,0.0005,0.0005,0.0005,0.0005,0.0005,0.0005,0.0005,0.0005,0.0005,0.0005,0.0005,0.0005,0.0005,0.0005,0.0005,0.0005,0.0005,0.0005,0.0005,0.0005,0.0005,0.0005,0.0005,0.0005,0.0005,0.0005,0.0005,0.0005,0.0005,0.0005,0.0005,0.0005,0.0005,0.0005,0.0005,0.0005,0.0005,0.0005,0.0005,0.0005,0.0005,0.0005,0.0005,0.0005,0.0005,0.0005,0.0005,0.0005,0.0005,0.0005,0.0005,0.0005,0.0005,0.0005,0.0005,0.0005,0.0005,0.0005,0.0005,0.0005,0.0005,0.0005,0.0005,0.0005,0.0005,0.0005,0.0005,0.0005,0.0005,0.0005,0.0005,0.0005,0.0005
0.0005,0.0005,0.0005,0.0005,0.0005,0.0005,0.0005,0.0005,0.0005,0.0005,0.0005,0.0005,0.0005,0.0005,0.0005,0.0005,0.0005,0.0005,0.0005,0.0005,0.0005,0.0005,0.0005,0.0005,0.0005,0.0005,0.0005,0.0005,0.0005,0.0005,0.0005,0.0005,0.0005,0.0005,0.0005,0.0005,0.0005,0.0005,0.0005,0.0005,0.0005,0.0005,0.0005,0.0005,0.0005,0.0005,0.0005,0.0005,0.0005,0.0005,0.0005,0.0005,0.0005,0.0005,0.0005,0.0005,0.0005,0.0005,0.0005,0.0005,0.0005,0.0005,0.0005,0.0005,0.0005,0.0005,0.0005,0.0005,0.0005,0.0005,0.0005,0.0005,0.0005,0.0005,0.0005,0.0005,0.0005,0.0005,0.0005,0.0005,0.0005,0.0005,0.0005,0.0005,0.0005,0.0005,0.0005,0.0005,0.0005,0.0005,0.0005,0.0005,0.0005,0.0005,0.0005,0.0005,0.0005,0.0005,0.0005,0.0005

