parameters
adam_lr:0.0005
adam_beta1:0.9
adam_beta2:0.999
adam_eps:1e-8
adam_weight_decay:0
adam_amsgrad:True
architecture:resnet18_
dataset:cifar10
combine_datasets:False
do_validation_set:False
epochs:100
batch_size:1024
test_set_split:0.1666667
validation_set_split:0.0
reduce_train_set:1
executions:2
base_seed:1230
training_method:adam
learning_method:constant

train_loss
1.751,1.287,1.007,0.85,0.73,0.649,0.577,0.519,0.482,0.436,0.419,0.381,0.357,0.336,0.314,0.297,0.275,0.261,0.245,0.229,0.22,0.204,0.198,0.185,0.175,0.164,0.152,0.143,0.141,0.134,0.127,0.116,0.113,0.104,0.099,0.095,0.088,0.08,0.079,0.077,0.078,0.075,0.063,0.062,0.063,0.065,0.062,0.053,0.046,0.047,0.048,0.046,0.045,0.039,0.039,0.04,0.039,0.037,0.034,0.03,0.032,0.03,0.029,0.029,0.029,0.032,0.027,0.03,0.021,0.022,0.022,0.022,0.019,0.02,0.022,0.021,0.021,0.021,0.023,0.021,0.017,0.017,0.018,0.015,0.014,0.013,0.015,0.015,0.016,0.013,0.014,0.012,0.013,0.012,0.012,0.013,0.013,0.011,0.013,0.012
1.745,1.28,1.011,0.863,0.748,0.668,0.591,0.531,0.493,0.448,0.417,0.384,0.364,0.342,0.313,0.297,0.283,0.264,0.25,0.233,0.224,0.208,0.197,0.188,0.186,0.168,0.156,0.143,0.143,0.141,0.13,0.117,0.112,0.11,0.107,0.098,0.089,0.085,0.09,0.086,0.079,0.076,0.067,0.063,0.061,0.061,0.064,0.06,0.053,0.049,0.052,0.046,0.047,0.042,0.039,0.038,0.038,0.043,0.038,0.036,0.042,0.035,0.029,0.026,0.027,0.025,0.027,0.028,0.022,0.021,0.024,0.022,0.023,0.021,0.021,0.023,0.022,0.018,0.019,0.018,0.018,0.016,0.017,0.019,0.019,0.016,0.014,0.012,0.014,0.015,0.014,0.013,0.015,0.017,0.014,0.012,0.011,0.011,0.014,0.015

train_acc1
32.206,52.172,63.394,69.626,74.086,77.206,79.816,81.846,83.318,84.848,85.412,86.74,87.468,88.268,89.052,89.656,90.526,90.944,91.308,92.006,92.4,92.904,92.992,93.494,93.802,94.16,94.68,94.942,95.012,95.18,95.518,95.888,95.94,96.326,96.502,96.54,96.838,97.194,97.23,97.34,97.284,97.388,97.758,97.774,97.75,97.72,97.75,98.14,98.444,98.364,98.298,98.422,98.438,98.594,98.678,98.59,98.636,98.696,98.814,98.932,98.87,98.91,99.01,98.988,98.976,98.894,99.06,98.988,99.282,99.244,99.266,99.27,99.324,99.318,99.26,99.238,99.27,99.268,99.168,99.244,99.38,99.378,99.384,99.486,99.52,99.57,99.48,99.514,99.44,99.574,99.532,99.538,99.574,99.6,99.592,99.558,99.55,99.642,99.576,99.634
32.346,52.626,63.48,69.162,73.39,76.37,79.188,81.526,82.8,84.286,85.484,86.634,87.378,88.118,89.144,89.708,90.086,90.96,91.382,91.928,92.154,92.796,93.224,93.388,93.476,94.104,94.576,95.002,95.032,94.994,95.382,95.876,96.042,96.046,96.156,96.574,96.918,97.002,96.802,97.028,97.206,97.256,97.712,97.812,97.91,97.816,97.724,97.842,98.13,98.32,98.2,98.458,98.348,98.502,98.68,98.678,98.676,98.466,98.618,98.772,98.502,98.792,99.012,99.118,99.0,99.164,99.07,99.004,99.204,99.238,99.138,99.266,99.22,99.268,99.34,99.212,99.236,99.366,99.378,99.382,99.336,99.452,99.41,99.35,99.324,99.432,99.552,99.572,99.546,99.492,99.536,99.518,99.508,99.422,99.508,99.59,99.598,99.636,99.518,99.51

val_acc1
40.75,54.17,60.54,64.56,68.33,72.68,73.91,76.15,80.12,78.05,80.17,81.57,80.74,83.11,82.05,84.63,84.21,84.34,85.21,82.24,84.12,84.11,86.27,84.76,87.21,86.61,85.09,85.7,84.61,87.05,86.46,85.06,86.77,87.18,85.3,86.01,83.83,87.44,87.04,88.48,87.73,88.44,86.42,89.1,88.4,87.08,88.14,88.94,87.98,87.43,88.13,86.8,88.7,89.13,88.43,87.52,89.02,87.67,89.06,89.13,89.18,88.38,89.32,88.01,89.57,88.58,89.23,89.48,89.89,88.97,88.61,89.05,89.72,88.97,89.56,88.79,88.54,89.22,88.87,89.08,88.92,88.46,89.17,89.89,89.96,89.87,89.71,89.6,89.35,89.89,90.19,90.26,89.61,89.85,90.04,89.78,90.2,90.26,90.47,90.23
36.4,55.36,62.18,66.91,66.54,72.26,77.89,75.45,79.55,79.27,80.62,80.57,80.7,83.04,83.42,83.26,84.77,77.48,81.5,81.45,83.19,83.75,83.84,82.28,85.37,84.88,87.26,83.84,84.96,84.02,86.81,84.93,86.13,87.52,87.24,87.75,86.23,86.49,86.85,87.26,88.61,86.55,88.07,86.59,88.58,86.37,87.44,88.51,86.53,88.35,87.36,87.26,89.46,87.69,89.33,88.72,89.04,87.11,89.46,88.72,87.23,89.06,89.09,89.78,89.77,89.07,89.34,89.83,90.31,89.98,89.6,89.93,89.53,89.24,89.76,88.31,89.32,89.9,89.37,90.17,89.57,89.79,90.09,89.25,89.91,90.08,90.52,90.0,90.16,90.5,89.16,89.98,88.7,90.31,90.27,90.59,91.01,90.66,90.66,89.84

val_loss
1.566,1.282,1.181,1.11,0.949,0.849,0.788,0.73,0.59,0.673,0.622,0.588,0.627,0.529,0.588,0.483,0.508,0.499,0.471,0.601,0.555,0.543,0.454,0.521,0.44,0.482,0.523,0.516,0.584,0.495,0.514,0.59,0.525,0.501,0.608,0.569,0.718,0.508,0.548,0.49,0.514,0.452,0.594,0.474,0.492,0.58,0.515,0.489,0.586,0.604,0.55,0.621,0.542,0.546,0.576,0.604,0.523,0.615,0.551,0.527,0.525,0.577,0.528,0.648,0.552,0.567,0.551,0.53,0.534,0.586,0.592,0.566,0.565,0.644,0.558,0.645,0.652,0.604,0.609,0.58,0.631,0.627,0.596,0.571,0.544,0.572,0.568,0.614,0.612,0.552,0.561,0.586,0.605,0.597,0.58,0.595,0.581,0.568,0.561,0.571
1.689,1.269,1.097,0.945,0.993,0.827,0.667,0.754,0.616,0.665,0.591,0.607,0.617,0.52,0.521,0.518,0.489,0.795,0.631,0.668,0.554,0.563,0.549,0.632,0.505,0.54,0.438,0.619,0.573,0.634,0.459,0.566,0.554,0.451,0.465,0.474,0.579,0.556,0.537,0.536,0.453,0.578,0.506,0.633,0.491,0.609,0.574,0.505,0.662,0.519,0.627,0.639,0.477,0.579,0.481,0.525,0.501,0.67,0.498,0.553,0.647,0.534,0.532,0.502,0.507,0.543,0.531,0.515,0.479,0.524,0.545,0.519,0.576,0.571,0.529,0.631,0.55,0.527,0.551,0.554,0.568,0.568,0.522,0.599,0.545,0.536,0.538,0.569,0.545,0.511,0.598,0.573,0.656,0.544,0.541,0.521,0.519,0.525,0.521,0.566

learning_rate
0.0005,0.0005,0.0005,0.0005,0.0005,0.0005,0.0005,0.0005,0.0005,0.0005,0.0005,0.0005,0.0005,0.0005,0.0005,0.0005,0.0005,0.0005,0.0005,0.0005,0.0005,0.0005,0.0005,0.0005,0.0005,0.0005,0.0005,0.0005,0.0005,0.0005,0.0005,0.0005,0.0005,0.0005,0.0005,0.0005,0.0005,0.0005,0.0005,0.0005,0.0005,0.0005,0.0005,0.0005,0.0005,0.0005,0.0005,0.0005,0.0005,0.0005,0.0005,0.0005,0.0005,0.0005,0.0005,0.0005,0.0005,0.0005,0.0005,0.0005,0.0005,0.0005,0.0005,0.0005,0.0005,0.0005,0.0005,0.0005,0.0005,0.0005,0.0005,0.0005,0.0005,0.0005,0.0005,0.0005,0.0005,0.0005,0.0005,0.0005,0.0005,0.0005,0.0005,0.0005,0.0005,0.0005,0.0005,0.0005,0.0005,0.0005,0.0005,0.0005,0.0005,0.0005,0.0005,0.0005,0.0005,0.0005,0.0005,0.0005
0.0005,0.0005,0.0005,0.0005,0.0005,0.0005,0.0005,0.0005,0.0005,0.0005,0.0005,0.0005,0.0005,0.0005,0.0005,0.0005,0.0005,0.0005,0.0005,0.0005,0.0005,0.0005,0.0005,0.0005,0.0005,0.0005,0.0005,0.0005,0.0005,0.0005,0.0005,0.0005,0.0005,0.0005,0.0005,0.0005,0.0005,0.0005,0.0005,0.0005,0.0005,0.0005,0.0005,0.0005,0.0005,0.0005,0.0005,0.0005,0.0005,0.0005,0.0005,0.0005,0.0005,0.0005,0.0005,0.0005,0.0005,0.0005,0.0005,0.0005,0.0005,0.0005,0.0005,0.0005,0.0005,0.0005,0.0005,0.0005,0.0005,0.0005,0.0005,0.0005,0.0005,0.0005,0.0005,0.0005,0.0005,0.0005,0.0005,0.0005,0.0005,0.0005,0.0005,0.0005,0.0005,0.0005,0.0005,0.0005,0.0005,0.0005,0.0005,0.0005,0.0005,0.0005,0.0005,0.0005,0.0005,0.0005,0.0005,0.0005

