parameters
rmsprop_lr:0.0005
rmsprop_momentum:0
rmsprop_alpha:0.99
rmsprop_eps:1e-8
rmsprop_centered:False
rmsprop_weight_decay:0
architecture:resnet18_
dataset:cifar10
combine_datasets:False
do_validation_set:False
epochs:100
batch_size:128
test_set_split:0.1666667
validation_set_split:0.0
reduce_train_set:1
executions:3
base_seed:42
training_method:rmsprop
learning_method:constant

train_loss
1.574,1.059,0.829,0.685,0.596,0.521,0.473,0.427,0.391,0.364,0.331,0.31,0.29,0.269,0.25,0.238,0.221,0.209,0.196,0.182,0.177,0.163,0.149,0.146,0.137,0.128,0.125,0.116,0.11,0.106,0.103,0.094,0.091,0.088,0.084,0.08,0.073,0.073,0.068,0.068,0.065,0.063,0.06,0.059,0.056,0.055,0.055,0.052,0.051,0.047,0.048,0.045,0.045,0.043,0.041,0.043,0.041,0.042,0.038,0.035,0.036,0.037,0.035,0.034,0.034,0.033,0.033,0.03,0.031,0.033,0.029,0.028,0.03,0.028,0.03,0.028,0.028,0.028,0.024,0.027,0.025,0.023,0.026,0.023,0.025,0.024,0.023,0.024,0.021,0.021,0.021,0.023,0.022,0.02,0.022,0.021,0.021,0.02,0.02,0.021
1.587,1.072,0.84,0.697,0.605,0.531,0.482,0.436,0.398,0.369,0.34,0.314,0.293,0.275,0.254,0.24,0.226,0.214,0.198,0.187,0.178,0.17,0.155,0.15,0.141,0.132,0.128,0.119,0.112,0.106,0.102,0.098,0.094,0.089,0.084,0.079,0.076,0.076,0.071,0.072,0.066,0.065,0.059,0.06,0.059,0.059,0.055,0.05,0.052,0.048,0.047,0.044,0.045,0.044,0.043,0.042,0.041,0.041,0.04,0.04,0.036,0.035,0.035,0.034,0.032,0.032,0.033,0.033,0.032,0.029,0.03,0.03,0.029,0.03,0.028,0.03,0.025,0.027,0.026,0.026,0.028,0.024,0.025,0.024,0.025,0.022,0.022,0.024,0.023,0.021,0.023,0.022,0.021,0.021,0.02,0.022,0.019,0.021,0.02,0.02
1.616,1.111,0.853,0.708,0.616,0.54,0.492,0.442,0.407,0.377,0.341,0.318,0.298,0.276,0.26,0.242,0.228,0.214,0.199,0.19,0.18,0.166,0.155,0.151,0.141,0.132,0.128,0.12,0.109,0.109,0.1,0.096,0.093,0.088,0.087,0.078,0.078,0.074,0.072,0.067,0.068,0.064,0.061,0.058,0.058,0.057,0.056,0.052,0.049,0.051,0.047,0.047,0.045,0.045,0.043,0.045,0.04,0.041,0.039,0.039,0.037,0.036,0.035,0.035,0.035,0.035,0.033,0.031,0.033,0.03,0.03,0.03,0.029,0.028,0.028,0.028,0.029,0.026,0.028,0.026,0.028,0.026,0.025,0.024,0.024,0.022,0.025,0.023,0.023,0.022,0.023,0.022,0.024,0.02,0.02,0.022,0.022,0.02,0.02,0.02

train_acc1
40.404,61.574,70.594,75.942,79.316,81.854,83.506,85.22,86.506,87.562,88.478,89.13,89.936,90.616,91.206,91.61,92.376,92.79,93.194,93.574,93.74,94.262,94.768,94.844,95.07,95.528,95.578,95.842,96.09,96.274,96.33,96.692,96.78,96.856,96.94,97.198,97.38,97.432,97.612,97.54,97.714,97.696,97.82,97.968,97.974,98.058,98.054,98.218,98.158,98.378,98.308,98.442,98.414,98.464,98.556,98.524,98.546,98.57,98.646,98.778,98.746,98.794,98.818,98.79,98.86,98.836,98.85,98.88,98.952,98.87,98.994,98.998,98.958,99.032,98.954,99.024,98.998,99.028,99.166,99.104,99.122,99.216,99.14,99.182,99.134,99.142,99.194,99.242,99.272,99.274,99.292,99.224,99.262,99.304,99.214,99.268,99.308,99.276,99.324,99.31
40.458,61.048,69.986,75.54,78.75,81.408,83.332,84.922,86.226,87.322,88.134,89.014,89.674,90.304,91.16,91.754,92.056,92.508,93.046,93.444,93.814,94.004,94.55,94.626,95.018,95.296,95.536,95.82,95.978,96.28,96.402,96.552,96.634,96.776,96.988,97.168,97.228,97.32,97.492,97.492,97.694,97.7,97.904,97.856,97.976,97.904,98.002,98.226,98.15,98.284,98.294,98.476,98.482,98.456,98.456,98.536,98.616,98.6,98.588,98.684,98.79,98.764,98.756,98.83,98.856,98.832,98.858,98.846,98.866,98.994,98.96,98.954,99.01,98.958,99.046,98.936,99.17,99.088,99.114,99.11,99.058,99.172,99.09,99.192,99.152,99.212,99.198,99.188,99.252,99.27,99.236,99.256,99.278,99.25,99.318,99.282,99.308,99.31,99.3,99.302
38.93,59.77,69.594,74.916,78.406,81.156,82.902,84.648,86.022,87.01,88.088,89.022,89.638,90.448,90.854,91.572,91.944,92.508,93.024,93.342,93.738,94.198,94.538,94.664,94.914,95.32,95.46,95.768,96.17,96.208,96.514,96.656,96.67,96.93,96.944,97.264,97.334,97.406,97.488,97.562,97.58,97.754,97.782,98.004,98.014,98.02,97.978,98.194,98.26,98.186,98.314,98.322,98.482,98.402,98.562,98.432,98.636,98.582,98.662,98.7,98.742,98.742,98.788,98.776,98.828,98.764,98.848,98.936,98.886,98.906,98.922,98.948,98.964,98.998,99.024,99.038,99.026,99.086,99.066,99.114,99.054,99.086,99.184,99.16,99.142,99.27,99.142,99.214,99.24,99.252,99.188,99.232,99.162,99.29,99.304,99.254,99.222,99.33,99.296,99.33

val_acc1
51.78,59.66,71.5,67.97,73.27,75.85,80.97,84.12,83.13,79.94,83.91,82.44,84.59,85.79,87.78,81.52,86.06,87.06,88.1,87.96,87.86,89.27,88.7,89.08,89.19,88.61,89.61,87.57,89.43,89.51,90.44,88.58,90.08,89.49,90.38,89.45,90.28,90.29,89.54,90.54,90.42,90.76,90.49,90.57,88.97,91.42,90.53,91.35,90.99,89.63,91.4,90.35,90.95,90.31,90.7,91.23,90.75,90.37,91.93,91.44,91.49,91.65,90.87,90.54,91.26,90.26,91.5,89.22,90.9,91.32,90.89,91.8,91.26,91.6,91.64,90.75,91.08,91.23,90.42,90.75,91.81,91.91,90.98,91.72,91.7,92.22,90.81,91.69,91.82,91.53,91.69,92.02,92.42,90.66,91.39,92.05,89.6,91.96,92.43,90.91
54.7,57.85,69.92,72.79,77.15,75.39,79.06,81.19,82.74,80.81,84.79,82.83,84.06,86.5,86.34,79.19,87.3,87.17,86.7,88.99,87.61,85.64,87.15,86.1,89.17,89.25,88.28,88.4,87.56,89.52,87.45,90.03,89.63,90.05,90.14,90.15,88.31,88.61,87.86,90.81,89.77,91.08,90.44,90.6,90.29,90.77,90.6,90.57,89.9,90.0,90.82,90.63,90.68,90.03,90.81,91.37,90.48,88.6,91.38,91.31,89.84,90.47,90.98,90.54,91.31,91.59,90.78,91.53,90.65,91.32,91.6,91.52,91.53,90.96,90.89,91.53,91.87,91.0,92.11,92.26,90.95,92.09,91.83,91.2,91.92,91.12,89.8,92.13,91.65,90.33,91.45,92.01,91.74,89.43,91.94,92.3,91.68,92.18,91.72,91.5
49.33,56.94,72.75,69.0,73.35,75.26,75.71,81.31,83.15,84.11,82.21,81.73,83.74,85.97,87.07,80.78,86.46,86.56,86.45,88.82,82.5,88.96,88.44,89.37,88.23,89.01,88.25,88.36,88.4,88.18,90.07,85.5,90.29,89.51,90.8,90.0,89.24,90.02,87.78,90.63,90.29,90.31,90.17,90.67,90.87,91.03,90.38,90.69,90.97,90.56,90.44,90.76,89.73,91.04,90.07,91.44,90.83,90.76,89.47,90.32,90.98,91.28,91.14,89.91,90.41,90.49,90.96,90.49,91.78,91.18,91.25,90.13,92.04,91.54,91.6,91.78,91.15,91.47,91.9,91.62,91.87,90.1,91.01,91.61,91.64,91.77,92.0,91.36,91.06,91.6,91.9,91.81,92.23,92.13,91.79,91.43,92.0,91.93,91.6,91.91

val_loss
1.294,1.171,0.816,1.032,0.782,0.732,0.573,0.473,0.517,0.662,0.499,0.583,0.458,0.441,0.381,0.663,0.456,0.438,0.404,0.381,0.419,0.36,0.392,0.396,0.376,0.427,0.374,0.486,0.375,0.392,0.369,0.456,0.377,0.438,0.369,0.428,0.426,0.4,0.472,0.418,0.412,0.396,0.427,0.42,0.537,0.389,0.432,0.437,0.412,0.535,0.398,0.462,0.42,0.463,0.472,0.442,0.481,0.503,0.387,0.428,0.426,0.423,0.46,0.507,0.473,0.532,0.436,0.649,0.476,0.467,0.489,0.406,0.46,0.446,0.471,0.522,0.485,0.463,0.531,0.512,0.446,0.461,0.542,0.473,0.468,0.426,0.526,0.475,0.487,0.497,0.506,0.485,0.425,0.493,0.503,0.463,0.714,0.47,0.447,0.597
1.249,1.252,0.91,0.79,0.683,0.771,0.66,0.564,0.54,0.604,0.457,0.55,0.488,0.435,0.438,0.81,0.412,0.418,0.452,0.36,0.412,0.509,0.483,0.496,0.384,0.391,0.426,0.441,0.504,0.389,0.511,0.383,0.41,0.384,0.408,0.418,0.503,0.549,0.575,0.387,0.436,0.377,0.417,0.42,0.427,0.402,0.426,0.455,0.482,0.489,0.408,0.462,0.439,0.483,0.49,0.415,0.47,0.68,0.428,0.435,0.557,0.492,0.461,0.509,0.469,0.443,0.475,0.458,0.499,0.481,0.447,0.454,0.507,0.48,0.522,0.478,0.467,0.542,0.456,0.432,0.527,0.433,0.456,0.528,0.447,0.524,0.648,0.45,0.521,0.623,0.522,0.479,0.471,0.683,0.485,0.47,0.494,0.455,0.482,0.524
1.426,1.256,0.787,0.929,0.771,0.756,0.773,0.552,0.509,0.486,0.569,0.617,0.537,0.423,0.408,0.663,0.445,0.453,0.451,0.376,0.659,0.37,0.401,0.403,0.428,0.421,0.412,0.418,0.449,0.461,0.367,0.609,0.374,0.442,0.384,0.421,0.477,0.43,0.565,0.401,0.437,0.451,0.462,0.417,0.399,0.414,0.463,0.465,0.456,0.465,0.456,0.442,0.546,0.467,0.504,0.427,0.472,0.473,0.543,0.506,0.486,0.466,0.452,0.543,0.537,0.498,0.513,0.501,0.406,0.505,0.465,0.587,0.446,0.478,0.453,0.456,0.482,0.507,0.464,0.459,0.457,0.596,0.535,0.477,0.47,0.467,0.456,0.537,0.592,0.5,0.483,0.517,0.448,0.473,0.495,0.503,0.465,0.494,0.489,0.512

learning_rate
0.0005,0.0005,0.0005,0.0005,0.0005,0.0005,0.0005,0.0005,0.0005,0.0005,0.0005,0.0005,0.0005,0.0005,0.0005,0.0005,0.0005,0.0005,0.0005,0.0005,0.0005,0.0005,0.0005,0.0005,0.0005,0.0005,0.0005,0.0005,0.0005,0.0005,0.0005,0.0005,0.0005,0.0005,0.0005,0.0005,0.0005,0.0005,0.0005,0.0005,0.0005,0.0005,0.0005,0.0005,0.0005,0.0005,0.0005,0.0005,0.0005,0.0005,0.0005,0.0005,0.0005,0.0005,0.0005,0.0005,0.0005,0.0005,0.0005,0.0005,0.0005,0.0005,0.0005,0.0005,0.0005,0.0005,0.0005,0.0005,0.0005,0.0005,0.0005,0.0005,0.0005,0.0005,0.0005,0.0005,0.0005,0.0005,0.0005,0.0005,0.0005,0.0005,0.0005,0.0005,0.0005,0.0005,0.0005,0.0005,0.0005,0.0005,0.0005,0.0005,0.0005,0.0005,0.0005,0.0005,0.0005,0.0005,0.0005,0.0005
0.0005,0.0005,0.0005,0.0005,0.0005,0.0005,0.0005,0.0005,0.0005,0.0005,0.0005,0.0005,0.0005,0.0005,0.0005,0.0005,0.0005,0.0005,0.0005,0.0005,0.0005,0.0005,0.0005,0.0005,0.0005,0.0005,0.0005,0.0005,0.0005,0.0005,0.0005,0.0005,0.0005,0.0005,0.0005,0.0005,0.0005,0.0005,0.0005,0.0005,0.0005,0.0005,0.0005,0.0005,0.0005,0.0005,0.0005,0.0005,0.0005,0.0005,0.0005,0.0005,0.0005,0.0005,0.0005,0.0005,0.0005,0.0005,0.0005,0.0005,0.0005,0.0005,0.0005,0.0005,0.0005,0.0005,0.0005,0.0005,0.0005,0.0005,0.0005,0.0005,0.0005,0.0005,0.0005,0.0005,0.0005,0.0005,0.0005,0.0005,0.0005,0.0005,0.0005,0.0005,0.0005,0.0005,0.0005,0.0005,0.0005,0.0005,0.0005,0.0005,0.0005,0.0005,0.0005,0.0005,0.0005,0.0005,0.0005,0.0005
0.0005,0.0005,0.0005,0.0005,0.0005,0.0005,0.0005,0.0005,0.0005,0.0005,0.0005,0.0005,0.0005,0.0005,0.0005,0.0005,0.0005,0.0005,0.0005,0.0005,0.0005,0.0005,0.0005,0.0005,0.0005,0.0005,0.0005,0.0005,0.0005,0.0005,0.0005,0.0005,0.0005,0.0005,0.0005,0.0005,0.0005,0.0005,0.0005,0.0005,0.0005,0.0005,0.0005,0.0005,0.0005,0.0005,0.0005,0.0005,0.0005,0.0005,0.0005,0.0005,0.0005,0.0005,0.0005,0.0005,0.0005,0.0005,0.0005,0.0005,0.0005,0.0005,0.0005,0.0005,0.0005,0.0005,0.0005,0.0005,0.0005,0.0005,0.0005,0.0005,0.0005,0.0005,0.0005,0.0005,0.0005,0.0005,0.0005,0.0005,0.0005,0.0005,0.0005,0.0005,0.0005,0.0005,0.0005,0.0005,0.0005,0.0005,0.0005,0.0005,0.0005,0.0005,0.0005,0.0005,0.0005,0.0005,0.0005,0.0005

