parameters
tas_alpha:25
tas_beta:0.7
tas_gamma:0.02
sgd_lr:0.05
sgd_momentum:0.9
sgd_weight_decay:0
sgd_dampening:0
sgd_nesterov:False
architecture:resnet18_
dataset:cifar10
combine_datasets:False
do_validation_set:False
epochs:100
batch_size:128
test_set_split:0.1666667
validation_set_split:0.0
reduce_train_set:1
executions:3
base_seed:42
training_method:sgd
learning_method:tas

train_loss
1.665,1.106,0.85,0.691,0.59,0.519,0.468,0.421,0.38,0.349,0.318,0.296,0.277,0.256,0.237,0.222,0.209,0.195,0.181,0.17,0.159,0.147,0.135,0.132,0.123,0.114,0.111,0.106,0.092,0.093,0.084,0.078,0.075,0.074,0.069,0.064,0.059,0.061,0.058,0.052,0.054,0.049,0.048,0.044,0.044,0.042,0.036,0.04,0.035,0.034,0.035,0.033,0.031,0.031,0.027,0.028,0.023,0.021,0.025,0.019,0.02,0.019,0.016,0.013,0.011,0.009,0.009,0.007,0.005,0.005,0.004,0.003,0.003,0.002,0.002,0.002,0.001,0.001,0.001,0.001,0.001,0.001,0.001,0.001,0.001,0.001,0.001,0.001,0.001,0.001,0.001,0.001,0.001,0.001,0.001,0.001,0.001,0.001,0.001,0.001
1.617,1.049,0.8,0.659,0.569,0.502,0.451,0.41,0.371,0.343,0.312,0.292,0.269,0.254,0.235,0.219,0.204,0.191,0.18,0.166,0.16,0.147,0.137,0.127,0.121,0.113,0.106,0.104,0.095,0.094,0.083,0.078,0.078,0.073,0.067,0.064,0.059,0.061,0.054,0.057,0.049,0.049,0.046,0.044,0.042,0.041,0.039,0.04,0.036,0.038,0.032,0.032,0.031,0.027,0.031,0.028,0.023,0.025,0.024,0.02,0.02,0.016,0.015,0.014,0.012,0.008,0.009,0.006,0.006,0.004,0.003,0.004,0.003,0.002,0.002,0.002,0.002,0.001,0.001,0.001,0.001,0.001,0.001,0.001,0.001,0.001,0.001,0.001,0.001,0.001,0.001,0.001,0.001,0.001,0.001,0.001,0.001,0.001,0.001,0.001
1.661,1.122,0.862,0.694,0.588,0.513,0.464,0.42,0.38,0.346,0.316,0.294,0.274,0.257,0.236,0.221,0.204,0.191,0.179,0.165,0.156,0.145,0.136,0.129,0.122,0.111,0.108,0.101,0.096,0.09,0.083,0.078,0.075,0.073,0.065,0.065,0.063,0.059,0.054,0.053,0.051,0.047,0.046,0.046,0.04,0.04,0.038,0.037,0.037,0.036,0.033,0.03,0.029,0.032,0.026,0.025,0.025,0.025,0.023,0.021,0.017,0.017,0.014,0.014,0.013,0.007,0.008,0.007,0.005,0.005,0.004,0.003,0.002,0.002,0.002,0.001,0.001,0.001,0.001,0.001,0.001,0.001,0.001,0.001,0.001,0.001,0.001,0.001,0.001,0.001,0.001,0.001,0.001,0.001,0.001,0.001,0.001,0.001,0.001,0.001

train_acc1
37.902,60.144,69.964,75.92,79.75,82.104,83.732,85.52,87.0,87.992,88.882,89.808,90.34,91.168,91.632,92.178,92.7,93.166,93.524,94.11,94.454,94.804,95.272,95.358,95.592,95.942,95.992,96.23,96.774,96.708,97.042,97.272,97.384,97.376,97.56,97.706,97.93,97.84,97.97,98.228,98.058,98.308,98.332,98.428,98.476,98.534,98.758,98.622,98.748,98.828,98.796,98.818,98.94,98.884,98.992,98.99,99.198,99.22,99.172,99.344,99.326,99.368,99.474,99.54,99.626,99.676,99.666,99.804,99.826,99.86,99.884,99.908,99.936,99.948,99.962,99.962,99.956,99.978,99.966,99.976,99.968,99.982,99.972,99.976,99.966,99.982,99.962,99.988,99.976,99.97,99.984,99.978,99.986,99.97,99.984,99.98,99.978,99.978,99.978,99.982
40.168,62.226,71.726,76.958,80.37,82.542,84.498,85.798,87.274,88.324,89.26,89.85,90.724,91.262,91.836,92.334,92.792,93.324,93.608,94.026,94.382,94.85,95.124,95.384,95.804,95.942,96.212,96.378,96.528,96.664,97.066,97.316,97.226,97.5,97.68,97.768,97.902,97.868,98.066,97.972,98.264,98.282,98.408,98.426,98.594,98.554,98.692,98.6,98.768,98.69,98.86,98.898,98.932,99.088,98.918,99.058,99.194,99.13,99.194,99.336,99.294,99.46,99.45,99.518,99.598,99.756,99.73,99.772,99.808,99.87,99.9,99.896,99.932,99.942,99.942,99.954,99.966,99.97,99.976,99.966,99.966,99.986,99.982,99.962,99.97,99.976,99.966,99.976,99.976,99.984,99.982,99.984,99.99,99.98,99.968,99.978,99.992,99.976,99.988,99.974
38.128,59.706,69.416,75.836,79.756,82.348,83.99,85.566,86.89,88.292,88.954,89.704,90.546,91.008,91.926,92.374,92.67,93.206,93.712,94.14,94.546,94.912,95.062,95.44,95.704,96.022,96.166,96.446,96.554,96.794,96.99,97.252,97.358,97.376,97.704,97.738,97.8,97.954,98.094,98.214,98.216,98.336,98.404,98.416,98.626,98.574,98.646,98.674,98.704,98.694,98.84,98.876,99.022,98.896,99.086,99.134,99.15,99.168,99.184,99.278,99.398,99.414,99.472,99.55,99.584,99.762,99.696,99.76,99.842,99.842,99.874,99.898,99.928,99.942,99.958,99.952,99.98,99.97,99.982,99.964,99.97,99.966,99.984,99.978,99.978,99.982,99.974,99.98,99.982,99.976,99.976,99.978,99.982,99.974,99.988,99.974,99.982,99.978,99.982,99.968

val_acc1
48.76,64.5,70.66,77.65,75.72,81.06,77.26,84.78,83.94,83.68,84.19,84.66,86.02,86.0,86.37,86.14,87.49,88.17,88.52,88.05,88.54,88.7,88.84,89.93,89.95,90.18,89.88,90.78,90.59,90.08,89.7,90.71,90.78,91.04,90.17,90.02,90.95,89.45,90.63,91.27,90.78,90.65,91.2,90.71,90.58,91.1,91.37,91.26,91.27,91.02,91.13,90.88,91.35,90.8,91.67,91.45,91.22,91.33,91.34,91.58,91.58,91.77,91.96,91.87,92.18,92.16,92.43,92.39,92.66,92.57,92.47,92.77,92.86,92.8,92.83,92.82,92.81,92.89,92.95,92.93,93.01,92.95,93.0,93.03,93.11,93.07,93.05,93.14,93.02,93.13,93.11,93.14,93.13,93.1,93.15,93.09,93.06,93.07,93.09,93.11
51.19,65.68,74.73,78.07,80.3,80.54,80.13,84.7,85.98,83.52,83.22,85.14,84.88,86.01,88.24,87.83,87.63,88.59,88.66,88.38,88.98,88.94,88.71,90.5,90.42,90.38,89.85,89.63,89.79,90.36,90.53,89.48,89.91,90.66,90.36,90.6,90.23,90.45,90.94,90.72,91.49,91.04,90.69,90.96,90.98,91.21,90.32,90.71,90.17,91.15,91.4,90.65,91.34,91.55,91.52,91.22,91.71,91.76,91.53,91.68,92.24,91.93,92.24,91.76,92.17,92.54,92.17,92.49,92.69,92.49,92.73,92.84,92.74,92.79,92.89,92.83,92.91,93.08,92.96,93.06,93.03,92.97,92.97,92.93,93.04,92.97,92.96,93.05,92.96,92.99,92.96,92.98,92.98,93.01,93.08,93.07,93.02,93.06,93.14,93.05
47.78,65.49,69.24,78.17,77.92,78.63,74.94,83.37,84.1,84.26,84.73,86.26,86.57,87.17,87.0,87.35,89.19,86.67,88.83,89.47,88.95,89.39,89.65,89.61,90.3,90.11,89.86,90.46,90.68,89.79,90.2,89.87,90.55,89.9,90.18,90.71,90.81,91.18,91.35,90.77,91.08,90.97,91.15,90.85,91.22,91.0,90.89,91.54,91.27,90.33,91.9,92.01,90.89,91.59,91.32,90.59,91.39,91.78,92.16,91.82,92.12,92.34,92.21,92.01,92.27,92.48,92.3,92.2,92.77,92.76,92.76,92.84,93.15,93.08,93.17,93.04,93.14,93.17,93.12,93.13,93.18,93.17,93.11,93.17,93.25,93.2,93.27,93.26,93.18,93.22,93.23,93.21,93.22,93.19,93.14,93.18,93.1,93.2,93.17,93.22

val_loss
1.426,1.0,0.822,0.639,0.701,0.566,0.703,0.449,0.506,0.502,0.485,0.473,0.435,0.452,0.446,0.451,0.418,0.393,0.37,0.423,0.391,0.392,0.398,0.375,0.369,0.344,0.376,0.335,0.358,0.361,0.404,0.378,0.388,0.349,0.4,0.43,0.397,0.492,0.4,0.387,0.417,0.433,0.416,0.419,0.456,0.402,0.424,0.44,0.426,0.409,0.414,0.483,0.442,0.479,0.447,0.46,0.475,0.489,0.455,0.489,0.469,0.434,0.423,0.464,0.453,0.418,0.457,0.434,0.442,0.446,0.436,0.432,0.444,0.446,0.439,0.442,0.433,0.438,0.442,0.444,0.432,0.435,0.429,0.426,0.428,0.432,0.435,0.432,0.44,0.429,0.448,0.444,0.426,0.433,0.43,0.428,0.433,0.437,0.439,0.444
1.385,0.999,0.73,0.644,0.584,0.595,0.606,0.446,0.431,0.504,0.518,0.475,0.504,0.459,0.386,0.392,0.429,0.374,0.364,0.39,0.368,0.39,0.414,0.339,0.367,0.356,0.384,0.415,0.389,0.346,0.369,0.43,0.433,0.361,0.441,0.423,0.421,0.436,0.402,0.43,0.385,0.398,0.436,0.45,0.421,0.414,0.44,0.465,0.527,0.419,0.439,0.455,0.441,0.435,0.454,0.447,0.479,0.442,0.446,0.456,0.435,0.469,0.439,0.462,0.456,0.446,0.473,0.483,0.468,0.485,0.477,0.479,0.487,0.468,0.472,0.481,0.461,0.465,0.468,0.464,0.458,0.47,0.462,0.461,0.464,0.46,0.472,0.464,0.479,0.467,0.477,0.476,0.459,0.462,0.461,0.459,0.468,0.463,0.466,0.464
1.435,0.986,0.89,0.648,0.676,0.674,0.776,0.492,0.508,0.471,0.468,0.42,0.421,0.391,0.44,0.431,0.356,0.469,0.367,0.366,0.372,0.363,0.376,0.397,0.354,0.373,0.392,0.376,0.363,0.416,0.398,0.433,0.391,0.429,0.418,0.412,0.397,0.402,0.387,0.438,0.415,0.423,0.412,0.446,0.435,0.432,0.464,0.427,0.437,0.484,0.429,0.409,0.513,0.431,0.495,0.54,0.474,0.445,0.43,0.476,0.468,0.449,0.439,0.495,0.444,0.481,0.487,0.483,0.483,0.472,0.467,0.474,0.466,0.461,0.462,0.465,0.464,0.469,0.472,0.477,0.467,0.467,0.463,0.458,0.459,0.462,0.466,0.46,0.48,0.469,0.485,0.47,0.457,0.459,0.458,0.461,0.466,0.463,0.467,0.46

learning_rate
0.05,0.05,0.05,0.05,0.05,0.05,0.05,0.05,0.05,0.05,0.05,0.05,0.05,0.05,0.05,0.05,0.05,0.05,0.05,0.05,0.05,0.05,0.05,0.05,0.049999,0.049999,0.049999,0.049999,0.049998,0.049998,0.049997,0.049996,0.049995,0.049994,0.049992,0.04999,0.049987,0.049984,0.049979,0.049973,0.049965,0.049955,0.049943,0.049926,0.049906,0.049879,0.049845,0.049801,0.049744,0.049672,0.04958,0.049462,0.049311,0.049119,0.048874,0.048564,0.048171,0.047676,0.047056,0.046283,0.045328,0.044159,0.042746,0.041061,0.039088,0.036822,0.03428,0.031501,0.028547,0.0255,0.022453,0.019499,0.01672,0.014178,0.011912,0.009939,0.008254,0.006841,0.005672,0.004717,0.003944,0.003324,0.002829,0.002436,0.002126,0.001881,0.001689,0.001538,0.00142,0.001328,0.001256,0.001199,0.001155,0.001121,0.001094,0.001074,0.001057,0.001045,0.001035,0.001027
0.05,0.05,0.05,0.05,0.05,0.05,0.05,0.05,0.05,0.05,0.05,0.05,0.05,0.05,0.05,0.05,0.05,0.05,0.05,0.05,0.05,0.05,0.05,0.05,0.049999,0.049999,0.049999,0.049999,0.049998,0.049998,0.049997,0.049996,0.049995,0.049994,0.049992,0.04999,0.049987,0.049984,0.049979,0.049973,0.049965,0.049955,0.049943,0.049926,0.049906,0.049879,0.049845,0.049801,0.049744,0.049672,0.04958,0.049462,0.049311,0.049119,0.048874,0.048564,0.048171,0.047676,0.047056,0.046283,0.045328,0.044159,0.042746,0.041061,0.039088,0.036822,0.03428,0.031501,0.028547,0.0255,0.022453,0.019499,0.01672,0.014178,0.011912,0.009939,0.008254,0.006841,0.005672,0.004717,0.003944,0.003324,0.002829,0.002436,0.002126,0.001881,0.001689,0.001538,0.00142,0.001328,0.001256,0.001199,0.001155,0.001121,0.001094,0.001074,0.001057,0.001045,0.001035,0.001027
0.05,0.05,0.05,0.05,0.05,0.05,0.05,0.05,0.05,0.05,0.05,0.05,0.05,0.05,0.05,0.05,0.05,0.05,0.05,0.05,0.05,0.05,0.05,0.05,0.049999,0.049999,0.049999,0.049999,0.049998,0.049998,0.049997,0.049996,0.049995,0.049994,0.049992,0.04999,0.049987,0.049984,0.049979,0.049973,0.049965,0.049955,0.049943,0.049926,0.049906,0.049879,0.049845,0.049801,0.049744,0.049672,0.04958,0.049462,0.049311,0.049119,0.048874,0.048564,0.048171,0.047676,0.047056,0.046283,0.045328,0.044159,0.042746,0.041061,0.039088,0.036822,0.03428,0.031501,0.028547,0.0255,0.022453,0.019499,0.01672,0.014178,0.011912,0.009939,0.008254,0.006841,0.005672,0.004717,0.003944,0.003324,0.002829,0.002436,0.002126,0.001881,0.001689,0.001538,0.00142,0.001328,0.001256,0.001199,0.001155,0.001121,0.001094,0.001074,0.001057,0.001045,0.001035,0.001027

