parameters
sgd_lr:0.05
sgd_momentum:0.9
sgd_weight_decay:0
sgd_dampening:0
sgd_nesterov:False
architecture:resnet18_
dataset:cifar10
combine_datasets:False
do_validation_set:False
epochs:100
batch_size:128
test_set_split:0.1666667
validation_set_split:0.0
reduce_train_set:1
executions:3
base_seed:42
training_method:sgd
learning_method:constant

train_loss
1.664,1.093,0.828,0.67,0.574,0.509,0.456,0.41,0.371,0.342,0.312,0.289,0.271,0.252,0.236,0.221,0.207,0.19,0.179,0.167,0.156,0.145,0.138,0.128,0.122,0.115,0.107,0.099,0.094,0.093,0.085,0.081,0.075,0.073,0.066,0.063,0.062,0.062,0.056,0.054,0.051,0.047,0.049,0.047,0.044,0.042,0.039,0.038,0.038,0.035,0.032,0.034,0.032,0.03,0.03,0.027,0.028,0.025,0.025,0.024,0.025,0.025,0.021,0.021,0.023,0.02,0.019,0.018,0.017,0.02,0.017,0.013,0.018,0.014,0.019,0.017,0.015,0.017,0.014,0.014,0.013,0.01,0.014,0.012,0.014,0.012,0.012,0.012,0.011,0.011,0.014,0.012,0.011,0.012,0.009,0.009,0.008,0.009,0.012,0.009
1.605,1.035,0.792,0.651,0.559,0.493,0.446,0.403,0.369,0.336,0.308,0.286,0.266,0.251,0.23,0.218,0.202,0.194,0.175,0.161,0.154,0.147,0.134,0.127,0.119,0.113,0.105,0.1,0.094,0.095,0.082,0.08,0.075,0.073,0.07,0.064,0.059,0.059,0.058,0.053,0.049,0.048,0.043,0.048,0.042,0.042,0.04,0.038,0.033,0.034,0.032,0.031,0.033,0.028,0.029,0.028,0.024,0.026,0.027,0.022,0.023,0.024,0.022,0.023,0.018,0.021,0.019,0.019,0.02,0.017,0.017,0.018,0.015,0.015,0.015,0.015,0.017,0.017,0.014,0.015,0.016,0.011,0.012,0.014,0.017,0.013,0.01,0.011,0.012,0.012,0.012,0.012,0.009,0.014,0.009,0.009,0.008,0.01,0.01,0.012
1.667,1.125,0.846,0.686,0.585,0.52,0.465,0.418,0.379,0.352,0.318,0.3,0.274,0.259,0.239,0.226,0.208,0.197,0.186,0.167,0.161,0.15,0.14,0.13,0.125,0.115,0.108,0.103,0.098,0.094,0.086,0.081,0.075,0.075,0.068,0.068,0.063,0.061,0.053,0.056,0.054,0.05,0.049,0.045,0.042,0.041,0.04,0.036,0.036,0.033,0.033,0.031,0.033,0.028,0.03,0.025,0.026,0.029,0.024,0.024,0.028,0.017,0.023,0.02,0.02,0.019,0.018,0.023,0.019,0.018,0.02,0.016,0.019,0.018,0.014,0.016,0.014,0.017,0.014,0.015,0.012,0.014,0.014,0.013,0.014,0.014,0.012,0.01,0.013,0.012,0.011,0.012,0.013,0.01,0.011,0.01,0.008,0.009,0.009,0.01

train_acc1
37.77,60.708,70.784,76.772,80.21,82.32,84.142,85.85,87.06,88.318,89.164,89.89,90.506,91.1,91.732,92.3,92.644,93.318,93.702,94.13,94.652,94.952,95.09,95.392,95.682,95.906,96.272,96.55,96.638,96.614,97.026,97.108,97.3,97.38,97.62,97.758,97.786,97.852,98.042,98.116,98.23,98.352,98.256,98.284,98.43,98.492,98.7,98.66,98.644,98.738,98.84,98.83,98.922,98.906,98.946,99.1,99.01,99.104,99.106,99.15,99.132,99.098,99.288,99.262,99.228,99.316,99.356,99.378,99.418,99.26,99.41,99.572,99.386,99.502,99.292,99.442,99.486,99.39,99.522,99.498,99.576,99.66,99.52,99.6,99.526,99.62,99.62,99.572,99.61,99.624,99.532,99.58,99.598,99.608,99.704,99.678,99.718,99.67,99.582,99.706
40.604,62.948,71.98,77.284,80.778,82.948,84.528,86.178,87.192,88.588,89.478,90.164,90.718,91.246,91.93,92.462,92.88,93.214,93.824,94.422,94.642,94.916,95.222,95.536,95.75,96.034,96.218,96.444,96.686,96.63,97.206,97.144,97.314,97.382,97.488,97.73,97.938,97.896,97.946,98.086,98.28,98.274,98.496,98.222,98.52,98.542,98.62,98.69,98.916,98.79,98.898,98.878,98.812,99.032,98.968,99.002,99.174,99.154,99.066,99.19,99.218,99.16,99.23,99.242,99.398,99.28,99.396,99.322,99.312,99.404,99.378,99.352,99.464,99.482,99.424,99.476,99.42,99.406,99.538,99.508,99.43,99.588,99.58,99.528,99.42,99.544,99.676,99.628,99.588,99.582,99.61,99.612,99.678,99.52,99.67,99.696,99.738,99.662,99.636,99.578
38.058,59.458,70.272,76.192,79.994,82.08,83.952,85.66,86.924,87.86,89.016,89.588,90.444,90.9,91.806,92.168,92.62,93.048,93.474,94.172,94.362,94.672,95.032,95.458,95.61,95.84,96.136,96.398,96.528,96.64,96.958,97.2,97.334,97.272,97.562,97.622,97.808,97.92,98.142,98.016,98.066,98.206,98.266,98.388,98.542,98.564,98.612,98.748,98.736,98.81,98.872,98.938,98.884,99.004,98.986,99.058,99.088,98.968,99.166,99.184,99.018,99.396,99.226,99.322,99.316,99.31,99.372,99.228,99.362,99.388,99.306,99.484,99.352,99.426,99.5,99.466,99.468,99.458,99.534,99.456,99.582,99.53,99.488,99.556,99.504,99.514,99.584,99.682,99.552,99.608,99.618,99.596,99.578,99.67,99.606,99.64,99.706,99.684,99.678,99.658

val_acc1
49.57,65.32,69.65,78.57,78.4,80.55,79.54,82.53,84.12,85.64,84.9,86.27,86.29,85.59,87.37,85.71,86.94,88.39,88.33,88.6,89.21,88.78,89.5,90.34,88.84,89.62,89.1,90.28,89.56,89.66,90.36,90.1,90.21,90.71,90.91,90.61,90.32,90.56,90.49,91.21,90.64,90.86,90.85,91.06,90.94,90.57,91.19,91.26,90.27,91.04,91.61,91.57,90.77,91.24,91.1,90.85,91.52,90.14,91.85,91.44,91.36,91.27,91.13,91.85,91.48,91.38,91.16,91.59,91.88,91.67,92.05,91.76,92.0,91.82,91.23,91.99,91.96,91.98,91.95,91.64,92.15,92.11,92.12,91.75,92.05,91.58,92.26,91.72,91.7,92.18,91.96,92.01,91.93,92.34,92.35,92.33,91.93,91.81,91.94,92.29
52.61,64.27,72.5,78.37,79.77,81.06,78.82,81.94,84.19,85.39,85.61,85.49,86.16,85.03,87.71,85.91,88.14,86.51,89.33,87.81,88.97,88.61,89.01,88.97,89.66,90.41,89.56,90.6,90.57,90.69,88.69,90.46,90.35,90.42,90.88,90.66,90.41,90.33,91.21,91.06,91.13,91.21,91.13,91.26,91.84,91.56,91.14,91.64,91.1,91.63,91.57,91.91,91.57,91.79,90.86,91.37,91.39,92.05,91.78,91.51,91.67,91.85,91.26,91.84,91.96,92.04,91.68,91.84,91.6,92.23,92.04,91.93,91.8,92.11,92.35,91.66,91.77,91.94,92.31,91.65,92.2,92.29,91.74,91.69,91.78,92.33,91.97,92.16,92.19,92.33,91.68,92.36,92.35,92.09,92.48,92.7,92.22,92.6,92.29,92.16
47.96,63.52,67.44,77.55,78.62,79.89,77.5,83.59,83.42,85.73,84.71,86.15,86.21,86.72,88.1,85.86,87.79,88.07,88.76,88.6,88.09,86.9,87.95,88.89,89.24,89.74,90.13,89.4,90.21,88.87,90.63,90.53,90.6,90.74,89.36,90.76,90.66,90.94,91.72,90.97,91.06,90.84,91.33,90.38,91.47,91.4,90.95,91.46,90.97,91.05,91.33,91.27,91.35,91.15,91.33,91.52,91.84,91.28,91.87,91.92,92.0,91.87,91.26,91.91,91.97,91.72,91.4,91.51,91.81,91.36,91.97,92.19,92.16,91.87,92.25,92.04,92.3,91.86,91.84,91.84,92.16,92.13,92.04,92.02,91.89,92.21,92.11,92.23,92.11,92.02,92.17,92.06,92.3,92.11,92.22,92.62,92.05,92.23,92.06,92.35

val_loss
1.382,0.981,0.852,0.632,0.634,0.583,0.617,0.541,0.501,0.448,0.474,0.415,0.433,0.455,0.409,0.479,0.45,0.405,0.38,0.418,0.368,0.414,0.363,0.352,0.436,0.372,0.451,0.36,0.401,0.397,0.385,0.405,0.42,0.398,0.372,0.393,0.423,0.411,0.399,0.425,0.421,0.441,0.43,0.421,0.435,0.456,0.418,0.428,0.488,0.434,0.443,0.395,0.474,0.437,0.487,0.508,0.43,0.568,0.433,0.46,0.486,0.458,0.504,0.457,0.481,0.455,0.485,0.467,0.494,0.471,0.465,0.479,0.464,0.471,0.501,0.461,0.49,0.469,0.479,0.503,0.482,0.462,0.471,0.505,0.488,0.482,0.481,0.507,0.521,0.451,0.492,0.506,0.475,0.478,0.473,0.445,0.516,0.523,0.51,0.484
1.269,1.108,0.779,0.629,0.637,0.59,0.656,0.58,0.477,0.436,0.436,0.432,0.442,0.473,0.414,0.459,0.402,0.482,0.346,0.455,0.394,0.395,0.433,0.423,0.397,0.353,0.393,0.375,0.354,0.354,0.478,0.399,0.395,0.39,0.359,0.401,0.391,0.409,0.374,0.402,0.414,0.397,0.47,0.403,0.366,0.403,0.427,0.413,0.473,0.391,0.416,0.404,0.438,0.433,0.487,0.464,0.449,0.417,0.427,0.493,0.455,0.417,0.466,0.434,0.442,0.425,0.48,0.45,0.479,0.457,0.461,0.462,0.503,0.474,0.449,0.492,0.446,0.451,0.461,0.523,0.476,0.482,0.534,0.503,0.499,0.446,0.486,0.496,0.505,0.474,0.551,0.458,0.502,0.466,0.471,0.461,0.521,0.499,0.518,0.468
1.401,1.037,0.933,0.646,0.622,0.601,0.686,0.489,0.531,0.433,0.473,0.427,0.426,0.438,0.383,0.473,0.413,0.399,0.367,0.4,0.415,0.467,0.429,0.39,0.414,0.381,0.374,0.413,0.378,0.446,0.377,0.386,0.407,0.383,0.413,0.407,0.391,0.375,0.361,0.393,0.391,0.397,0.395,0.432,0.381,0.393,0.428,0.421,0.44,0.447,0.457,0.442,0.429,0.426,0.444,0.441,0.436,0.448,0.427,0.456,0.424,0.437,0.478,0.454,0.433,0.444,0.478,0.459,0.454,0.498,0.436,0.457,0.452,0.45,0.45,0.451,0.458,0.462,0.456,0.461,0.444,0.479,0.458,0.479,0.493,0.46,0.481,0.497,0.472,0.477,0.485,0.487,0.458,0.482,0.478,0.453,0.495,0.491,0.485,0.454

learning_rate
0.05,0.05,0.05,0.05,0.05,0.05,0.05,0.05,0.05,0.05,0.05,0.05,0.05,0.05,0.05,0.05,0.05,0.05,0.05,0.05,0.05,0.05,0.05,0.05,0.05,0.05,0.05,0.05,0.05,0.05,0.05,0.05,0.05,0.05,0.05,0.05,0.05,0.05,0.05,0.05,0.05,0.05,0.05,0.05,0.05,0.05,0.05,0.05,0.05,0.05,0.05,0.05,0.05,0.05,0.05,0.05,0.05,0.05,0.05,0.05,0.05,0.05,0.05,0.05,0.05,0.05,0.05,0.05,0.05,0.05,0.05,0.05,0.05,0.05,0.05,0.05,0.05,0.05,0.05,0.05,0.05,0.05,0.05,0.05,0.05,0.05,0.05,0.05,0.05,0.05,0.05,0.05,0.05,0.05,0.05,0.05,0.05,0.05,0.05,0.05
0.05,0.05,0.05,0.05,0.05,0.05,0.05,0.05,0.05,0.05,0.05,0.05,0.05,0.05,0.05,0.05,0.05,0.05,0.05,0.05,0.05,0.05,0.05,0.05,0.05,0.05,0.05,0.05,0.05,0.05,0.05,0.05,0.05,0.05,0.05,0.05,0.05,0.05,0.05,0.05,0.05,0.05,0.05,0.05,0.05,0.05,0.05,0.05,0.05,0.05,0.05,0.05,0.05,0.05,0.05,0.05,0.05,0.05,0.05,0.05,0.05,0.05,0.05,0.05,0.05,0.05,0.05,0.05,0.05,0.05,0.05,0.05,0.05,0.05,0.05,0.05,0.05,0.05,0.05,0.05,0.05,0.05,0.05,0.05,0.05,0.05,0.05,0.05,0.05,0.05,0.05,0.05,0.05,0.05,0.05,0.05,0.05,0.05,0.05,0.05
0.05,0.05,0.05,0.05,0.05,0.05,0.05,0.05,0.05,0.05,0.05,0.05,0.05,0.05,0.05,0.05,0.05,0.05,0.05,0.05,0.05,0.05,0.05,0.05,0.05,0.05,0.05,0.05,0.05,0.05,0.05,0.05,0.05,0.05,0.05,0.05,0.05,0.05,0.05,0.05,0.05,0.05,0.05,0.05,0.05,0.05,0.05,0.05,0.05,0.05,0.05,0.05,0.05,0.05,0.05,0.05,0.05,0.05,0.05,0.05,0.05,0.05,0.05,0.05,0.05,0.05,0.05,0.05,0.05,0.05,0.05,0.05,0.05,0.05,0.05,0.05,0.05,0.05,0.05,0.05,0.05,0.05,0.05,0.05,0.05,0.05,0.05,0.05,0.05,0.05,0.05,0.05,0.05,0.05,0.05,0.05,0.05,0.05,0.05,0.05

