parameters
tas_alpha:25
tas_beta:0.7
tas_gamma:0.02
sgd_lr:0.05
sgd_momentum:0.9
sgd_weight_decay:0
sgd_dampening:0
sgd_nesterov:False
architecture:resnet18_
dataset:cifar10
combine_datasets:False
do_validation_set:False
epochs:100
batch_size:512
test_set_split:0.1666667
validation_set_split:0.0
reduce_train_set:1
executions:2
base_seed:1230
training_method:sgd
learning_method:tas

train_loss
1.754,1.243,0.943,0.778,0.666,0.587,0.539,0.484,0.454,0.405,0.379,0.341,0.327,0.312,0.282,0.261,0.249,0.23,0.213,0.2,0.203,0.182,0.174,0.17,0.164,0.143,0.135,0.127,0.125,0.115,0.106,0.101,0.103,0.096,0.088,0.089,0.078,0.073,0.073,0.072,0.065,0.059,0.059,0.055,0.051,0.051,0.045,0.043,0.045,0.045,0.045,0.046,0.042,0.036,0.033,0.033,0.027,0.028,0.029,0.024,0.023,0.017,0.017,0.017,0.017,0.014,0.011,0.008,0.008,0.006,0.005,0.003,0.003,0.003,0.003,0.002,0.002,0.002,0.002,0.002,0.002,0.002,0.001,0.001,0.001,0.002,0.001,0.001,0.001,0.001,0.001,0.002,0.001,0.001,0.001,0.001,0.001,0.001,0.001,0.001
1.754,1.253,0.954,0.788,0.673,0.584,0.542,0.483,0.447,0.402,0.378,0.342,0.328,0.304,0.283,0.26,0.251,0.235,0.222,0.204,0.197,0.18,0.17,0.158,0.16,0.144,0.133,0.126,0.119,0.115,0.105,0.107,0.094,0.09,0.093,0.085,0.074,0.075,0.071,0.069,0.065,0.06,0.059,0.056,0.053,0.051,0.048,0.047,0.043,0.044,0.041,0.038,0.035,0.034,0.035,0.032,0.034,0.034,0.027,0.026,0.024,0.022,0.017,0.014,0.013,0.011,0.011,0.009,0.006,0.006,0.005,0.004,0.003,0.003,0.002,0.002,0.002,0.002,0.002,0.002,0.002,0.001,0.002,0.001,0.001,0.001,0.001,0.001,0.002,0.001,0.001,0.001,0.001,0.001,0.001,0.001,0.001,0.001,0.001,0.001

train_acc1
34.292,55.348,66.384,72.528,76.538,79.616,81.248,83.138,84.192,85.844,86.95,88.056,88.588,89.058,90.008,90.776,91.382,91.82,92.556,92.908,92.894,93.622,94.05,94.018,94.204,94.904,95.194,95.466,95.612,95.908,96.256,96.292,96.312,96.62,96.8,96.808,97.21,97.318,97.408,97.434,97.652,97.934,97.9,98.002,98.192,98.258,98.42,98.496,98.414,98.452,98.362,98.382,98.496,98.718,98.864,98.86,99.042,99.006,99.062,99.164,99.218,99.468,99.4,99.414,99.422,99.56,99.668,99.758,99.766,99.834,99.854,99.912,99.93,99.936,99.948,99.942,99.966,99.982,99.974,99.944,99.976,99.968,99.978,99.978,99.978,99.964,99.976,99.98,99.982,99.98,99.98,99.966,99.986,99.97,99.968,99.982,99.976,99.988,99.978,99.98
34.168,54.844,66.412,72.146,76.478,79.526,81.226,83.216,84.454,86.08,86.878,88.08,88.626,89.44,90.154,90.888,91.25,91.714,92.206,92.67,93.086,93.632,94.036,94.474,94.3,94.916,95.34,95.45,95.776,95.87,96.236,96.19,96.714,96.85,96.714,97.034,97.416,97.344,97.434,97.472,97.722,97.912,97.948,98.004,98.16,98.156,98.316,98.31,98.428,98.45,98.526,98.666,98.812,98.808,98.796,98.946,98.8,98.828,99.068,99.078,99.18,99.244,99.42,99.526,99.56,99.622,99.628,99.686,99.816,99.808,99.87,99.908,99.914,99.936,99.936,99.95,99.982,99.972,99.966,99.976,99.966,99.966,99.972,99.974,99.978,99.98,99.988,99.974,99.962,99.968,99.98,99.98,99.976,99.982,99.978,99.968,99.986,99.976,99.974,99.984

val_acc1
46.83,53.92,63.06,65.87,71.72,77.21,80.29,76.76,80.48,81.57,83.46,81.66,81.86,83.36,83.95,81.77,86.88,86.83,86.63,84.2,86.81,85.25,84.49,86.4,87.72,86.25,87.43,86.01,87.3,88.73,88.23,89.15,88.32,89.29,87.93,87.86,88.48,88.65,88.49,87.76,87.68,89.09,89.1,87.49,89.97,89.36,89.11,89.88,89.68,89.28,88.89,90.04,89.49,90.5,89.99,89.72,90.32,90.55,90.5,89.99,91.08,91.25,91.17,91.01,90.55,91.26,91.38,91.4,91.71,91.58,91.73,91.87,91.94,92.34,92.28,92.29,92.43,92.33,92.26,92.36,92.34,92.33,92.42,92.45,92.39,92.37,92.47,92.38,92.35,92.35,92.43,92.42,92.43,92.42,92.39,92.44,92.4,92.44,92.42,92.41
46.73,57.05,59.32,61.94,74.42,74.52,78.17,76.38,82.31,79.75,84.32,84.55,82.42,83.85,85.85,80.29,85.86,84.5,86.78,85.46,85.71,84.92,88.06,86.02,88.04,87.12,88.67,87.72,87.34,87.71,87.71,87.44,87.18,87.98,88.74,88.41,86.42,87.21,88.05,88.4,89.34,88.44,89.8,89.63,89.13,89.47,90.05,89.63,89.26,90.19,90.57,90.38,89.77,89.26,90.0,90.34,87.65,89.28,90.15,90.19,90.47,90.73,91.09,91.16,90.89,91.18,91.35,91.57,91.46,91.52,92.2,92.18,92.04,92.29,92.25,92.22,92.27,92.19,92.18,92.22,92.15,92.16,92.21,92.28,92.27,92.29,92.33,92.28,92.3,92.25,92.27,92.28,92.36,92.36,92.35,92.32,92.3,92.33,92.26,92.26

val_loss
1.497,1.346,1.174,1.144,0.87,0.717,0.593,0.734,0.617,0.564,0.505,0.641,0.594,0.528,0.534,0.639,0.417,0.43,0.467,0.58,0.464,0.558,0.608,0.491,0.42,0.526,0.477,0.535,0.501,0.44,0.459,0.453,0.481,0.441,0.521,0.531,0.499,0.524,0.525,0.617,0.58,0.507,0.54,0.62,0.513,0.508,0.534,0.49,0.534,0.513,0.596,0.494,0.568,0.491,0.509,0.563,0.499,0.519,0.498,0.528,0.457,0.485,0.506,0.514,0.537,0.496,0.473,0.485,0.474,0.485,0.493,0.47,0.476,0.459,0.461,0.463,0.46,0.454,0.457,0.454,0.457,0.459,0.461,0.456,0.463,0.459,0.457,0.458,0.46,0.457,0.464,0.462,0.459,0.462,0.46,0.466,0.466,0.461,0.461,0.456
1.449,1.244,1.274,1.313,0.825,0.8,0.639,0.753,0.541,0.625,0.491,0.5,0.57,0.525,0.447,0.701,0.49,0.556,0.432,0.525,0.494,0.557,0.443,0.516,0.421,0.483,0.417,0.45,0.498,0.507,0.502,0.512,0.564,0.526,0.469,0.518,0.603,0.615,0.533,0.516,0.497,0.573,0.459,0.474,0.512,0.479,0.477,0.491,0.565,0.485,0.455,0.468,0.541,0.58,0.52,0.489,0.734,0.572,0.524,0.53,0.493,0.508,0.478,0.5,0.517,0.511,0.488,0.506,0.495,0.502,0.49,0.471,0.483,0.465,0.465,0.456,0.462,0.461,0.457,0.456,0.463,0.461,0.461,0.459,0.464,0.462,0.458,0.459,0.464,0.459,0.467,0.461,0.459,0.463,0.46,0.466,0.468,0.464,0.464,0.463

learning_rate
0.05,0.05,0.05,0.05,0.05,0.05,0.05,0.05,0.05,0.05,0.05,0.05,0.05,0.05,0.05,0.05,0.05,0.05,0.05,0.05,0.05,0.05,0.05,0.05,0.05,0.049999,0.049999,0.049999,0.049999,0.049998,0.049998,0.049997,0.049996,0.049995,0.049994,0.049992,0.04999,0.049987,0.049984,0.049979,0.049973,0.049965,0.049955,0.049943,0.049926,0.049906,0.049879,0.049845,0.049801,0.049744,0.049672,0.04958,0.049462,0.049311,0.049119,0.048874,0.048564,0.048171,0.047676,0.047056,0.046283,0.045328,0.044159,0.042746,0.041061,0.039088,0.036822,0.03428,0.031501,0.028547,0.0255,0.022453,0.019499,0.01672,0.014178,0.011912,0.009939,0.008254,0.006841,0.005672,0.004717,0.003944,0.003324,0.002829,0.002436,0.002126,0.001881,0.001689,0.001538,0.00142,0.001328,0.001256,0.001199,0.001155,0.001121,0.001094,0.001074,0.001057,0.001045,0.001035
0.05,0.05,0.05,0.05,0.05,0.05,0.05,0.05,0.05,0.05,0.05,0.05,0.05,0.05,0.05,0.05,0.05,0.05,0.05,0.05,0.05,0.05,0.05,0.05,0.05,0.049999,0.049999,0.049999,0.049999,0.049998,0.049998,0.049997,0.049996,0.049995,0.049994,0.049992,0.04999,0.049987,0.049984,0.049979,0.049973,0.049965,0.049955,0.049943,0.049926,0.049906,0.049879,0.049845,0.049801,0.049744,0.049672,0.04958,0.049462,0.049311,0.049119,0.048874,0.048564,0.048171,0.047676,0.047056,0.046283,0.045328,0.044159,0.042746,0.041061,0.039088,0.036822,0.03428,0.031501,0.028547,0.0255,0.022453,0.019499,0.01672,0.014178,0.011912,0.009939,0.008254,0.006841,0.005672,0.004717,0.003944,0.003324,0.002829,0.002436,0.002126,0.001881,0.001689,0.001538,0.00142,0.001328,0.001256,0.001199,0.001155,0.001121,0.001094,0.001074,0.001057,0.001045,0.001035

