parameters
sgd_lr:0.05
sgd_momentum:0.9
sgd_weight_decay:0
sgd_dampening:0
sgd_nesterov:False
architecture:resnet18_
dataset:cifar10
combine_datasets:False
do_validation_set:False
epochs:100
batch_size:1024
test_set_split:0.1666667
validation_set_split:0.0
reduce_train_set:1
executions:2
base_seed:1230
training_method:sgd
learning_method:constant

train_loss
1.913,1.409,1.165,0.988,0.85,0.768,0.696,0.616,0.561,0.511,0.485,0.434,0.413,0.39,0.358,0.353,0.33,0.302,0.286,0.276,0.257,0.248,0.236,0.222,0.212,0.193,0.183,0.171,0.172,0.156,0.15,0.142,0.136,0.13,0.134,0.124,0.108,0.099,0.108,0.097,0.089,0.093,0.087,0.075,0.08,0.078,0.074,0.068,0.057,0.056,0.055,0.058,0.055,0.05,0.049,0.055,0.053,0.043,0.042,0.039,0.043,0.034,0.034,0.032,0.033,0.034,0.031,0.028,0.025,0.028,0.026,0.026,0.023,0.023,0.023,0.022,0.023,0.021,0.02,0.02,0.021,0.019,0.018,0.017,0.014,0.017,0.017,0.021,0.017,0.015,0.012,0.013,0.013,0.014,0.013,0.014,0.013,0.013,0.011,0.012
1.906,1.411,1.176,0.987,0.832,0.741,0.646,0.587,0.545,0.496,0.456,0.417,0.401,0.372,0.352,0.343,0.312,0.291,0.284,0.259,0.245,0.232,0.229,0.212,0.208,0.193,0.183,0.17,0.162,0.154,0.147,0.134,0.131,0.126,0.121,0.115,0.108,0.104,0.098,0.095,0.088,0.088,0.079,0.077,0.072,0.074,0.07,0.069,0.058,0.057,0.057,0.062,0.056,0.052,0.047,0.041,0.039,0.041,0.039,0.039,0.037,0.032,0.039,0.039,0.037,0.031,0.029,0.028,0.028,0.029,0.028,0.027,0.024,0.023,0.019,0.02,0.023,0.02,0.02,0.022,0.019,0.02,0.02,0.021,0.019,0.016,0.018,0.014,0.015,0.018,0.017,0.012,0.016,0.018,0.014,0.013,0.011,0.012,0.01,0.013

train_acc1
26.86,47.67,57.448,64.782,69.9,72.814,75.182,78.326,80.274,82.064,82.98,84.746,85.574,86.202,87.5,87.602,88.606,89.388,89.914,90.164,91.056,91.256,91.642,92.126,92.608,93.19,93.576,93.884,93.866,94.458,94.726,94.928,95.16,95.342,95.0,95.65,96.13,96.452,96.212,96.514,96.818,96.628,96.884,97.274,97.116,97.208,97.352,97.564,97.952,98.052,98.064,97.962,98.044,98.232,98.314,98.02,98.08,98.486,98.526,98.684,98.44,98.856,98.828,98.888,98.824,98.784,98.846,98.982,99.082,99.016,99.054,99.128,99.224,99.254,99.19,99.208,99.186,99.29,99.266,99.336,99.298,99.354,99.368,99.408,99.508,99.436,99.382,99.288,99.392,99.476,99.6,99.556,99.564,99.502,99.566,99.55,99.542,99.584,99.618,99.608
27.636,47.658,57.236,64.406,70.394,73.754,77.32,79.498,80.8,82.784,83.972,85.306,85.9,87.058,87.66,87.986,89.104,89.862,90.148,90.816,91.354,91.792,92.008,92.492,92.564,93.166,93.476,94.07,94.246,94.6,94.616,95.23,95.36,95.498,95.604,95.882,96.192,96.34,96.53,96.536,96.862,96.9,97.154,97.29,97.418,97.26,97.52,97.546,97.96,97.972,97.986,97.818,98.034,98.064,98.328,98.532,98.6,98.614,98.658,98.626,98.702,98.874,98.62,98.636,98.71,98.942,98.948,98.994,99.006,98.97,98.964,99.058,99.188,99.184,99.348,99.384,99.198,99.322,99.356,99.244,99.338,99.312,99.352,99.274,99.35,99.452,99.376,99.546,99.452,99.386,99.404,99.624,99.464,99.376,99.534,99.59,99.62,99.584,99.664,99.572

val_acc1
38.62,48.29,59.46,65.96,65.57,68.49,74.35,74.81,77.7,80.06,80.08,79.68,81.94,82.6,81.61,80.56,83.36,80.34,83.71,84.3,84.69,83.34,84.09,85.46,86.05,85.44,86.19,84.94,85.99,85.93,85.03,83.38,86.92,86.25,84.67,86.25,86.34,87.02,87.04,87.21,87.55,86.05,86.67,87.39,87.71,88.77,87.41,88.34,88.83,88.58,87.33,85.61,87.52,89.03,88.14,85.84,88.56,88.93,88.76,88.63,89.08,88.61,89.06,88.36,87.49,87.95,88.35,89.52,89.88,89.0,88.51,89.31,88.76,89.43,88.22,89.51,89.06,90.07,89.19,90.21,89.5,89.07,89.21,90.44,89.77,90.1,89.52,88.98,89.63,89.92,89.76,90.06,89.86,90.35,90.06,88.84,89.64,89.64,89.99,90.24
34.3,51.16,54.53,64.24,66.9,72.96,76.59,73.86,74.86,76.44,81.08,80.68,81.25,81.33,79.51,85.14,83.75,81.51,85.11,85.45,85.9,86.26,83.58,81.73,80.54,86.45,83.84,84.81,85.83,84.39,86.03,86.27,87.32,86.52,83.51,85.46,83.2,88.21,85.52,87.78,87.85,85.79,86.4,87.37,88.82,85.05,87.35,87.45,86.02,89.03,88.51,88.25,89.22,88.83,88.99,88.71,88.82,88.41,89.29,88.03,86.67,89.19,88.21,88.77,88.34,89.07,89.22,89.43,89.79,88.79,89.66,88.85,89.3,89.85,89.75,89.22,89.72,89.78,89.11,88.44,88.86,89.86,89.53,89.39,90.05,90.0,89.9,90.05,88.94,89.36,90.16,89.94,88.76,90.26,89.13,89.96,89.02,89.87,89.36,89.75

val_loss
1.62,1.488,1.21,0.968,1.05,0.973,0.743,0.778,0.691,0.615,0.611,0.629,0.557,0.533,0.584,0.654,0.531,0.73,0.548,0.532,0.505,0.58,0.537,0.512,0.473,0.505,0.492,0.527,0.509,0.542,0.602,0.674,0.48,0.55,0.658,0.547,0.588,0.582,0.571,0.513,0.538,0.647,0.633,0.558,0.554,0.497,0.569,0.535,0.538,0.534,0.63,0.785,0.632,0.529,0.622,0.786,0.571,0.567,0.611,0.611,0.573,0.608,0.561,0.63,0.65,0.637,0.677,0.555,0.533,0.585,0.638,0.594,0.674,0.603,0.663,0.559,0.626,0.57,0.642,0.573,0.617,0.701,0.625,0.521,0.604,0.59,0.649,0.685,0.612,0.582,0.622,0.594,0.628,0.605,0.605,0.68,0.635,0.645,0.622,0.62
1.901,1.331,1.352,1.036,0.978,0.813,0.699,0.798,0.763,0.711,0.575,0.594,0.584,0.608,0.702,0.457,0.502,0.669,0.493,0.478,0.46,0.465,0.545,0.675,0.694,0.492,0.599,0.546,0.509,0.597,0.548,0.519,0.474,0.549,0.688,0.618,0.727,0.51,0.644,0.527,0.53,0.628,0.624,0.577,0.516,0.71,0.601,0.596,0.692,0.522,0.543,0.545,0.494,0.576,0.519,0.584,0.568,0.62,0.551,0.643,0.751,0.565,0.62,0.62,0.635,0.568,0.569,0.58,0.547,0.638,0.573,0.625,0.607,0.548,0.606,0.621,0.591,0.602,0.626,0.702,0.689,0.602,0.615,0.62,0.603,0.596,0.611,0.599,0.682,0.661,0.584,0.629,0.659,0.606,0.669,0.633,0.718,0.631,0.701,0.654

learning_rate
0.05,0.05,0.05,0.05,0.05,0.05,0.05,0.05,0.05,0.05,0.05,0.05,0.05,0.05,0.05,0.05,0.05,0.05,0.05,0.05,0.05,0.05,0.05,0.05,0.05,0.05,0.05,0.05,0.05,0.05,0.05,0.05,0.05,0.05,0.05,0.05,0.05,0.05,0.05,0.05,0.05,0.05,0.05,0.05,0.05,0.05,0.05,0.05,0.05,0.05,0.05,0.05,0.05,0.05,0.05,0.05,0.05,0.05,0.05,0.05,0.05,0.05,0.05,0.05,0.05,0.05,0.05,0.05,0.05,0.05,0.05,0.05,0.05,0.05,0.05,0.05,0.05,0.05,0.05,0.05,0.05,0.05,0.05,0.05,0.05,0.05,0.05,0.05,0.05,0.05,0.05,0.05,0.05,0.05,0.05,0.05,0.05,0.05,0.05,0.05
0.05,0.05,0.05,0.05,0.05,0.05,0.05,0.05,0.05,0.05,0.05,0.05,0.05,0.05,0.05,0.05,0.05,0.05,0.05,0.05,0.05,0.05,0.05,0.05,0.05,0.05,0.05,0.05,0.05,0.05,0.05,0.05,0.05,0.05,0.05,0.05,0.05,0.05,0.05,0.05,0.05,0.05,0.05,0.05,0.05,0.05,0.05,0.05,0.05,0.05,0.05,0.05,0.05,0.05,0.05,0.05,0.05,0.05,0.05,0.05,0.05,0.05,0.05,0.05,0.05,0.05,0.05,0.05,0.05,0.05,0.05,0.05,0.05,0.05,0.05,0.05,0.05,0.05,0.05,0.05,0.05,0.05,0.05,0.05,0.05,0.05,0.05,0.05,0.05,0.05,0.05,0.05,0.05,0.05,0.05,0.05,0.05,0.05,0.05,0.05

