parameters
rmsprop_lr:0.0001
rmsprop_momentum:0
rmsprop_alpha:0.99
rmsprop_eps:1e-8
rmsprop_centered:False
rmsprop_weight_decay:0
architecture:vgg19bn_
dataset:cifar10
combine_datasets:False
do_validation_set:False
epochs:100
batch_size:128
test_set_split:0.1666667
validation_set_split:0.0
reduce_train_set:1
executions:3
base_seed:42
training_method:rmsprop
learning_method:constant

train_loss
1.585,1.139,0.946,0.825,0.733,0.66,0.611,0.565,0.522,0.488,0.454,0.43,0.404,0.384,0.36,0.344,0.326,0.307,0.293,0.276,0.262,0.25,0.235,0.228,0.218,0.202,0.199,0.188,0.181,0.17,0.163,0.158,0.149,0.147,0.141,0.133,0.126,0.123,0.12,0.117,0.112,0.108,0.105,0.102,0.098,0.094,0.092,0.089,0.087,0.087,0.079,0.08,0.078,0.075,0.073,0.073,0.069,0.07,0.063,0.067,0.062,0.063,0.059,0.061,0.058,0.056,0.056,0.054,0.053,0.052,0.053,0.05,0.051,0.048,0.047,0.048,0.045,0.045,0.045,0.045,0.046,0.042,0.042,0.042,0.043,0.039,0.04,0.039,0.041,0.035,0.037,0.037,0.035,0.037,0.035,0.036,0.035,0.033,0.037,0.033
1.549,1.105,0.918,0.798,0.714,0.645,0.598,0.552,0.508,0.479,0.449,0.42,0.396,0.371,0.353,0.337,0.32,0.298,0.286,0.27,0.257,0.245,0.231,0.221,0.213,0.199,0.195,0.182,0.177,0.168,0.163,0.154,0.15,0.143,0.138,0.13,0.126,0.122,0.115,0.113,0.112,0.106,0.104,0.096,0.095,0.093,0.092,0.09,0.086,0.081,0.081,0.076,0.076,0.076,0.072,0.072,0.068,0.069,0.065,0.066,0.061,0.061,0.06,0.058,0.058,0.056,0.055,0.055,0.052,0.051,0.052,0.051,0.049,0.048,0.047,0.048,0.044,0.045,0.044,0.046,0.041,0.043,0.041,0.042,0.04,0.038,0.041,0.04,0.037,0.038,0.037,0.036,0.037,0.037,0.035,0.035,0.036,0.033,0.033,0.034
1.568,1.113,0.923,0.806,0.72,0.65,0.6,0.555,0.516,0.482,0.453,0.426,0.399,0.375,0.36,0.34,0.323,0.305,0.29,0.274,0.259,0.248,0.231,0.227,0.218,0.206,0.198,0.186,0.178,0.17,0.162,0.157,0.152,0.142,0.141,0.133,0.128,0.125,0.121,0.116,0.111,0.106,0.102,0.101,0.098,0.094,0.091,0.091,0.086,0.086,0.079,0.078,0.078,0.076,0.072,0.074,0.069,0.069,0.064,0.066,0.06,0.061,0.061,0.059,0.059,0.057,0.056,0.055,0.054,0.052,0.053,0.05,0.049,0.049,0.049,0.049,0.049,0.045,0.042,0.045,0.046,0.041,0.042,0.042,0.043,0.04,0.039,0.038,0.039,0.039,0.037,0.039,0.037,0.035,0.035,0.038,0.033,0.033,0.035,0.035

train_acc1
38.132,58.738,66.422,70.866,74.434,76.94,78.93,80.48,82.078,83.264,84.352,85.166,86.038,86.656,87.684,88.068,88.58,89.366,89.944,90.366,90.94,91.366,91.82,91.956,92.442,92.952,93.156,93.428,93.662,94.094,94.388,94.504,94.842,94.764,95.16,95.228,95.514,95.608,95.722,95.87,96.018,96.228,96.312,96.448,96.466,96.726,96.808,96.822,96.934,97.006,97.168,97.236,97.248,97.38,97.392,97.354,97.528,97.624,97.762,97.688,97.84,97.804,97.836,97.892,98.004,98.088,98.038,98.13,98.218,98.248,98.16,98.216,98.206,98.314,98.322,98.284,98.39,98.54,98.474,98.406,98.372,98.494,98.526,98.562,98.54,98.666,98.632,98.66,98.592,98.778,98.712,98.74,98.808,98.728,98.836,98.738,98.818,98.872,98.716,98.864
39.74,60.11,67.476,71.928,75.298,77.682,79.404,80.902,82.51,83.398,84.462,85.478,86.236,87.19,87.796,88.21,88.676,89.684,90.122,90.716,91.014,91.47,92.016,92.31,92.556,93.042,93.262,93.518,93.74,94.084,94.174,94.578,94.68,94.968,95.234,95.388,95.546,95.708,95.948,95.988,96.11,96.314,96.366,96.634,96.692,96.632,96.818,96.924,96.936,97.122,97.106,97.322,97.322,97.358,97.496,97.406,97.656,97.632,97.654,97.702,97.872,97.79,97.872,97.986,97.992,98.006,98.068,98.042,98.224,98.216,98.24,98.228,98.218,98.33,98.388,98.292,98.452,98.402,98.504,98.432,98.532,98.506,98.562,98.592,98.552,98.644,98.606,98.674,98.696,98.646,98.724,98.724,98.73,98.686,98.834,98.746,98.762,98.83,98.864,98.844
39.358,59.666,67.31,71.702,74.958,77.55,79.294,80.998,82.012,83.512,84.27,85.172,86.184,87.116,87.5,88.252,88.824,89.562,89.88,90.346,90.984,91.382,91.962,92.162,92.4,92.864,93.086,93.634,93.746,94.052,94.286,94.404,94.594,95.116,95.092,95.334,95.54,95.568,95.792,95.9,96.156,96.248,96.416,96.462,96.56,96.718,96.784,96.828,96.92,96.958,97.168,97.248,97.196,97.392,97.468,97.42,97.568,97.564,97.708,97.626,97.934,97.844,97.856,97.902,97.914,98.054,98.046,98.164,98.15,98.196,98.12,98.216,98.304,98.258,98.348,98.302,98.244,98.462,98.532,98.444,98.438,98.588,98.596,98.558,98.57,98.592,98.616,98.67,98.606,98.692,98.762,98.648,98.712,98.738,98.77,98.718,98.842,98.764,98.786,98.794

val_acc1
50.73,60.35,70.39,70.6,71.66,73.75,71.27,78.89,76.53,77.91,78.06,80.2,79.58,82.94,80.56,74.72,80.21,81.99,79.34,84.39,83.11,78.42,81.3,86.25,82.61,84.13,81.11,83.51,84.26,84.51,86.37,84.61,86.81,85.65,85.7,83.76,83.45,85.99,80.84,86.75,86.33,87.3,85.97,85.75,82.82,85.13,87.94,83.15,87.23,85.2,84.98,86.9,87.82,87.61,87.1,86.95,87.46,85.81,87.6,86.98,86.52,87.93,86.73,84.98,85.75,87.34,87.94,87.74,87.62,88.36,87.45,87.81,87.62,88.66,88.24,88.29,88.23,85.41,86.14,86.44,88.36,85.98,86.92,88.73,87.98,88.16,87.17,88.04,87.11,88.43,89.39,89.32,87.23,88.84,88.57,89.06,88.77,89.45,88.88,83.92
48.9,59.03,70.07,69.77,74.67,74.37,74.89,77.36,77.14,78.69,80.0,81.68,79.9,79.64,81.37,77.58,81.88,80.85,80.33,85.05,83.99,83.81,84.73,85.68,85.43,86.26,84.27,83.68,85.21,80.93,85.31,85.0,86.23,85.79,85.7,86.03,86.35,84.97,85.84,85.85,84.38,83.39,86.97,86.04,83.63,87.2,86.79,87.01,86.31,87.46,87.26,86.34,85.57,85.61,86.08,87.57,87.44,88.18,87.4,86.0,87.32,88.29,87.2,87.15,87.55,87.55,88.33,87.05,87.77,86.33,86.67,87.86,86.24,86.99,86.92,88.23,88.39,86.74,88.03,87.96,87.68,85.79,87.37,88.28,88.2,87.75,88.19,87.61,88.73,88.74,88.54,88.07,88.23,87.01,88.65,88.19,88.16,87.73,88.94,87.44
51.27,55.67,69.97,71.17,72.27,71.52,74.46,78.7,77.75,79.32,79.11,80.58,81.12,82.24,80.77,78.82,83.2,84.6,79.92,83.44,80.04,83.8,85.57,85.65,84.52,85.02,85.81,83.64,82.95,85.46,86.07,85.59,84.06,85.65,85.29,86.32,86.56,85.66,86.1,85.44,85.52,87.24,85.61,85.78,85.14,86.51,86.52,86.02,85.22,85.85,87.67,86.45,85.63,86.68,85.73,87.18,86.41,86.58,86.75,87.13,87.06,86.43,87.48,85.8,87.2,85.59,87.33,86.62,87.27,87.41,87.06,86.9,87.75,87.61,86.15,86.84,87.2,88.24,85.95,87.72,86.97,87.7,87.85,88.69,87.54,88.15,88.2,87.42,87.97,87.87,87.99,88.33,88.24,87.25,85.7,89.01,88.94,88.48,86.13,86.43

val_loss
1.339,1.108,0.853,0.851,0.816,0.778,0.885,0.602,0.712,0.67,0.663,0.593,0.612,0.529,0.609,0.872,0.626,0.583,0.693,0.49,0.534,0.737,0.627,0.444,0.587,0.524,0.665,0.574,0.555,0.534,0.456,0.548,0.469,0.514,0.507,0.609,0.663,0.506,0.812,0.482,0.506,0.48,0.565,0.58,0.703,0.592,0.471,0.813,0.514,0.6,0.648,0.572,0.502,0.501,0.571,0.54,0.535,0.617,0.509,0.56,0.564,0.516,0.561,0.71,0.615,0.559,0.503,0.546,0.53,0.534,0.549,0.515,0.54,0.498,0.541,0.526,0.516,0.678,0.67,0.655,0.536,0.701,0.634,0.515,0.581,0.569,0.67,0.567,0.637,0.56,0.532,0.518,0.649,0.511,0.546,0.496,0.543,0.52,0.508,0.857
1.396,1.151,0.863,0.884,0.744,0.755,0.748,0.666,0.693,0.641,0.604,0.562,0.618,0.633,0.586,0.693,0.579,0.627,0.657,0.462,0.499,0.513,0.513,0.477,0.472,0.472,0.526,0.56,0.497,0.66,0.477,0.514,0.484,0.482,0.515,0.516,0.499,0.579,0.566,0.572,0.64,0.666,0.521,0.549,0.692,0.478,0.518,0.52,0.537,0.519,0.523,0.592,0.608,0.621,0.607,0.545,0.515,0.483,0.521,0.645,0.554,0.492,0.564,0.596,0.552,0.555,0.52,0.566,0.554,0.677,0.609,0.532,0.648,0.603,0.593,0.542,0.552,0.652,0.58,0.577,0.596,0.755,0.593,0.535,0.557,0.591,0.553,0.605,0.539,0.534,0.552,0.574,0.54,0.672,0.535,0.592,0.613,0.596,0.53,0.652
1.346,1.323,0.874,0.836,0.816,0.861,0.759,0.628,0.672,0.619,0.621,0.591,0.566,0.531,0.617,0.696,0.525,0.476,0.657,0.519,0.687,0.511,0.486,0.465,0.52,0.507,0.467,0.571,0.591,0.514,0.476,0.526,0.589,0.538,0.538,0.51,0.48,0.531,0.511,0.581,0.57,0.497,0.593,0.593,0.61,0.522,0.54,0.559,0.609,0.595,0.5,0.598,0.602,0.545,0.654,0.554,0.605,0.56,0.581,0.556,0.557,0.604,0.531,0.65,0.576,0.667,0.558,0.626,0.587,0.58,0.598,0.597,0.558,0.554,0.645,0.64,0.58,0.524,0.692,0.562,0.623,0.603,0.58,0.52,0.573,0.532,0.533,0.622,0.593,0.589,0.606,0.575,0.545,0.63,0.74,0.51,0.539,0.587,0.75,0.682

learning_rate
0.0001,0.0001,0.0001,0.0001,0.0001,0.0001,0.0001,0.0001,0.0001,0.0001,0.0001,0.0001,0.0001,0.0001,0.0001,0.0001,0.0001,0.0001,0.0001,0.0001,0.0001,0.0001,0.0001,0.0001,0.0001,0.0001,0.0001,0.0001,0.0001,0.0001,0.0001,0.0001,0.0001,0.0001,0.0001,0.0001,0.0001,0.0001,0.0001,0.0001,0.0001,0.0001,0.0001,0.0001,0.0001,0.0001,0.0001,0.0001,0.0001,0.0001,0.0001,0.0001,0.0001,0.0001,0.0001,0.0001,0.0001,0.0001,0.0001,0.0001,0.0001,0.0001,0.0001,0.0001,0.0001,0.0001,0.0001,0.0001,0.0001,0.0001,0.0001,0.0001,0.0001,0.0001,0.0001,0.0001,0.0001,0.0001,0.0001,0.0001,0.0001,0.0001,0.0001,0.0001,0.0001,0.0001,0.0001,0.0001,0.0001,0.0001,0.0001,0.0001,0.0001,0.0001,0.0001,0.0001,0.0001,0.0001,0.0001,0.0001
0.0001,0.0001,0.0001,0.0001,0.0001,0.0001,0.0001,0.0001,0.0001,0.0001,0.0001,0.0001,0.0001,0.0001,0.0001,0.0001,0.0001,0.0001,0.0001,0.0001,0.0001,0.0001,0.0001,0.0001,0.0001,0.0001,0.0001,0.0001,0.0001,0.0001,0.0001,0.0001,0.0001,0.0001,0.0001,0.0001,0.0001,0.0001,0.0001,0.0001,0.0001,0.0001,0.0001,0.0001,0.0001,0.0001,0.0001,0.0001,0.0001,0.0001,0.0001,0.0001,0.0001,0.0001,0.0001,0.0001,0.0001,0.0001,0.0001,0.0001,0.0001,0.0001,0.0001,0.0001,0.0001,0.0001,0.0001,0.0001,0.0001,0.0001,0.0001,0.0001,0.0001,0.0001,0.0001,0.0001,0.0001,0.0001,0.0001,0.0001,0.0001,0.0001,0.0001,0.0001,0.0001,0.0001,0.0001,0.0001,0.0001,0.0001,0.0001,0.0001,0.0001,0.0001,0.0001,0.0001,0.0001,0.0001,0.0001,0.0001
0.0001,0.0001,0.0001,0.0001,0.0001,0.0001,0.0001,0.0001,0.0001,0.0001,0.0001,0.0001,0.0001,0.0001,0.0001,0.0001,0.0001,0.0001,0.0001,0.0001,0.0001,0.0001,0.0001,0.0001,0.0001,0.0001,0.0001,0.0001,0.0001,0.0001,0.0001,0.0001,0.0001,0.0001,0.0001,0.0001,0.0001,0.0001,0.0001,0.0001,0.0001,0.0001,0.0001,0.0001,0.0001,0.0001,0.0001,0.0001,0.0001,0.0001,0.0001,0.0001,0.0001,0.0001,0.0001,0.0001,0.0001,0.0001,0.0001,0.0001,0.0001,0.0001,0.0001,0.0001,0.0001,0.0001,0.0001,0.0001,0.0001,0.0001,0.0001,0.0001,0.0001,0.0001,0.0001,0.0001,0.0001,0.0001,0.0001,0.0001,0.0001,0.0001,0.0001,0.0001,0.0001,0.0001,0.0001,0.0001,0.0001,0.0001,0.0001,0.0001,0.0001,0.0001,0.0001,0.0001,0.0001,0.0001,0.0001,0.0001

