parameters
rmsprop_lr:0.005
rmsprop_momentum:0
rmsprop_alpha:0.99
rmsprop_eps:1e-8
rmsprop_centered:False
rmsprop_weight_decay:0
architecture:vgg19bn_
dataset:cifar10
combine_datasets:False
do_validation_set:False
epochs:100
batch_size:128
test_set_split:0.1666667
validation_set_split:0.0
reduce_train_set:1
executions:3
base_seed:42
training_method:rmsprop
learning_method:constant

train_loss
2.425,1.891,1.622,1.339,1.095,0.913,0.789,0.688,0.62,0.56,0.508,0.471,0.438,0.407,0.379,0.36,0.335,0.311,0.294,0.278,0.264,0.251,0.231,0.222,0.21,0.192,0.191,0.181,0.172,0.164,0.156,0.151,0.146,0.138,0.138,0.125,0.116,0.115,0.11,0.111,0.104,0.099,0.099,0.093,0.092,0.092,0.102,0.083,0.079,0.078,0.079,0.076,0.07,0.072,0.07,0.07,0.067,0.065,0.062,0.061,0.061,0.06,0.054,0.059,0.053,0.057,0.055,0.052,0.052,0.052,0.05,0.047,0.047,0.047,0.048,0.046,0.044,0.045,0.043,0.047,0.042,0.043,0.043,0.038,0.043,0.036,0.037,0.039,0.036,0.037,0.038,0.04,0.034,0.035,0.035,0.035,0.035,0.032,0.037,0.031
2.355,1.878,1.639,1.379,1.165,0.971,0.848,0.745,0.664,0.605,0.547,0.508,0.47,0.441,0.409,0.38,0.361,0.33,0.313,0.294,0.275,0.265,0.245,0.232,0.219,0.204,0.199,0.187,0.177,0.168,0.16,0.151,0.146,0.139,0.138,0.127,0.117,0.117,0.115,0.111,0.103,0.101,0.098,0.096,0.091,0.09,0.086,0.085,0.083,0.078,0.077,0.074,0.073,0.073,0.066,0.069,0.064,0.064,0.069,0.062,0.06,0.057,0.057,0.057,0.054,0.056,0.054,0.052,0.052,0.054,0.048,0.047,0.047,0.059,0.045,0.048,0.042,0.043,0.043,0.042,0.042,0.044,0.042,0.041,0.039,0.04,0.037,0.036,0.038,0.039,0.036,0.036,0.036,0.037,0.033,0.032,0.035,0.033,0.04,0.031
2.375,1.875,1.635,1.387,1.117,0.919,0.809,0.715,0.641,0.587,0.536,0.495,0.464,0.425,0.396,0.373,0.345,0.321,0.301,0.283,0.267,0.262,0.238,0.225,0.215,0.2,0.197,0.182,0.176,0.17,0.158,0.153,0.145,0.139,0.135,0.128,0.122,0.114,0.112,0.107,0.108,0.102,0.098,0.097,0.09,0.089,0.087,0.081,0.082,0.077,0.077,0.075,0.07,0.074,0.066,0.069,0.066,0.064,0.061,0.06,0.056,0.057,0.055,0.056,0.055,0.054,0.051,0.052,0.051,0.052,0.048,0.045,0.047,0.044,0.044,0.044,0.044,0.043,0.042,0.041,0.039,0.038,0.043,0.04,0.04,0.037,0.038,0.036,0.037,0.036,0.035,0.037,0.031,0.037,0.032,0.037,0.034,0.035,0.031,0.032

train_acc1
12.63,25.306,36.724,50.078,60.922,67.752,72.806,76.85,79.122,81.212,82.962,84.338,85.336,86.49,87.506,88.04,89.018,89.77,90.272,90.73,91.272,91.68,92.424,92.556,92.99,93.6,93.634,93.95,94.292,94.538,94.8,94.9,95.152,95.406,95.542,95.83,96.01,96.228,96.3,96.274,96.506,96.72,96.75,96.944,96.95,96.968,96.822,97.378,97.328,97.422,97.392,97.46,97.646,97.606,97.688,97.72,97.854,97.892,97.972,98.006,97.992,98.002,98.268,98.072,98.294,98.15,98.266,98.322,98.318,98.336,98.38,98.448,98.456,98.474,98.51,98.52,98.602,98.516,98.624,98.574,98.686,98.61,98.662,98.788,98.656,98.848,98.766,98.752,98.806,98.766,98.846,98.798,98.902,98.918,98.896,98.908,98.882,99.008,98.872,98.996
15.764,26.356,35.952,48.48,57.524,65.34,70.68,74.972,77.886,80.084,81.884,83.27,84.914,85.674,86.67,87.668,88.266,89.144,89.778,90.412,91.012,91.322,91.954,92.408,92.912,93.298,93.36,93.918,94.212,94.574,94.652,95.046,95.254,95.466,95.564,95.878,96.144,96.082,96.33,96.348,96.642,96.722,96.772,96.874,97.02,97.082,97.2,97.188,97.29,97.544,97.434,97.576,97.654,97.694,97.874,97.792,97.86,97.854,97.8,98.092,98.054,98.06,98.154,98.202,98.298,98.288,98.24,98.3,98.306,98.292,98.452,98.38,98.462,98.37,98.546,98.462,98.624,98.606,98.626,98.654,98.624,98.648,98.644,98.708,98.768,98.712,98.862,98.856,98.81,98.79,98.88,98.848,98.824,98.824,98.928,98.884,98.898,98.936,98.8,99.006
15.11,25.656,36.21,47.416,59.634,67.454,71.946,75.538,78.534,80.412,82.272,83.654,84.866,86.006,86.958,87.768,88.616,89.384,89.95,90.718,91.146,91.394,92.146,92.582,92.94,93.414,93.562,93.982,94.15,94.482,94.94,95.074,95.29,95.432,95.504,95.738,96.088,96.23,96.296,96.474,96.444,96.714,96.884,96.804,97.008,97.084,97.146,97.29,97.29,97.532,97.488,97.642,97.752,97.608,97.862,97.718,97.888,97.814,98.05,98.104,98.094,98.092,98.196,98.196,98.242,98.298,98.344,98.362,98.374,98.312,98.474,98.572,98.444,98.522,98.606,98.59,98.584,98.604,98.694,98.692,98.742,98.708,98.612,98.724,98.71,98.756,98.784,98.78,98.814,98.842,98.902,98.782,98.98,98.83,98.994,98.84,98.934,98.858,99.06,99.002

val_acc1
19.46,26.47,37.78,34.88,51.84,70.58,59.27,74.23,72.21,75.13,70.85,80.81,79.28,81.73,66.59,64.95,84.1,85.0,81.81,86.38,83.62,85.5,85.31,86.9,87.72,87.8,88.02,85.84,88.28,87.4,87.67,87.52,87.97,87.04,87.78,87.97,87.22,85.83,87.46,82.41,89.12,89.48,87.95,88.25,87.26,84.31,88.96,88.49,88.43,88.05,89.73,88.88,89.35,89.71,89.39,88.92,87.65,89.09,88.25,89.63,90.02,88.44,88.91,88.09,87.34,89.57,90.25,89.1,87.71,85.78,87.57,88.86,90.03,89.07,89.89,89.32,89.04,89.88,88.67,89.04,89.24,89.56,90.37,89.1,89.15,88.48,89.53,89.9,89.49,90.05,89.65,89.9,88.96,89.22,90.06,89.34,89.52,89.52,89.77,89.37
21.54,31.14,30.12,33.79,57.92,62.15,67.93,68.33,77.3,73.58,74.81,79.18,78.8,82.0,78.17,76.5,82.27,84.47,80.1,83.47,82.41,86.69,86.98,86.46,86.03,88.15,85.39,84.0,86.12,87.34,88.46,88.41,79.51,88.33,88.2,87.27,87.41,85.64,85.53,87.75,87.55,88.57,85.13,88.64,88.34,87.44,85.2,87.25,87.01,88.65,89.11,89.16,86.95,89.07,89.86,89.04,89.56,89.14,88.99,88.62,88.34,89.42,87.86,89.35,86.4,88.28,89.93,88.62,87.68,89.7,89.53,90.07,90.03,89.65,89.27,89.95,88.64,89.6,89.93,90.62,89.02,85.77,89.9,89.82,86.87,89.93,89.77,90.56,89.58,89.38,89.77,89.86,89.5,89.68,86.48,90.07,89.99,89.73,90.41,90.23
14.12,30.23,34.22,49.67,59.73,55.41,68.15,72.96,76.0,73.42,79.12,76.27,83.4,80.54,79.68,70.31,82.28,80.53,84.14,85.36,83.13,86.91,86.86,85.56,82.69,87.45,87.95,88.15,87.77,86.57,86.92,87.64,87.94,86.99,86.88,88.64,86.39,88.08,86.39,88.41,87.13,89.02,88.71,88.9,86.93,87.85,88.79,88.55,89.03,87.49,86.12,86.59,87.18,89.02,88.63,89.23,89.12,87.57,88.63,88.58,89.24,89.78,88.18,88.93,89.36,89.25,88.8,89.07,89.6,89.56,89.13,89.04,89.83,90.22,89.57,89.76,89.55,89.49,89.31,89.77,88.6,89.46,89.26,89.91,87.75,90.04,88.0,89.86,89.57,89.74,89.92,89.13,89.87,88.78,89.41,90.5,90.66,88.79,89.95,88.27

val_loss
2.087,1.897,1.638,1.992,1.472,0.863,1.276,0.792,0.845,0.732,0.929,0.606,0.675,0.578,1.296,1.587,0.499,0.488,0.628,0.441,0.526,0.507,0.495,0.452,0.416,0.43,0.424,0.512,0.412,0.475,0.437,0.51,0.486,0.483,0.484,0.457,0.517,0.596,0.505,0.741,0.423,0.432,0.546,0.511,0.584,0.7,0.432,0.484,0.494,0.509,0.423,0.504,0.511,0.437,0.528,0.531,0.585,0.495,0.537,0.496,0.484,0.588,0.521,0.594,0.677,0.459,0.467,0.561,0.574,0.717,0.611,0.549,0.557,0.599,0.54,0.605,0.629,0.584,0.644,0.56,0.59,0.542,0.518,0.624,0.602,0.643,0.579,0.505,0.543,0.514,0.57,0.527,0.615,0.576,0.513,0.544,0.552,0.609,0.552,0.749
2.036,1.758,1.85,2.011,1.194,1.084,0.961,0.967,0.699,0.857,0.788,0.678,0.75,0.59,0.734,0.853,0.563,0.506,0.682,0.584,0.594,0.444,0.437,0.449,0.481,0.41,0.499,0.563,0.489,0.461,0.432,0.415,0.915,0.413,0.438,0.476,0.491,0.608,0.592,0.492,0.579,0.425,0.671,0.48,0.553,0.507,0.686,0.559,0.569,0.481,0.472,0.5,0.579,0.485,0.488,0.493,0.456,0.475,0.495,0.502,0.519,0.47,0.571,0.473,0.685,0.512,0.46,0.525,0.622,0.519,0.47,0.502,0.493,0.481,0.515,0.488,0.544,0.541,0.491,0.468,0.604,1.117,0.513,0.515,0.682,0.502,0.547,0.492,0.594,0.531,0.501,0.557,0.535,0.522,0.769,0.567,0.604,0.57,0.51,0.547
5.441,2.02,1.696,1.36,1.144,1.356,0.936,0.812,0.738,0.848,0.649,0.795,0.518,0.623,0.674,1.13,0.575,0.674,0.546,0.503,0.587,0.438,0.452,0.513,0.666,0.439,0.421,0.452,0.465,0.476,0.525,0.448,0.446,0.475,0.52,0.423,0.541,0.488,0.553,0.468,0.565,0.439,0.486,0.462,0.537,0.527,0.454,0.541,0.469,0.563,0.668,0.635,0.645,0.475,0.552,0.485,0.528,0.634,0.491,0.531,0.504,0.489,0.541,0.522,0.525,0.505,0.592,0.503,0.535,0.505,0.551,0.541,0.518,0.507,0.518,0.541,0.583,0.528,0.522,0.501,0.588,0.55,0.526,0.511,0.669,0.498,0.628,0.533,0.527,0.51,0.498,0.622,0.553,0.609,0.642,0.488,0.538,0.592,0.561,0.615

learning_rate
0.005,0.005,0.005,0.005,0.005,0.005,0.005,0.005,0.005,0.005,0.005,0.005,0.005,0.005,0.005,0.005,0.005,0.005,0.005,0.005,0.005,0.005,0.005,0.005,0.005,0.005,0.005,0.005,0.005,0.005,0.005,0.005,0.005,0.005,0.005,0.005,0.005,0.005,0.005,0.005,0.005,0.005,0.005,0.005,0.005,0.005,0.005,0.005,0.005,0.005,0.005,0.005,0.005,0.005,0.005,0.005,0.005,0.005,0.005,0.005,0.005,0.005,0.005,0.005,0.005,0.005,0.005,0.005,0.005,0.005,0.005,0.005,0.005,0.005,0.005,0.005,0.005,0.005,0.005,0.005,0.005,0.005,0.005,0.005,0.005,0.005,0.005,0.005,0.005,0.005,0.005,0.005,0.005,0.005,0.005,0.005,0.005,0.005,0.005,0.005
0.005,0.005,0.005,0.005,0.005,0.005,0.005,0.005,0.005,0.005,0.005,0.005,0.005,0.005,0.005,0.005,0.005,0.005,0.005,0.005,0.005,0.005,0.005,0.005,0.005,0.005,0.005,0.005,0.005,0.005,0.005,0.005,0.005,0.005,0.005,0.005,0.005,0.005,0.005,0.005,0.005,0.005,0.005,0.005,0.005,0.005,0.005,0.005,0.005,0.005,0.005,0.005,0.005,0.005,0.005,0.005,0.005,0.005,0.005,0.005,0.005,0.005,0.005,0.005,0.005,0.005,0.005,0.005,0.005,0.005,0.005,0.005,0.005,0.005,0.005,0.005,0.005,0.005,0.005,0.005,0.005,0.005,0.005,0.005,0.005,0.005,0.005,0.005,0.005,0.005,0.005,0.005,0.005,0.005,0.005,0.005,0.005,0.005,0.005,0.005
0.005,0.005,0.005,0.005,0.005,0.005,0.005,0.005,0.005,0.005,0.005,0.005,0.005,0.005,0.005,0.005,0.005,0.005,0.005,0.005,0.005,0.005,0.005,0.005,0.005,0.005,0.005,0.005,0.005,0.005,0.005,0.005,0.005,0.005,0.005,0.005,0.005,0.005,0.005,0.005,0.005,0.005,0.005,0.005,0.005,0.005,0.005,0.005,0.005,0.005,0.005,0.005,0.005,0.005,0.005,0.005,0.005,0.005,0.005,0.005,0.005,0.005,0.005,0.005,0.005,0.005,0.005,0.005,0.005,0.005,0.005,0.005,0.005,0.005,0.005,0.005,0.005,0.005,0.005,0.005,0.005,0.005,0.005,0.005,0.005,0.005,0.005,0.005,0.005,0.005,0.005,0.005,0.005,0.005,0.005,0.005,0.005,0.005,0.005,0.005

