parameters
rmsprop_lr:0.0005
rmsprop_momentum:0
rmsprop_alpha:0.99
rmsprop_eps:1e-8
rmsprop_centered:False
rmsprop_weight_decay:0
architecture:vgg19bn_
dataset:cifar10
combine_datasets:False
do_validation_set:False
epochs:100
batch_size:128
test_set_split:0.1666667
validation_set_split:0.0
reduce_train_set:1
executions:3
base_seed:42
training_method:rmsprop
learning_method:constant

train_loss
1.908,1.506,1.223,0.984,0.846,0.737,0.671,0.604,0.554,0.514,0.474,0.439,0.418,0.391,0.368,0.345,0.327,0.308,0.292,0.274,0.263,0.248,0.233,0.224,0.213,0.2,0.198,0.187,0.177,0.17,0.159,0.157,0.147,0.141,0.134,0.128,0.122,0.121,0.114,0.108,0.107,0.102,0.095,0.098,0.091,0.09,0.088,0.083,0.082,0.076,0.075,0.072,0.069,0.069,0.067,0.067,0.063,0.063,0.059,0.06,0.056,0.054,0.054,0.056,0.05,0.052,0.049,0.052,0.046,0.048,0.046,0.044,0.046,0.044,0.04,0.043,0.04,0.042,0.04,0.04,0.038,0.037,0.037,0.036,0.037,0.036,0.034,0.036,0.032,0.034,0.03,0.032,0.034,0.033,0.03,0.032,0.031,0.031,0.03,0.028
1.959,1.55,1.241,1.014,0.881,0.78,0.712,0.645,0.597,0.544,0.499,0.47,0.442,0.415,0.387,0.369,0.347,0.327,0.309,0.291,0.277,0.263,0.247,0.237,0.221,0.214,0.201,0.193,0.181,0.175,0.163,0.158,0.154,0.141,0.139,0.131,0.126,0.119,0.115,0.112,0.109,0.102,0.099,0.092,0.093,0.087,0.084,0.084,0.081,0.077,0.074,0.072,0.069,0.07,0.066,0.065,0.062,0.06,0.059,0.057,0.054,0.053,0.053,0.053,0.051,0.05,0.049,0.048,0.047,0.044,0.044,0.044,0.042,0.043,0.044,0.04,0.039,0.04,0.04,0.036,0.037,0.034,0.038,0.035,0.036,0.034,0.033,0.032,0.032,0.032,0.033,0.03,0.028,0.029,0.03,0.028,0.031,0.027,0.029,0.029
1.939,1.515,1.234,0.976,0.834,0.738,0.675,0.615,0.566,0.521,0.484,0.45,0.423,0.397,0.373,0.357,0.339,0.314,0.297,0.282,0.265,0.257,0.237,0.23,0.22,0.204,0.199,0.188,0.177,0.167,0.16,0.154,0.147,0.142,0.135,0.126,0.119,0.12,0.113,0.109,0.104,0.1,0.095,0.092,0.09,0.088,0.082,0.081,0.08,0.076,0.074,0.072,0.065,0.068,0.065,0.064,0.062,0.06,0.058,0.057,0.057,0.053,0.053,0.051,0.049,0.048,0.05,0.048,0.045,0.047,0.045,0.044,0.042,0.042,0.041,0.041,0.037,0.038,0.037,0.037,0.036,0.036,0.036,0.036,0.036,0.033,0.036,0.033,0.032,0.029,0.031,0.031,0.032,0.03,0.029,0.031,0.028,0.029,0.029,0.029

train_acc1
24.198,40.364,55.018,65.362,70.306,74.296,76.852,79.49,81.414,82.652,84.028,85.194,86.094,86.85,87.728,88.564,89.152,89.67,90.174,90.68,91.266,91.786,92.216,92.368,92.896,93.31,93.328,93.71,94.002,94.238,94.584,94.74,95.086,95.268,95.488,95.8,95.878,95.926,96.2,96.426,96.342,96.596,96.814,96.706,96.926,96.946,97.102,97.266,97.162,97.488,97.458,97.612,97.62,97.786,97.74,97.68,97.9,97.89,98.06,97.996,98.154,98.196,98.17,98.194,98.322,98.224,98.41,98.338,98.482,98.466,98.458,98.584,98.486,98.552,98.694,98.54,98.69,98.658,98.652,98.686,98.764,98.808,98.8,98.87,98.844,98.81,98.896,98.824,98.912,98.904,99.028,98.928,98.892,98.924,99.012,98.986,98.986,99.018,99.02,99.118
21.156,38.038,53.288,62.946,68.32,72.624,75.64,78.258,80.0,82.214,83.452,84.332,85.266,86.204,87.2,87.792,88.46,89.222,89.71,90.238,90.91,91.27,91.772,92.106,92.616,92.882,93.15,93.444,94.06,94.066,94.52,94.688,94.822,95.304,95.248,95.658,95.672,95.914,96.108,96.19,96.292,96.482,96.572,96.93,96.828,97.05,97.124,97.17,97.288,97.43,97.52,97.624,97.682,97.652,97.756,97.8,97.882,97.992,98.026,98.07,98.174,98.206,98.302,98.208,98.304,98.282,98.372,98.382,98.44,98.544,98.53,98.544,98.57,98.52,98.532,98.676,98.706,98.702,98.7,98.794,98.762,98.874,98.724,98.826,98.778,98.904,98.924,98.914,98.93,98.964,98.93,99.024,99.046,99.006,99.028,99.042,99.052,99.072,99.054,99.038
23.582,39.692,54.886,65.606,70.582,74.298,76.822,78.844,80.818,82.366,83.71,84.778,85.864,86.666,87.554,88.088,88.644,89.47,89.938,90.548,91.16,91.366,91.994,92.054,92.708,93.208,93.318,93.722,94.062,94.314,94.56,94.726,95.044,95.238,95.464,95.672,95.978,95.938,96.15,96.336,96.464,96.644,96.82,96.89,96.96,97.022,97.216,97.256,97.332,97.442,97.43,97.532,97.786,97.734,97.788,97.854,97.842,98.04,98.008,98.126,98.104,98.25,98.252,98.28,98.326,98.34,98.37,98.472,98.5,98.49,98.528,98.582,98.658,98.626,98.682,98.63,98.734,98.784,98.798,98.732,98.812,98.832,98.844,98.804,98.84,98.884,98.832,98.908,98.93,99.062,99.002,98.952,98.932,98.998,99.04,98.988,99.094,99.06,99.0,99.032

val_acc1
27.48,48.08,61.97,56.58,64.47,71.45,69.63,77.94,78.23,81.63,73.79,79.88,82.2,83.54,82.52,75.01,83.99,85.45,81.58,86.37,85.39,86.03,88.36,86.64,88.19,86.87,87.74,85.87,87.97,86.8,87.97,88.25,89.03,88.38,89.34,87.92,88.05,86.46,85.6,88.47,88.5,88.99,87.91,89.47,88.55,88.32,87.47,88.45,89.81,89.05,89.31,86.44,88.74,89.62,89.03,89.72,88.82,89.61,85.43,90.05,89.48,84.85,88.5,87.75,90.57,88.37,89.49,88.76,90.53,90.29,89.3,90.03,90.7,90.15,90.78,90.25,89.52,90.07,90.57,90.16,90.12,89.48,89.49,89.89,90.45,88.81,89.2,90.87,90.7,90.75,89.41,90.1,90.85,90.96,90.03,90.19,89.82,90.78,90.64,90.44
28.66,41.97,53.46,55.02,65.69,72.45,62.88,75.86,78.88,78.46,76.79,81.72,82.33,82.54,82.73,80.01,83.09,85.03,83.9,86.53,81.7,83.85,84.67,86.93,87.24,87.46,85.28,87.15,87.35,86.4,87.42,88.57,88.76,87.18,88.16,86.14,87.67,87.47,87.18,87.79,87.58,89.82,89.38,87.86,88.26,88.66,88.5,87.69,89.04,89.58,89.6,85.74,90.05,88.79,88.94,89.79,89.9,89.78,89.68,89.29,89.84,89.78,88.93,89.52,88.15,88.64,90.18,90.34,89.52,89.86,90.28,90.32,90.23,88.25,90.09,88.27,89.42,89.73,90.04,89.39,89.86,89.67,90.47,89.25,90.67,90.44,90.27,90.11,89.69,90.01,90.54,90.29,90.2,90.49,90.61,89.52,89.68,90.81,90.58,90.21
26.69,36.48,60.56,59.82,68.27,72.71,72.01,78.07,79.04,76.04,80.49,81.46,81.86,84.23,84.2,75.47,83.92,85.26,79.69,86.08,84.63,87.27,86.11,88.47,87.08,88.31,87.95,86.32,86.75,86.76,87.06,88.26,88.71,88.99,86.21,88.59,87.28,86.27,89.14,86.37,88.76,90.03,89.32,89.58,88.33,88.97,90.29,86.52,90.44,85.78,88.88,90.45,88.53,89.58,89.07,90.15,90.17,90.05,88.95,89.54,88.77,89.5,90.16,87.85,90.04,90.7,90.1,89.46,90.14,88.34,90.55,90.29,90.61,88.5,89.76,89.75,89.77,90.08,89.92,89.99,90.35,90.51,90.73,90.52,90.62,90.46,90.37,90.75,90.82,91.04,90.18,90.59,90.12,89.19,90.91,90.62,91.17,90.64,90.22,89.75

val_loss
1.82,1.45,1.087,1.37,1.047,0.85,0.946,0.642,0.68,0.553,0.845,0.605,0.559,0.532,0.55,0.861,0.507,0.462,0.639,0.442,0.47,0.456,0.376,0.44,0.4,0.452,0.412,0.517,0.401,0.48,0.427,0.425,0.398,0.41,0.412,0.455,0.471,0.533,0.642,0.477,0.459,0.445,0.468,0.425,0.496,0.502,0.572,0.51,0.453,0.484,0.45,0.618,0.508,0.455,0.484,0.449,0.548,0.46,0.699,0.451,0.474,0.78,0.577,0.633,0.466,0.534,0.502,0.472,0.469,0.467,0.553,0.498,0.477,0.498,0.452,0.485,0.528,0.448,0.499,0.505,0.502,0.535,0.588,0.498,0.469,0.605,0.59,0.463,0.492,0.482,0.558,0.543,0.471,0.464,0.507,0.48,0.524,0.47,0.469,0.51
1.782,1.562,1.335,1.38,0.989,0.808,1.182,0.739,0.678,0.672,0.756,0.581,0.56,0.539,0.552,0.639,0.554,0.478,0.516,0.43,0.605,0.534,0.518,0.407,0.419,0.426,0.482,0.438,0.433,0.477,0.429,0.399,0.365,0.452,0.408,0.508,0.458,0.506,0.49,0.485,0.492,0.386,0.421,0.499,0.493,0.441,0.456,0.539,0.44,0.44,0.443,0.717,0.419,0.47,0.475,0.439,0.426,0.448,0.436,0.454,0.456,0.465,0.555,0.444,0.517,0.507,0.438,0.449,0.455,0.473,0.459,0.468,0.473,0.575,0.451,0.587,0.536,0.498,0.44,0.519,0.479,0.574,0.42,0.526,0.45,0.446,0.474,0.482,0.53,0.477,0.49,0.504,0.481,0.459,0.435,0.561,0.56,0.515,0.458,0.489
2.178,1.633,1.143,1.202,0.949,0.8,0.83,0.659,0.625,0.785,0.604,0.594,0.573,0.496,0.482,0.8,0.511,0.465,0.796,0.446,0.487,0.391,0.444,0.355,0.419,0.4,0.417,0.484,0.469,0.475,0.469,0.425,0.412,0.385,0.528,0.425,0.479,0.54,0.403,0.553,0.425,0.392,0.395,0.419,0.471,0.434,0.401,0.598,0.391,0.67,0.468,0.398,0.515,0.448,0.488,0.428,0.429,0.403,0.5,0.492,0.48,0.474,0.423,0.566,0.445,0.395,0.449,0.463,0.439,0.604,0.431,0.427,0.419,0.535,0.497,0.47,0.526,0.497,0.467,0.482,0.446,0.453,0.474,0.451,0.456,0.464,0.495,0.478,0.451,0.49,0.494,0.456,0.492,0.61,0.455,0.437,0.452,0.492,0.499,0.589

learning_rate
0.0005,0.0005,0.0005,0.0005,0.0005,0.0005,0.0005,0.0005,0.0005,0.0005,0.0005,0.0005,0.0005,0.0005,0.0005,0.0005,0.0005,0.0005,0.0005,0.0005,0.0005,0.0005,0.0005,0.0005,0.0005,0.0005,0.0005,0.0005,0.0005,0.0005,0.0005,0.0005,0.0005,0.0005,0.0005,0.0005,0.0005,0.0005,0.0005,0.0005,0.0005,0.0005,0.0005,0.0005,0.0005,0.0005,0.0005,0.0005,0.0005,0.0005,0.0005,0.0005,0.0005,0.0005,0.0005,0.0005,0.0005,0.0005,0.0005,0.0005,0.0005,0.0005,0.0005,0.0005,0.0005,0.0005,0.0005,0.0005,0.0005,0.0005,0.0005,0.0005,0.0005,0.0005,0.0005,0.0005,0.0005,0.0005,0.0005,0.0005,0.0005,0.0005,0.0005,0.0005,0.0005,0.0005,0.0005,0.0005,0.0005,0.0005,0.0005,0.0005,0.0005,0.0005,0.0005,0.0005,0.0005,0.0005,0.0005,0.0005
0.0005,0.0005,0.0005,0.0005,0.0005,0.0005,0.0005,0.0005,0.0005,0.0005,0.0005,0.0005,0.0005,0.0005,0.0005,0.0005,0.0005,0.0005,0.0005,0.0005,0.0005,0.0005,0.0005,0.0005,0.0005,0.0005,0.0005,0.0005,0.0005,0.0005,0.0005,0.0005,0.0005,0.0005,0.0005,0.0005,0.0005,0.0005,0.0005,0.0005,0.0005,0.0005,0.0005,0.0005,0.0005,0.0005,0.0005,0.0005,0.0005,0.0005,0.0005,0.0005,0.0005,0.0005,0.0005,0.0005,0.0005,0.0005,0.0005,0.0005,0.0005,0.0005,0.0005,0.0005,0.0005,0.0005,0.0005,0.0005,0.0005,0.0005,0.0005,0.0005,0.0005,0.0005,0.0005,0.0005,0.0005,0.0005,0.0005,0.0005,0.0005,0.0005,0.0005,0.0005,0.0005,0.0005,0.0005,0.0005,0.0005,0.0005,0.0005,0.0005,0.0005,0.0005,0.0005,0.0005,0.0005,0.0005,0.0005,0.0005
0.0005,0.0005,0.0005,0.0005,0.0005,0.0005,0.0005,0.0005,0.0005,0.0005,0.0005,0.0005,0.0005,0.0005,0.0005,0.0005,0.0005,0.0005,0.0005,0.0005,0.0005,0.0005,0.0005,0.0005,0.0005,0.0005,0.0005,0.0005,0.0005,0.0005,0.0005,0.0005,0.0005,0.0005,0.0005,0.0005,0.0005,0.0005,0.0005,0.0005,0.0005,0.0005,0.0005,0.0005,0.0005,0.0005,0.0005,0.0005,0.0005,0.0005,0.0005,0.0005,0.0005,0.0005,0.0005,0.0005,0.0005,0.0005,0.0005,0.0005,0.0005,0.0005,0.0005,0.0005,0.0005,0.0005,0.0005,0.0005,0.0005,0.0005,0.0005,0.0005,0.0005,0.0005,0.0005,0.0005,0.0005,0.0005,0.0005,0.0005,0.0005,0.0005,0.0005,0.0005,0.0005,0.0005,0.0005,0.0005,0.0005,0.0005,0.0005,0.0005,0.0005,0.0005,0.0005,0.0005,0.0005,0.0005,0.0005,0.0005

