parameters
rmsprop_lr:0.01
rmsprop_momentum:0
rmsprop_alpha:0.99
rmsprop_eps:1e-8
rmsprop_centered:True
rmsprop_weight_decay:0
architecture:vgg19bn_
dataset:cifar10
combine_datasets:False
do_validation_set:False
epochs:100
batch_size:128
test_set_split:0.1666667
validation_set_split:0.0
reduce_train_set:1
executions:3
base_seed:42
training_method:rmsprop
learning_method:constant

train_loss
2.584,2.061,1.756,1.44,1.176,0.968,0.826,0.72,0.646,0.586,0.532,0.494,0.463,0.432,0.402,0.382,0.361,0.336,0.318,0.306,0.285,0.274,0.26,0.246,0.234,0.221,0.213,0.209,0.196,0.188,0.179,0.17,0.167,0.16,0.154,0.145,0.138,0.135,0.132,0.131,0.122,0.119,0.115,0.111,0.108,0.102,0.105,0.098,0.097,0.091,0.093,0.087,0.085,0.084,0.083,0.078,0.078,0.079,0.075,0.07,0.072,0.07,0.068,0.069,0.065,0.065,0.063,0.062,0.057,0.06,0.058,0.058,0.06,0.056,0.055,0.052,0.052,0.053,0.05,0.051,0.05,0.048,0.049,0.05,0.048,0.046,0.044,0.049,0.046,0.042,0.042,0.043,0.042,0.041,0.039,0.043,0.041,0.039,0.039,0.038
2.557,1.951,1.758,1.477,1.227,1.011,0.891,0.768,0.681,0.622,0.564,0.523,0.488,0.46,0.429,0.408,0.383,0.359,0.34,0.323,0.308,0.295,0.277,0.262,0.256,0.241,0.236,0.226,0.214,0.204,0.195,0.19,0.182,0.177,0.17,0.161,0.153,0.152,0.147,0.142,0.137,0.13,0.129,0.12,0.119,0.114,0.113,0.11,0.105,0.105,0.1,0.098,0.095,0.096,0.091,0.091,0.083,0.086,0.078,0.08,0.084,0.075,0.073,0.077,0.069,0.071,0.072,0.067,0.074,0.066,0.065,0.062,0.061,0.065,0.062,0.058,0.056,0.057,0.055,0.057,0.054,0.051,0.052,0.052,0.052,0.05,0.048,0.047,0.047,0.047,0.044,0.047,0.045,0.05,0.045,0.044,0.043,0.043,0.042,0.046
2.567,1.908,1.689,1.419,1.175,0.946,0.814,0.7,0.629,0.573,0.523,0.486,0.454,0.427,0.398,0.374,0.359,0.335,0.314,0.295,0.284,0.271,0.254,0.241,0.236,0.216,0.212,0.201,0.194,0.183,0.173,0.168,0.163,0.159,0.153,0.143,0.136,0.136,0.135,0.124,0.122,0.116,0.115,0.108,0.109,0.104,0.1,0.098,0.095,0.093,0.09,0.088,0.082,0.085,0.078,0.08,0.076,0.077,0.071,0.067,0.071,0.068,0.068,0.063,0.063,0.064,0.065,0.059,0.058,0.059,0.06,0.054,0.056,0.056,0.055,0.052,0.05,0.05,0.051,0.048,0.051,0.047,0.049,0.049,0.046,0.044,0.047,0.044,0.043,0.043,0.048,0.042,0.039,0.044,0.039,0.04,0.041,0.04,0.038,0.038

train_acc1
10.848,19.486,30.64,44.53,56.834,65.512,71.076,75.042,77.964,80.22,82.176,83.388,84.638,85.666,86.674,87.214,88.044,88.852,89.454,89.788,90.466,90.916,91.348,91.766,92.2,92.568,92.964,93.09,93.418,93.856,93.968,94.346,94.466,94.68,94.768,95.2,95.434,95.42,95.646,95.602,95.946,96.09,96.14,96.298,96.424,96.604,96.524,96.718,96.832,97.026,96.892,97.102,97.136,97.264,97.182,97.326,97.478,97.37,97.464,97.706,97.65,97.648,97.806,97.726,97.908,97.894,97.974,97.93,98.088,98.058,98.094,98.126,98.06,98.19,98.252,98.28,98.364,98.312,98.348,98.306,98.4,98.404,98.388,98.34,98.482,98.492,98.58,98.506,98.5,98.614,98.58,98.642,98.688,98.674,98.71,98.626,98.708,98.73,98.738,98.73
11.268,21.98,30.318,42.562,55.088,64.362,69.278,73.784,77.022,79.148,81.248,82.654,83.93,84.606,86.0,86.516,87.36,88.186,88.842,89.324,90.016,90.284,91.022,91.378,91.61,92.084,92.246,92.528,92.922,93.344,93.484,93.692,93.952,94.114,94.412,94.69,95.002,95.07,95.188,95.35,95.446,95.766,95.784,96.076,96.098,96.216,96.274,96.376,96.512,96.568,96.756,96.772,96.926,96.904,97.052,97.088,97.278,97.104,97.454,97.362,97.344,97.576,97.63,97.576,97.754,97.718,97.584,97.8,97.694,97.838,97.868,97.992,98.014,98.0,97.996,98.18,98.196,98.188,98.218,98.19,98.208,98.378,98.356,98.338,98.408,98.366,98.478,98.462,98.456,98.46,98.626,98.442,98.592,98.55,98.56,98.62,98.584,98.632,98.65,98.626
11.652,23.948,33.682,45.87,57.408,66.618,72.004,76.438,78.952,80.89,82.73,83.934,85.092,85.662,87.036,87.568,88.222,88.948,89.602,90.152,90.602,91.052,91.574,91.948,92.332,92.814,92.952,93.364,93.45,93.92,94.3,94.474,94.698,94.77,94.918,95.278,95.516,95.472,95.688,95.83,95.976,96.196,96.366,96.408,96.432,96.576,96.756,96.762,96.904,96.934,97.042,97.21,97.324,97.18,97.438,97.342,97.57,97.534,97.674,97.828,97.694,97.716,97.76,97.996,97.962,97.928,97.92,98.09,98.138,98.094,97.992,98.204,98.23,98.218,98.228,98.312,98.38,98.412,98.398,98.494,98.374,98.462,98.454,98.48,98.51,98.56,98.536,98.616,98.62,98.666,98.638,98.628,98.748,98.646,98.724,98.764,98.698,98.724,98.856,98.756

val_acc1
12.82,25.9,37.07,36.58,49.12,63.97,63.04,68.51,69.07,74.24,77.51,78.83,82.52,81.99,74.4,69.2,80.62,85.68,82.33,82.17,81.55,85.27,83.18,85.8,86.63,87.33,86.96,85.9,87.66,86.52,87.51,88.31,85.73,87.31,88.48,87.39,86.97,87.62,87.02,88.06,88.36,88.06,88.32,85.85,86.56,85.98,88.01,88.41,88.82,87.53,89.31,87.01,88.93,86.98,87.81,88.62,89.61,88.36,89.1,87.58,88.74,88.77,88.68,87.35,84.81,88.71,88.32,89.41,88.89,89.41,89.06,89.47,89.95,89.87,86.76,89.73,89.42,89.62,89.35,88.88,89.92,89.97,88.98,89.33,89.52,89.25,89.34,89.57,89.51,88.67,89.28,89.21,89.83,87.61,89.09,90.2,84.95,90.21,89.03,89.67
14.67,22.82,32.8,41.77,57.62,48.99,59.3,68.59,72.47,72.54,76.39,79.43,80.1,81.22,79.49,56.59,81.4,82.76,82.12,82.98,77.7,86.67,85.32,85.59,82.77,87.2,83.16,85.53,87.47,86.27,86.17,88.3,87.11,86.87,88.2,85.32,88.23,86.76,86.81,87.02,85.89,88.87,87.37,88.57,84.51,89.4,86.62,88.14,88.33,87.92,88.0,88.97,88.66,87.07,88.77,87.65,89.2,87.69,89.43,88.72,88.77,88.04,88.84,89.24,85.24,89.01,87.85,82.9,89.31,89.2,89.27,88.45,89.82,89.13,89.13,90.47,87.91,89.33,88.47,88.53,89.64,88.18,88.5,89.69,89.94,89.8,87.7,89.32,88.56,89.19,89.73,89.71,89.05,88.13,89.71,89.3,89.12,89.81,89.94,89.48
18.99,27.64,31.51,45.08,56.64,57.58,60.11,67.02,70.13,75.71,74.82,77.85,80.35,82.7,80.42,74.23,82.44,78.08,70.89,84.73,79.13,83.2,84.84,87.61,86.88,86.11,87.21,82.95,85.27,82.52,86.66,88.17,87.64,85.59,87.77,85.19,86.76,84.15,87.18,87.41,87.97,86.32,86.52,86.68,84.2,86.82,89.23,88.18,85.71,86.82,88.2,83.95,88.39,87.58,87.91,89.2,88.91,89.41,87.03,88.22,88.9,89.58,87.68,88.1,86.44,89.37,87.79,89.04,89.75,88.76,89.72,90.09,89.68,88.73,89.67,88.84,90.02,88.8,85.85,88.63,83.9,89.13,88.06,89.74,89.17,88.65,89.39,89.47,87.83,89.93,88.13,88.29,89.25,88.47,89.15,89.38,89.1,89.88,89.87,89.33

val_loss
2.277,1.963,1.658,1.758,1.528,1.078,1.157,0.989,0.938,0.807,0.681,0.711,0.545,0.567,0.942,1.285,0.636,0.473,0.591,0.651,0.609,0.516,0.607,0.484,0.461,0.416,0.455,0.48,0.422,0.499,0.455,0.459,0.578,0.505,0.436,0.49,0.488,0.484,0.499,0.488,0.465,0.475,0.466,0.637,0.536,0.577,0.491,0.5,0.466,0.577,0.428,0.63,0.445,0.585,0.517,0.526,0.49,0.522,0.476,0.649,0.528,0.49,0.514,0.619,0.821,0.497,0.555,0.491,0.542,0.482,0.568,0.494,0.47,0.505,0.675,0.566,0.544,0.494,0.552,0.563,0.497,0.501,0.578,0.519,0.507,0.565,0.616,0.5,0.512,0.563,0.544,0.532,0.557,0.724,0.641,0.52,0.902,0.486,0.6,0.553
2.223,2.09,1.894,1.612,1.197,1.747,1.256,0.942,0.86,0.81,0.721,0.65,0.64,0.629,0.656,2.389,0.62,0.588,0.599,0.584,0.795,0.439,0.49,0.492,0.625,0.421,0.621,0.52,0.42,0.51,0.483,0.412,0.47,0.501,0.427,0.571,0.452,0.501,0.512,0.525,0.557,0.441,0.527,0.457,0.794,0.444,0.574,0.494,0.485,0.511,0.489,0.456,0.517,0.544,0.483,0.577,0.473,0.515,0.464,0.519,0.483,0.609,0.544,0.5,0.798,0.498,0.603,1.398,0.513,0.483,0.504,0.559,0.476,0.514,0.532,0.45,0.615,0.477,0.548,0.597,0.485,0.661,0.539,0.471,0.533,0.575,0.597,0.542,0.635,0.527,0.535,0.559,0.604,0.599,0.507,0.566,0.575,0.552,0.557,0.516
2.057,1.871,2.127,1.69,1.237,1.441,1.322,1.147,0.968,0.761,0.811,0.763,0.629,0.564,0.624,0.862,0.633,0.749,1.181,0.557,0.788,0.549,0.528,0.393,0.433,0.486,0.442,0.621,0.551,0.632,0.489,0.429,0.484,0.543,0.487,0.62,0.517,0.698,0.501,0.501,0.475,0.581,0.509,0.548,0.714,0.554,0.413,0.505,0.686,0.587,0.479,0.784,0.537,0.528,0.518,0.464,0.485,0.449,0.533,0.504,0.505,0.476,0.53,0.562,0.665,0.484,0.55,0.507,0.446,0.577,0.498,0.452,0.472,0.594,0.489,0.555,0.496,0.558,0.735,0.552,1.068,0.541,0.617,0.509,0.506,0.574,0.521,0.551,0.556,0.494,0.732,0.622,0.671,0.573,0.542,0.59,0.665,0.536,0.543,0.583

learning_rate
0.01,0.01,0.01,0.01,0.01,0.01,0.01,0.01,0.01,0.01,0.01,0.01,0.01,0.01,0.01,0.01,0.01,0.01,0.01,0.01,0.01,0.01,0.01,0.01,0.01,0.01,0.01,0.01,0.01,0.01,0.01,0.01,0.01,0.01,0.01,0.01,0.01,0.01,0.01,0.01,0.01,0.01,0.01,0.01,0.01,0.01,0.01,0.01,0.01,0.01,0.01,0.01,0.01,0.01,0.01,0.01,0.01,0.01,0.01,0.01,0.01,0.01,0.01,0.01,0.01,0.01,0.01,0.01,0.01,0.01,0.01,0.01,0.01,0.01,0.01,0.01,0.01,0.01,0.01,0.01,0.01,0.01,0.01,0.01,0.01,0.01,0.01,0.01,0.01,0.01,0.01,0.01,0.01,0.01,0.01,0.01,0.01,0.01,0.01,0.01
0.01,0.01,0.01,0.01,0.01,0.01,0.01,0.01,0.01,0.01,0.01,0.01,0.01,0.01,0.01,0.01,0.01,0.01,0.01,0.01,0.01,0.01,0.01,0.01,0.01,0.01,0.01,0.01,0.01,0.01,0.01,0.01,0.01,0.01,0.01,0.01,0.01,0.01,0.01,0.01,0.01,0.01,0.01,0.01,0.01,0.01,0.01,0.01,0.01,0.01,0.01,0.01,0.01,0.01,0.01,0.01,0.01,0.01,0.01,0.01,0.01,0.01,0.01,0.01,0.01,0.01,0.01,0.01,0.01,0.01,0.01,0.01,0.01,0.01,0.01,0.01,0.01,0.01,0.01,0.01,0.01,0.01,0.01,0.01,0.01,0.01,0.01,0.01,0.01,0.01,0.01,0.01,0.01,0.01,0.01,0.01,0.01,0.01,0.01,0.01
0.01,0.01,0.01,0.01,0.01,0.01,0.01,0.01,0.01,0.01,0.01,0.01,0.01,0.01,0.01,0.01,0.01,0.01,0.01,0.01,0.01,0.01,0.01,0.01,0.01,0.01,0.01,0.01,0.01,0.01,0.01,0.01,0.01,0.01,0.01,0.01,0.01,0.01,0.01,0.01,0.01,0.01,0.01,0.01,0.01,0.01,0.01,0.01,0.01,0.01,0.01,0.01,0.01,0.01,0.01,0.01,0.01,0.01,0.01,0.01,0.01,0.01,0.01,0.01,0.01,0.01,0.01,0.01,0.01,0.01,0.01,0.01,0.01,0.01,0.01,0.01,0.01,0.01,0.01,0.01,0.01,0.01,0.01,0.01,0.01,0.01,0.01,0.01,0.01,0.01,0.01,0.01,0.01,0.01,0.01,0.01,0.01,0.01,0.01,0.01

