parameters
rmsprop_lr:0.001
rmsprop_momentum:0
rmsprop_alpha:0.99
rmsprop_eps:1e-8
rmsprop_centered:True
rmsprop_weight_decay:0
architecture:vgg19bn_
dataset:cifar10
combine_datasets:False
do_validation_set:False
epochs:100
batch_size:128
test_set_split:0.1666667
validation_set_split:0.0
reduce_train_set:1
executions:3
base_seed:42
training_method:rmsprop
learning_method:constant

train_loss
2.041,1.634,1.377,1.105,0.916,0.787,0.713,0.64,0.589,0.54,0.496,0.461,0.433,0.405,0.38,0.361,0.337,0.318,0.302,0.284,0.268,0.259,0.241,0.228,0.221,0.202,0.197,0.186,0.178,0.168,0.159,0.154,0.148,0.138,0.134,0.127,0.122,0.118,0.111,0.111,0.105,0.1,0.099,0.091,0.094,0.089,0.082,0.084,0.077,0.075,0.077,0.071,0.067,0.069,0.065,0.066,0.062,0.061,0.06,0.059,0.057,0.056,0.053,0.051,0.05,0.051,0.048,0.046,0.048,0.047,0.045,0.046,0.043,0.042,0.043,0.042,0.038,0.041,0.038,0.04,0.038,0.038,0.037,0.04,0.038,0.034,0.035,0.034,0.033,0.032,0.033,0.033,0.033,0.033,0.031,0.03,0.029,0.03,0.03,0.034
2.073,1.651,1.367,1.101,0.929,0.808,0.726,0.648,0.591,0.541,0.498,0.462,0.432,0.405,0.379,0.358,0.335,0.315,0.298,0.278,0.266,0.252,0.238,0.226,0.215,0.198,0.193,0.184,0.168,0.164,0.152,0.147,0.143,0.134,0.13,0.121,0.117,0.112,0.112,0.103,0.102,0.098,0.092,0.087,0.086,0.084,0.082,0.081,0.075,0.075,0.069,0.066,0.065,0.067,0.064,0.063,0.057,0.06,0.057,0.055,0.055,0.053,0.051,0.052,0.048,0.048,0.049,0.047,0.043,0.043,0.042,0.045,0.04,0.039,0.04,0.041,0.04,0.039,0.038,0.038,0.038,0.036,0.037,0.035,0.035,0.032,0.034,0.037,0.03,0.032,0.034,0.031,0.03,0.03,0.032,0.03,0.029,0.03,0.03,0.028
2.053,1.716,1.428,1.19,1.002,0.874,0.788,0.703,0.631,0.578,0.529,0.492,0.46,0.433,0.402,0.384,0.36,0.341,0.318,0.301,0.284,0.272,0.255,0.244,0.232,0.219,0.209,0.199,0.189,0.177,0.172,0.163,0.156,0.148,0.147,0.136,0.125,0.123,0.122,0.114,0.112,0.105,0.102,0.096,0.096,0.091,0.088,0.084,0.081,0.082,0.077,0.074,0.072,0.072,0.067,0.064,0.062,0.063,0.06,0.058,0.056,0.059,0.053,0.055,0.052,0.05,0.051,0.051,0.049,0.045,0.048,0.047,0.044,0.047,0.043,0.042,0.04,0.041,0.039,0.042,0.037,0.037,0.038,0.038,0.034,0.037,0.035,0.036,0.035,0.034,0.032,0.033,0.032,0.031,0.032,0.032,0.03,0.03,0.03,0.028

train_acc1
20.05,35.012,47.78,60.34,67.788,72.622,75.418,78.218,80.1,81.8,83.25,84.598,85.502,86.4,87.414,87.846,88.712,89.48,89.844,90.54,91.19,91.39,91.906,92.41,92.642,93.224,93.452,93.862,94.026,94.296,94.658,94.844,95.06,95.398,95.48,95.754,95.934,96.058,96.29,96.254,96.524,96.654,96.7,97.006,96.972,96.996,97.282,97.228,97.41,97.474,97.49,97.584,97.802,97.74,97.792,97.826,97.926,97.936,98.062,98.076,98.096,98.18,98.246,98.294,98.36,98.336,98.464,98.5,98.332,98.452,98.55,98.536,98.592,98.512,98.512,98.652,98.694,98.682,98.762,98.72,98.78,98.786,98.758,98.776,98.818,98.922,98.848,98.882,98.904,98.942,98.904,98.908,98.92,98.94,99.02,99.006,99.05,99.024,99.052,99.016
18.404,34.482,48.196,60.596,67.19,71.904,74.922,77.886,80.102,81.608,83.274,84.462,85.56,86.434,87.35,88.044,88.822,89.562,89.984,90.598,91.05,91.534,92.054,92.388,92.774,93.336,93.572,93.764,94.308,94.54,94.908,95.054,95.256,95.526,95.592,96.016,96.12,96.258,96.322,96.534,96.698,96.792,96.868,97.088,97.132,97.204,97.268,97.394,97.504,97.462,97.774,97.768,97.834,97.798,97.948,98.002,98.136,98.09,98.142,98.176,98.192,98.294,98.368,98.324,98.492,98.414,98.466,98.45,98.68,98.532,98.566,98.584,98.668,98.654,98.72,98.668,98.698,98.742,98.744,98.824,98.822,98.876,98.812,98.852,98.87,98.938,98.892,98.922,99.026,98.976,98.956,98.988,98.976,98.988,99.022,99.06,99.078,99.014,98.976,99.104
19.08,32.26,44.752,56.484,64.642,69.454,73.056,76.166,78.614,80.598,82.376,83.688,84.62,85.538,86.622,87.262,88.012,88.61,89.336,90.012,90.614,91.056,91.442,91.766,92.118,92.74,92.91,93.288,93.654,94.082,94.248,94.418,94.716,95.076,95.126,95.488,95.784,95.952,95.982,96.174,96.33,96.542,96.63,96.744,96.85,96.906,97.134,97.222,97.296,97.276,97.476,97.576,97.634,97.628,97.782,97.934,98.016,97.878,98.01,98.152,98.17,98.092,98.318,98.112,98.328,98.344,98.338,98.364,98.306,98.524,98.418,98.53,98.536,98.52,98.572,98.664,98.72,98.612,98.718,98.602,98.82,98.756,98.718,98.672,98.882,98.832,98.858,98.884,98.916,98.922,98.956,98.94,98.936,98.966,98.946,99.01,99.016,99.026,99.084,99.104

val_acc1
22.19,34.57,42.03,50.39,66.72,67.68,71.5,75.92,76.58,79.5,77.32,82.44,82.46,82.49,79.35,75.99,83.71,82.74,81.76,86.05,84.66,87.62,87.34,87.13,87.83,87.29,87.81,87.48,88.2,85.66,89.12,87.83,88.02,88.43,88.71,89.0,89.26,88.17,87.57,88.53,88.5,89.65,89.67,88.57,89.93,89.28,89.8,84.52,89.0,89.03,90.44,87.97,89.76,89.69,89.87,90.17,89.09,89.77,89.46,89.44,88.58,90.49,89.77,89.75,89.45,89.81,90.39,90.2,90.25,90.09,89.66,89.96,90.3,89.78,89.82,90.18,89.63,89.92,90.28,89.85,90.48,89.7,90.08,89.88,90.18,90.49,90.24,90.67,89.85,90.63,90.17,90.16,91.01,91.4,90.55,90.68,90.11,90.07,90.77,89.11
23.89,33.83,46.81,45.02,66.05,69.09,67.89,76.0,78.11,75.11,81.2,77.62,83.68,83.53,80.47,72.71,81.94,82.47,83.45,81.11,81.99,86.48,87.15,88.63,85.71,85.25,85.46,87.72,86.98,87.53,88.84,87.4,89.41,88.96,83.03,87.8,88.87,88.18,89.09,85.94,87.92,88.8,88.63,88.77,86.78,88.56,88.19,89.38,88.62,89.29,89.97,89.62,89.43,89.41,90.04,89.7,85.88,89.74,89.3,88.82,90.31,89.55,89.5,88.9,89.8,89.8,89.39,90.08,89.71,89.69,90.38,87.43,90.68,90.38,91.14,90.33,89.27,90.02,88.95,89.4,90.27,90.15,90.39,90.2,90.01,90.47,90.26,90.27,89.99,89.69,90.54,89.13,90.29,88.37,89.48,90.96,89.69,90.43,90.69,89.53
20.55,34.41,49.05,46.94,53.45,65.55,67.62,67.57,76.72,73.23,73.92,77.83,82.65,84.2,77.43,71.04,83.28,82.56,77.09,85.48,83.44,86.07,83.42,88.26,82.77,87.88,85.52,86.02,87.38,85.87,88.2,86.75,86.88,88.14,88.7,88.73,88.79,85.71,87.3,89.21,89.06,89.42,88.85,87.42,88.55,88.72,89.51,88.13,88.48,88.81,88.39,89.37,89.59,89.3,90.11,89.62,90.09,89.65,88.59,89.7,89.82,90.02,90.17,89.76,89.43,89.62,90.45,89.34,89.79,90.23,89.79,90.26,90.02,89.9,90.13,89.61,89.08,90.09,89.26,89.04,89.43,89.76,89.96,90.47,90.37,90.03,90.54,90.38,90.72,90.93,90.69,90.03,89.25,90.14,90.02,90.32,90.17,90.12,90.03,89.28

val_loss
3.352,1.72,1.692,1.577,0.94,1.011,0.855,0.725,0.699,0.626,0.682,0.54,0.553,0.549,0.668,0.772,0.527,0.566,0.598,0.44,0.55,0.408,0.419,0.432,0.419,0.413,0.421,0.45,0.42,0.516,0.384,0.517,0.452,0.422,0.423,0.414,0.396,0.48,0.511,0.438,0.455,0.414,0.397,0.459,0.429,0.418,0.411,0.818,0.473,0.494,0.39,0.573,0.483,0.412,0.451,0.434,0.521,0.457,0.492,0.451,0.527,0.423,0.466,0.489,0.511,0.443,0.438,0.452,0.446,0.497,0.48,0.464,0.539,0.523,0.51,0.44,0.548,0.499,0.483,0.531,0.482,0.516,0.506,0.511,0.459,0.487,0.497,0.47,0.562,0.493,0.507,0.526,0.459,0.485,0.462,0.523,0.555,0.532,0.51,0.627
1.984,1.844,1.444,1.83,1.005,0.918,0.941,0.708,0.66,0.758,0.572,0.688,0.486,0.511,0.621,0.96,0.585,0.55,0.589,0.636,0.619,0.422,0.423,0.363,0.474,0.533,0.518,0.421,0.453,0.473,0.413,0.496,0.389,0.405,0.681,0.534,0.452,0.477,0.412,0.59,0.495,0.453,0.472,0.482,0.581,0.486,0.484,0.417,0.486,0.429,0.476,0.451,0.486,0.475,0.477,0.446,0.838,0.483,0.494,0.486,0.471,0.49,0.466,0.503,0.498,0.489,0.501,0.495,0.519,0.512,0.446,0.763,0.483,0.54,0.461,0.49,0.54,0.479,0.582,0.54,0.517,0.534,0.498,0.482,0.543,0.562,0.502,0.489,0.623,0.541,0.493,0.605,0.518,0.698,0.606,0.456,0.575,0.529,0.483,0.622
1.949,1.793,1.474,1.62,1.424,1.04,0.944,1.03,0.717,0.841,0.82,0.729,0.548,0.498,0.763,1.037,0.534,0.572,0.814,0.489,0.56,0.448,0.587,0.374,0.657,0.414,0.494,0.502,0.444,0.48,0.411,0.524,0.498,0.427,0.396,0.414,0.421,0.559,0.523,0.421,0.405,0.404,0.434,0.546,0.464,0.427,0.414,0.499,0.486,0.464,0.456,0.468,0.471,0.461,0.442,0.461,0.449,0.465,0.538,0.426,0.472,0.438,0.477,0.443,0.527,0.511,0.443,0.528,0.483,0.483,0.51,0.501,0.505,0.452,0.45,0.525,0.554,0.543,0.543,0.525,0.557,0.57,0.563,0.466,0.527,0.469,0.473,0.474,0.478,0.455,0.492,0.594,0.692,0.521,0.558,0.493,0.546,0.507,0.505,0.674

learning_rate
0.001,0.001,0.001,0.001,0.001,0.001,0.001,0.001,0.001,0.001,0.001,0.001,0.001,0.001,0.001,0.001,0.001,0.001,0.001,0.001,0.001,0.001,0.001,0.001,0.001,0.001,0.001,0.001,0.001,0.001,0.001,0.001,0.001,0.001,0.001,0.001,0.001,0.001,0.001,0.001,0.001,0.001,0.001,0.001,0.001,0.001,0.001,0.001,0.001,0.001,0.001,0.001,0.001,0.001,0.001,0.001,0.001,0.001,0.001,0.001,0.001,0.001,0.001,0.001,0.001,0.001,0.001,0.001,0.001,0.001,0.001,0.001,0.001,0.001,0.001,0.001,0.001,0.001,0.001,0.001,0.001,0.001,0.001,0.001,0.001,0.001,0.001,0.001,0.001,0.001,0.001,0.001,0.001,0.001,0.001,0.001,0.001,0.001,0.001,0.001
0.001,0.001,0.001,0.001,0.001,0.001,0.001,0.001,0.001,0.001,0.001,0.001,0.001,0.001,0.001,0.001,0.001,0.001,0.001,0.001,0.001,0.001,0.001,0.001,0.001,0.001,0.001,0.001,0.001,0.001,0.001,0.001,0.001,0.001,0.001,0.001,0.001,0.001,0.001,0.001,0.001,0.001,0.001,0.001,0.001,0.001,0.001,0.001,0.001,0.001,0.001,0.001,0.001,0.001,0.001,0.001,0.001,0.001,0.001,0.001,0.001,0.001,0.001,0.001,0.001,0.001,0.001,0.001,0.001,0.001,0.001,0.001,0.001,0.001,0.001,0.001,0.001,0.001,0.001,0.001,0.001,0.001,0.001,0.001,0.001,0.001,0.001,0.001,0.001,0.001,0.001,0.001,0.001,0.001,0.001,0.001,0.001,0.001,0.001,0.001
0.001,0.001,0.001,0.001,0.001,0.001,0.001,0.001,0.001,0.001,0.001,0.001,0.001,0.001,0.001,0.001,0.001,0.001,0.001,0.001,0.001,0.001,0.001,0.001,0.001,0.001,0.001,0.001,0.001,0.001,0.001,0.001,0.001,0.001,0.001,0.001,0.001,0.001,0.001,0.001,0.001,0.001,0.001,0.001,0.001,0.001,0.001,0.001,0.001,0.001,0.001,0.001,0.001,0.001,0.001,0.001,0.001,0.001,0.001,0.001,0.001,0.001,0.001,0.001,0.001,0.001,0.001,0.001,0.001,0.001,0.001,0.001,0.001,0.001,0.001,0.001,0.001,0.001,0.001,0.001,0.001,0.001,0.001,0.001,0.001,0.001,0.001,0.001,0.001,0.001,0.001,0.001,0.001,0.001,0.001,0.001,0.001,0.001,0.001,0.001

