parameters
rmsprop_lr:0.005
rmsprop_momentum:0
rmsprop_alpha:0.99
rmsprop_eps:1e-8
rmsprop_centered:True
rmsprop_weight_decay:0
architecture:vgg19bn_
dataset:cifar10
combine_datasets:False
do_validation_set:False
epochs:100
batch_size:128
test_set_split:0.1666667
validation_set_split:0.0
reduce_train_set:1
executions:3
base_seed:42
training_method:rmsprop
learning_method:constant

train_loss
2.379,1.914,1.769,1.516,1.274,1.062,0.911,0.795,0.706,0.641,0.577,0.532,0.493,0.457,0.425,0.4,0.374,0.35,0.329,0.311,0.294,0.281,0.262,0.248,0.239,0.224,0.218,0.204,0.193,0.183,0.174,0.168,0.159,0.159,0.151,0.142,0.137,0.132,0.127,0.122,0.12,0.112,0.11,0.107,0.101,0.098,0.095,0.093,0.091,0.087,0.09,0.08,0.081,0.081,0.074,0.078,0.072,0.073,0.071,0.069,0.068,0.063,0.061,0.066,0.06,0.059,0.056,0.059,0.057,0.053,0.054,0.053,0.055,0.051,0.053,0.052,0.046,0.05,0.045,0.047,0.048,0.044,0.045,0.046,0.043,0.042,0.042,0.041,0.042,0.042,0.039,0.04,0.038,0.04,0.038,0.037,0.039,0.036,0.035,0.036
2.372,1.9,1.708,1.412,1.194,1.006,0.86,0.75,0.669,0.606,0.548,0.51,0.473,0.436,0.406,0.382,0.359,0.335,0.314,0.293,0.283,0.268,0.247,0.238,0.227,0.212,0.204,0.19,0.19,0.177,0.166,0.158,0.151,0.146,0.144,0.128,0.129,0.122,0.122,0.116,0.118,0.108,0.104,0.099,0.097,0.095,0.09,0.084,0.086,0.086,0.079,0.079,0.076,0.076,0.071,0.07,0.068,0.07,0.066,0.065,0.066,0.062,0.059,0.058,0.057,0.057,0.058,0.055,0.055,0.051,0.051,0.052,0.049,0.048,0.047,0.048,0.047,0.046,0.046,0.045,0.045,0.044,0.044,0.043,0.043,0.039,0.042,0.037,0.038,0.038,0.039,0.038,0.036,0.037,0.035,0.032,0.035,0.038,0.034,0.035
2.321,1.849,1.59,1.321,1.073,0.916,0.815,0.712,0.637,0.575,0.522,0.482,0.45,0.413,0.387,0.365,0.344,0.322,0.299,0.286,0.27,0.256,0.242,0.227,0.217,0.205,0.198,0.188,0.179,0.169,0.163,0.156,0.149,0.142,0.135,0.127,0.124,0.115,0.119,0.111,0.112,0.103,0.1,0.096,0.096,0.091,0.089,0.088,0.083,0.082,0.078,0.078,0.071,0.076,0.068,0.069,0.065,0.068,0.064,0.059,0.059,0.06,0.06,0.06,0.053,0.054,0.056,0.051,0.054,0.05,0.05,0.048,0.049,0.048,0.047,0.044,0.044,0.044,0.043,0.045,0.044,0.044,0.041,0.041,0.041,0.039,0.041,0.039,0.038,0.036,0.033,0.035,0.036,0.039,0.035,0.036,0.035,0.035,0.035,0.036

train_acc1
13.778,24.0,30.414,40.92,53.306,62.4,68.024,72.55,75.706,78.256,80.41,82.036,83.496,84.632,85.972,86.656,87.69,88.476,89.058,89.61,90.326,90.606,91.328,91.746,92.224,92.508,92.672,93.2,93.56,93.916,94.046,94.354,94.726,94.706,94.942,95.324,95.426,95.652,95.712,95.96,95.982,96.224,96.384,96.45,96.66,96.69,96.848,96.9,96.97,97.132,96.974,97.292,97.264,97.33,97.432,97.41,97.568,97.67,97.73,97.788,97.76,97.934,97.968,97.892,98.044,98.1,98.194,98.028,98.136,98.318,98.23,98.244,98.236,98.308,98.332,98.318,98.476,98.4,98.474,98.422,98.446,98.522,98.554,98.472,98.556,98.646,98.624,98.702,98.692,98.624,98.786,98.732,98.758,98.694,98.718,98.81,98.706,98.794,98.818,98.818
14.646,24.114,33.812,46.298,56.832,64.546,69.966,73.952,77.08,79.4,81.58,82.69,84.324,85.33,86.482,87.224,88.168,88.814,89.54,90.154,90.58,91.102,91.7,92.066,92.418,92.822,93.144,93.618,93.768,94.024,94.37,94.626,94.81,95.112,95.164,95.618,95.72,95.948,95.986,95.994,96.246,96.388,96.498,96.748,96.73,96.834,97.046,97.15,97.148,97.186,97.404,97.384,97.42,97.514,97.552,97.702,97.778,97.642,97.826,97.884,97.838,97.944,98.05,98.126,98.156,98.148,98.112,98.214,98.2,98.292,98.33,98.344,98.418,98.472,98.47,98.408,98.488,98.464,98.582,98.538,98.6,98.594,98.63,98.628,98.648,98.718,98.728,98.796,98.732,98.742,98.722,98.782,98.862,98.812,98.934,98.978,98.896,98.842,98.898,98.886
16.882,27.344,38.5,51.094,61.142,67.326,71.634,75.924,78.722,80.892,82.618,84.114,85.254,86.346,87.218,87.914,88.66,89.374,89.95,90.648,91.038,91.638,92.062,92.482,92.796,93.15,93.452,93.84,94.084,94.312,94.534,94.82,95.032,95.292,95.564,95.754,95.89,96.094,96.122,96.366,96.352,96.634,96.706,96.844,96.914,97.016,97.102,97.108,97.378,97.34,97.48,97.474,97.672,97.562,97.804,97.764,97.844,97.812,97.94,98.014,98.026,97.994,98.132,98.164,98.28,98.21,98.21,98.328,98.252,98.396,98.388,98.436,98.388,98.506,98.438,98.582,98.556,98.568,98.61,98.596,98.64,98.58,98.674,98.634,98.678,98.684,98.726,98.742,98.768,98.826,98.872,98.902,98.848,98.852,98.896,98.866,98.866,98.922,98.914,98.908

val_acc1
19.86,25.08,28.73,36.89,54.76,58.04,67.18,69.04,68.82,77.01,71.16,77.18,77.55,81.95,76.56,73.88,83.57,82.88,79.17,84.06,84.49,86.01,86.3,85.45,85.12,87.62,85.74,87.18,87.41,85.36,87.66,87.51,85.98,87.55,87.84,86.72,87.56,87.67,85.63,84.8,88.35,86.02,87.98,87.81,77.92,85.26,87.96,87.5,86.28,88.09,88.32,88.69,88.22,87.66,87.63,87.09,88.69,88.57,88.09,89.4,89.16,88.09,89.21,89.23,88.01,88.14,88.56,89.3,88.5,89.11,89.43,87.95,89.37,89.21,89.56,88.65,89.73,90.05,89.63,88.97,87.65,87.89,89.22,89.22,88.37,88.03,89.36,85.49,87.64,89.2,88.72,88.89,89.19,86.47,89.99,89.47,88.44,90.11,90.12,89.65
20.75,26.33,28.6,41.82,56.84,59.98,66.54,72.54,67.79,76.32,80.11,80.21,82.46,82.43,77.01,73.85,82.37,79.49,68.32,83.89,83.85,85.29,83.1,85.51,86.86,86.76,87.4,84.55,87.74,82.29,86.76,85.47,87.03,86.25,87.21,86.81,88.25,86.45,86.43,88.36,86.62,88.43,87.83,86.91,86.7,87.55,87.93,88.7,87.89,87.76,88.33,88.95,88.12,88.93,88.06,89.58,88.29,87.85,87.59,87.79,88.99,89.17,89.39,88.51,87.76,88.72,88.76,89.76,89.82,89.74,89.68,89.21,88.78,88.5,88.5,89.66,87.98,89.57,88.76,88.62,89.64,89.96,88.72,88.08,89.4,88.9,88.22,88.86,88.71,89.91,90.47,89.07,90.08,90.38,87.52,89.06,87.15,89.29,90.13,88.98
22.13,33.33,43.12,34.74,58.62,65.24,67.55,76.22,75.68,76.43,73.71,80.7,80.3,81.08,71.81,64.25,81.88,83.72,80.38,84.72,80.98,86.18,86.93,85.64,86.9,86.44,86.63,83.57,88.37,83.06,87.12,87.57,87.54,87.51,87.47,88.38,88.34,83.41,87.14,87.18,87.3,87.3,87.98,87.82,87.71,84.47,87.83,88.32,88.4,88.19,87.43,88.3,87.05,88.88,88.41,87.57,87.82,87.5,88.84,87.93,88.45,88.55,89.23,88.99,87.1,88.96,88.77,88.06,88.89,89.37,89.93,89.41,88.64,90.15,89.64,89.02,88.58,89.53,88.74,88.65,86.38,89.66,89.96,90.15,89.73,89.17,89.11,90.45,89.51,89.78,89.98,89.63,89.78,88.55,88.55,89.76,88.95,90.39,89.75,89.72

val_loss
2.163,1.968,1.987,1.706,1.373,1.207,0.963,0.906,0.935,0.679,0.931,0.759,0.71,0.575,0.823,0.916,0.52,0.58,0.69,0.554,0.496,0.446,0.445,0.478,0.519,0.405,0.466,0.438,0.437,0.508,0.427,0.452,0.531,0.448,0.448,0.517,0.48,0.455,0.533,0.743,0.446,0.565,0.475,0.491,0.923,0.603,0.477,0.533,0.632,0.509,0.475,0.48,0.515,0.554,0.499,0.572,0.497,0.489,0.492,0.447,0.478,0.541,0.506,0.481,0.591,0.525,0.505,0.485,0.581,0.58,0.49,0.571,0.514,0.523,0.499,0.56,0.524,0.479,0.51,0.559,0.577,0.649,0.581,0.573,0.6,0.577,0.557,0.971,0.743,0.593,0.604,0.614,0.575,0.688,0.492,0.604,0.762,0.531,0.539,0.527
2.107,2.039,2.076,1.585,1.266,1.204,0.977,0.79,0.983,0.682,0.609,0.614,0.545,0.588,0.767,0.832,0.566,0.691,1.367,0.538,0.503,0.474,0.598,0.481,0.473,0.467,0.415,0.593,0.426,0.67,0.49,0.541,0.475,0.602,0.487,0.528,0.438,0.546,0.552,0.497,0.562,0.434,0.526,0.603,0.586,0.511,0.479,0.497,0.523,0.528,0.525,0.517,0.524,0.491,0.573,0.503,0.566,0.613,0.545,0.613,0.57,0.492,0.485,0.545,0.609,0.537,0.525,0.485,0.481,0.511,0.506,0.536,0.599,0.546,0.572,0.489,0.647,0.536,0.535,0.577,0.56,0.498,0.614,0.622,0.582,0.567,0.634,0.584,0.613,0.559,0.527,0.653,0.569,0.506,0.753,0.636,0.783,0.567,0.526,0.571
1.946,1.774,1.561,1.825,1.186,1.01,0.943,0.712,0.744,0.711,0.853,0.607,0.619,0.616,1.031,1.452,0.641,0.532,0.71,0.568,0.64,0.465,0.424,0.52,0.462,0.462,0.484,0.593,0.413,0.682,0.471,0.469,0.464,0.438,0.532,0.464,0.464,0.701,0.519,0.544,0.497,0.555,0.528,0.515,0.577,0.677,0.55,0.488,0.522,0.514,0.569,0.543,0.585,0.515,0.542,0.601,0.618,0.54,0.526,0.57,0.575,0.529,0.477,0.489,0.656,0.516,0.583,0.554,0.522,0.546,0.503,0.51,0.612,0.526,0.501,0.555,0.582,0.528,0.635,0.684,0.756,0.525,0.513,0.463,0.505,0.578,0.561,0.507,0.525,0.492,0.513,0.578,0.597,0.608,0.672,0.546,0.646,0.5,0.543,0.568

learning_rate
0.005,0.005,0.005,0.005,0.005,0.005,0.005,0.005,0.005,0.005,0.005,0.005,0.005,0.005,0.005,0.005,0.005,0.005,0.005,0.005,0.005,0.005,0.005,0.005,0.005,0.005,0.005,0.005,0.005,0.005,0.005,0.005,0.005,0.005,0.005,0.005,0.005,0.005,0.005,0.005,0.005,0.005,0.005,0.005,0.005,0.005,0.005,0.005,0.005,0.005,0.005,0.005,0.005,0.005,0.005,0.005,0.005,0.005,0.005,0.005,0.005,0.005,0.005,0.005,0.005,0.005,0.005,0.005,0.005,0.005,0.005,0.005,0.005,0.005,0.005,0.005,0.005,0.005,0.005,0.005,0.005,0.005,0.005,0.005,0.005,0.005,0.005,0.005,0.005,0.005,0.005,0.005,0.005,0.005,0.005,0.005,0.005,0.005,0.005,0.005
0.005,0.005,0.005,0.005,0.005,0.005,0.005,0.005,0.005,0.005,0.005,0.005,0.005,0.005,0.005,0.005,0.005,0.005,0.005,0.005,0.005,0.005,0.005,0.005,0.005,0.005,0.005,0.005,0.005,0.005,0.005,0.005,0.005,0.005,0.005,0.005,0.005,0.005,0.005,0.005,0.005,0.005,0.005,0.005,0.005,0.005,0.005,0.005,0.005,0.005,0.005,0.005,0.005,0.005,0.005,0.005,0.005,0.005,0.005,0.005,0.005,0.005,0.005,0.005,0.005,0.005,0.005,0.005,0.005,0.005,0.005,0.005,0.005,0.005,0.005,0.005,0.005,0.005,0.005,0.005,0.005,0.005,0.005,0.005,0.005,0.005,0.005,0.005,0.005,0.005,0.005,0.005,0.005,0.005,0.005,0.005,0.005,0.005,0.005,0.005
0.005,0.005,0.005,0.005,0.005,0.005,0.005,0.005,0.005,0.005,0.005,0.005,0.005,0.005,0.005,0.005,0.005,0.005,0.005,0.005,0.005,0.005,0.005,0.005,0.005,0.005,0.005,0.005,0.005,0.005,0.005,0.005,0.005,0.005,0.005,0.005,0.005,0.005,0.005,0.005,0.005,0.005,0.005,0.005,0.005,0.005,0.005,0.005,0.005,0.005,0.005,0.005,0.005,0.005,0.005,0.005,0.005,0.005,0.005,0.005,0.005,0.005,0.005,0.005,0.005,0.005,0.005,0.005,0.005,0.005,0.005,0.005,0.005,0.005,0.005,0.005,0.005,0.005,0.005,0.005,0.005,0.005,0.005,0.005,0.005,0.005,0.005,0.005,0.005,0.005,0.005,0.005,0.005,0.005,0.005,0.005,0.005,0.005,0.005,0.005

