parameters
rmsprop_lr:0.0003
rmsprop_momentum:0
rmsprop_alpha:0.99
rmsprop_eps:1e-8
rmsprop_centered:False
rmsprop_weight_decay:0
architecture:vgg19bn_
dataset:cifar10
combine_datasets:False
do_validation_set:False
epochs:100
batch_size:128
test_set_split:0.1666667
validation_set_split:0.0
reduce_train_set:1
executions:3
base_seed:42
training_method:rmsprop
learning_method:constant

train_loss
1.845,1.421,1.119,0.91,0.787,0.696,0.641,0.583,0.536,0.499,0.461,0.435,0.41,0.386,0.36,0.344,0.324,0.307,0.289,0.275,0.259,0.248,0.232,0.226,0.213,0.201,0.196,0.184,0.179,0.166,0.158,0.154,0.146,0.142,0.137,0.13,0.12,0.119,0.114,0.108,0.109,0.102,0.098,0.096,0.092,0.09,0.083,0.083,0.083,0.078,0.073,0.073,0.071,0.067,0.064,0.064,0.065,0.064,0.058,0.059,0.057,0.056,0.055,0.054,0.053,0.051,0.05,0.046,0.048,0.048,0.047,0.045,0.045,0.042,0.044,0.041,0.04,0.04,0.039,0.039,0.039,0.036,0.04,0.035,0.036,0.033,0.037,0.035,0.034,0.034,0.033,0.031,0.031,0.031,0.029,0.031,0.031,0.03,0.029,0.028
1.83,1.39,1.079,0.893,0.777,0.688,0.629,0.579,0.533,0.494,0.461,0.432,0.408,0.384,0.36,0.341,0.322,0.305,0.288,0.271,0.259,0.248,0.231,0.224,0.213,0.2,0.194,0.183,0.174,0.168,0.158,0.152,0.147,0.138,0.135,0.125,0.121,0.118,0.112,0.111,0.106,0.1,0.096,0.093,0.09,0.087,0.084,0.082,0.079,0.078,0.075,0.072,0.07,0.069,0.066,0.064,0.064,0.061,0.059,0.056,0.058,0.056,0.054,0.05,0.052,0.052,0.05,0.047,0.047,0.045,0.046,0.045,0.043,0.042,0.043,0.041,0.041,0.039,0.039,0.037,0.038,0.038,0.037,0.037,0.036,0.033,0.036,0.033,0.034,0.033,0.031,0.031,0.031,0.034,0.03,0.03,0.032,0.03,0.029,0.028
1.856,1.408,1.086,0.89,0.784,0.698,0.646,0.586,0.54,0.502,0.466,0.441,0.412,0.389,0.363,0.345,0.328,0.309,0.291,0.276,0.262,0.256,0.236,0.228,0.218,0.205,0.199,0.191,0.18,0.169,0.161,0.158,0.152,0.143,0.139,0.132,0.125,0.122,0.116,0.11,0.109,0.103,0.1,0.097,0.095,0.09,0.09,0.085,0.081,0.081,0.079,0.073,0.073,0.075,0.071,0.066,0.064,0.065,0.061,0.06,0.061,0.058,0.055,0.054,0.055,0.053,0.053,0.051,0.05,0.049,0.046,0.048,0.045,0.045,0.046,0.044,0.041,0.043,0.039,0.04,0.041,0.039,0.039,0.039,0.036,0.035,0.036,0.035,0.033,0.032,0.033,0.034,0.032,0.035,0.032,0.032,0.029,0.032,0.032,0.03

train_acc1
26.352,44.924,59.006,67.764,72.52,76.052,78.138,80.374,81.846,83.194,84.46,85.508,86.18,87.116,87.954,88.46,89.104,89.71,90.256,90.728,91.322,91.646,92.224,92.368,92.794,93.288,93.38,93.72,93.876,94.43,94.72,94.752,95.01,95.242,95.336,95.538,95.844,95.944,96.168,96.262,96.332,96.538,96.66,96.81,96.828,96.856,97.156,97.21,97.23,97.372,97.452,97.48,97.578,97.692,97.896,97.864,97.8,97.79,98.03,98.064,98.018,98.08,98.142,98.152,98.166,98.224,98.304,98.412,98.29,98.452,98.402,98.512,98.438,98.606,98.594,98.63,98.576,98.702,98.672,98.736,98.678,98.796,98.688,98.81,98.818,98.896,98.764,98.836,98.892,98.89,98.882,98.984,98.966,99.01,98.992,98.98,98.94,98.994,99.034,99.01
27.606,47.126,61.392,68.354,72.616,76.224,78.588,80.274,82.084,83.328,84.466,85.526,86.362,87.292,87.774,88.544,89.178,89.694,90.316,90.92,91.33,91.756,92.246,92.454,92.836,93.23,93.384,93.816,94.104,94.386,94.534,94.832,95.074,95.214,95.408,95.68,95.964,95.964,96.192,96.198,96.45,96.518,96.666,96.856,96.99,97.044,97.088,97.228,97.264,97.316,97.396,97.534,97.65,97.644,97.848,97.856,97.824,97.912,98.058,98.13,97.998,98.134,98.198,98.338,98.248,98.308,98.292,98.464,98.414,98.444,98.494,98.516,98.576,98.568,98.544,98.626,98.612,98.678,98.666,98.778,98.692,98.78,98.736,98.818,98.814,98.96,98.816,98.874,98.866,98.918,98.966,98.996,98.97,98.922,98.992,99.042,98.912,99.004,99.03,99.046
26.412,46.008,61.184,68.584,72.39,75.802,77.712,79.942,81.642,82.976,84.042,85.134,86.112,86.804,87.736,88.462,88.858,89.588,90.258,90.794,91.168,91.478,92.102,92.29,92.63,93.066,93.412,93.51,94.008,94.328,94.558,94.622,94.856,95.11,95.364,95.642,95.812,95.832,96.066,96.25,96.336,96.502,96.574,96.75,96.778,97.048,97.04,97.074,97.326,97.226,97.344,97.564,97.57,97.458,97.658,97.83,97.778,97.846,97.916,97.932,97.974,98.088,98.154,98.25,98.18,98.278,98.276,98.304,98.382,98.41,98.488,98.364,98.544,98.488,98.516,98.572,98.662,98.578,98.688,98.662,98.674,98.706,98.752,98.778,98.77,98.832,98.846,98.83,98.87,98.942,98.884,98.884,98.992,98.918,98.892,98.932,99.022,98.944,98.964,98.986

val_acc1
28.2,45.63,64.5,60.49,66.04,72.04,74.14,78.34,78.77,72.82,78.69,79.34,79.5,84.28,80.22,76.1,84.39,82.91,82.41,86.8,84.05,85.81,85.43,87.45,87.77,87.67,86.36,87.31,87.41,87.22,87.34,88.55,88.96,88.85,88.71,86.63,88.52,88.58,86.48,88.68,87.6,88.06,88.8,89.24,89.1,88.44,87.78,87.75,87.67,89.0,89.64,89.08,86.8,88.41,87.95,89.99,89.08,84.31,88.44,88.79,90.11,90.1,89.63,88.8,88.62,90.09,89.23,89.9,89.74,90.46,89.96,90.23,89.78,89.22,90.23,90.28,89.31,89.62,89.21,89.17,88.32,89.45,90.3,90.67,90.73,90.32,88.79,90.69,90.3,89.83,90.61,90.08,88.26,89.34,89.62,90.45,89.64,90.62,90.37,90.74
32.54,46.6,66.89,65.61,69.53,73.28,71.56,76.8,77.5,78.87,79.6,81.41,81.01,83.71,80.32,77.72,83.11,82.61,84.23,85.05,82.43,87.64,83.49,87.35,85.51,88.11,87.33,86.59,86.08,81.74,87.57,88.32,87.72,88.29,88.74,87.25,86.21,87.46,85.88,86.93,88.75,89.82,89.64,87.81,85.49,87.58,89.01,84.98,87.67,89.43,88.97,88.03,89.51,89.71,88.93,89.77,88.19,87.95,88.8,88.66,89.46,89.44,89.09,88.19,88.89,89.76,89.71,88.57,89.14,89.99,88.97,88.88,89.11,89.94,89.55,89.16,89.56,89.97,89.45,89.4,89.89,89.64,89.91,88.68,90.03,90.18,90.15,89.77,89.44,88.97,89.72,90.32,90.43,89.3,90.54,90.4,90.59,90.43,90.59,90.53
24.83,50.92,65.67,67.12,69.35,73.9,74.51,76.13,78.57,78.79,74.45,80.97,79.97,85.31,78.13,74.43,86.02,82.53,83.37,83.28,84.17,86.17,86.62,86.71,85.41,87.66,87.02,87.34,86.38,87.59,88.36,87.17,88.99,88.72,89.06,86.73,88.49,89.0,87.09,88.48,87.9,89.25,89.23,88.79,88.93,89.44,89.42,88.16,87.8,87.67,89.59,89.57,88.05,90.11,89.45,89.05,90.03,89.6,89.29,89.55,88.51,90.14,89.94,86.09,89.05,89.44,90.43,89.39,90.12,90.67,87.16,89.94,90.04,89.92,89.68,90.59,90.11,90.27,89.56,89.42,88.48,90.17,90.08,90.12,88.84,90.85,90.05,90.28,89.77,90.37,90.02,89.55,90.48,89.76,89.25,90.2,89.11,90.43,90.55,90.37

val_loss
1.876,1.637,1.002,1.196,1.007,0.88,0.787,0.636,0.652,0.83,0.665,0.658,0.648,0.486,0.655,0.837,0.506,0.569,0.618,0.409,0.523,0.466,0.475,0.412,0.4,0.4,0.445,0.438,0.431,0.449,0.442,0.391,0.41,0.385,0.412,0.476,0.425,0.409,0.548,0.42,0.497,0.448,0.436,0.404,0.454,0.451,0.542,0.498,0.483,0.458,0.407,0.473,0.62,0.479,0.57,0.418,0.47,0.735,0.521,0.475,0.429,0.454,0.46,0.498,0.549,0.407,0.479,0.457,0.474,0.414,0.436,0.427,0.5,0.5,0.417,0.451,0.482,0.507,0.567,0.506,0.579,0.484,0.437,0.439,0.446,0.47,0.581,0.461,0.48,0.494,0.43,0.522,0.594,0.53,0.536,0.495,0.529,0.485,0.479,0.478
1.697,1.546,0.942,0.994,0.892,0.822,0.903,0.68,0.694,0.671,0.632,0.584,0.597,0.497,0.664,0.74,0.533,0.55,0.551,0.481,0.594,0.4,0.568,0.418,0.484,0.392,0.399,0.447,0.494,0.717,0.427,0.408,0.426,0.424,0.408,0.476,0.562,0.458,0.567,0.501,0.413,0.4,0.402,0.505,0.628,0.501,0.46,0.767,0.513,0.437,0.449,0.536,0.461,0.438,0.535,0.457,0.503,0.553,0.458,0.515,0.465,0.473,0.489,0.537,0.524,0.47,0.457,0.53,0.5,0.45,0.516,0.555,0.517,0.48,0.479,0.555,0.491,0.478,0.528,0.536,0.523,0.506,0.5,0.531,0.452,0.505,0.477,0.561,0.56,0.578,0.529,0.478,0.453,0.528,0.495,0.488,0.46,0.483,0.488,0.477
2.092,1.377,0.995,0.947,0.904,0.765,0.767,0.717,0.646,0.651,0.822,0.589,0.635,0.461,0.755,0.955,0.43,0.552,0.553,0.542,0.517,0.443,0.433,0.441,0.508,0.418,0.461,0.451,0.484,0.45,0.411,0.467,0.401,0.4,0.385,0.476,0.445,0.408,0.56,0.498,0.435,0.414,0.417,0.419,0.425,0.413,0.41,0.484,0.541,0.509,0.437,0.446,0.521,0.41,0.431,0.479,0.468,0.445,0.52,0.481,0.52,0.431,0.448,0.722,0.525,0.494,0.412,0.478,0.467,0.428,0.627,0.475,0.477,0.505,0.521,0.411,0.473,0.429,0.517,0.531,0.603,0.503,0.47,0.469,0.59,0.459,0.516,0.477,0.555,0.489,0.525,0.538,0.474,0.488,0.576,0.51,0.626,0.489,0.476,0.522

learning_rate
0.0003,0.0003,0.0003,0.0003,0.0003,0.0003,0.0003,0.0003,0.0003,0.0003,0.0003,0.0003,0.0003,0.0003,0.0003,0.0003,0.0003,0.0003,0.0003,0.0003,0.0003,0.0003,0.0003,0.0003,0.0003,0.0003,0.0003,0.0003,0.0003,0.0003,0.0003,0.0003,0.0003,0.0003,0.0003,0.0003,0.0003,0.0003,0.0003,0.0003,0.0003,0.0003,0.0003,0.0003,0.0003,0.0003,0.0003,0.0003,0.0003,0.0003,0.0003,0.0003,0.0003,0.0003,0.0003,0.0003,0.0003,0.0003,0.0003,0.0003,0.0003,0.0003,0.0003,0.0003,0.0003,0.0003,0.0003,0.0003,0.0003,0.0003,0.0003,0.0003,0.0003,0.0003,0.0003,0.0003,0.0003,0.0003,0.0003,0.0003,0.0003,0.0003,0.0003,0.0003,0.0003,0.0003,0.0003,0.0003,0.0003,0.0003,0.0003,0.0003,0.0003,0.0003,0.0003,0.0003,0.0003,0.0003,0.0003,0.0003
0.0003,0.0003,0.0003,0.0003,0.0003,0.0003,0.0003,0.0003,0.0003,0.0003,0.0003,0.0003,0.0003,0.0003,0.0003,0.0003,0.0003,0.0003,0.0003,0.0003,0.0003,0.0003,0.0003,0.0003,0.0003,0.0003,0.0003,0.0003,0.0003,0.0003,0.0003,0.0003,0.0003,0.0003,0.0003,0.0003,0.0003,0.0003,0.0003,0.0003,0.0003,0.0003,0.0003,0.0003,0.0003,0.0003,0.0003,0.0003,0.0003,0.0003,0.0003,0.0003,0.0003,0.0003,0.0003,0.0003,0.0003,0.0003,0.0003,0.0003,0.0003,0.0003,0.0003,0.0003,0.0003,0.0003,0.0003,0.0003,0.0003,0.0003,0.0003,0.0003,0.0003,0.0003,0.0003,0.0003,0.0003,0.0003,0.0003,0.0003,0.0003,0.0003,0.0003,0.0003,0.0003,0.0003,0.0003,0.0003,0.0003,0.0003,0.0003,0.0003,0.0003,0.0003,0.0003,0.0003,0.0003,0.0003,0.0003,0.0003
0.0003,0.0003,0.0003,0.0003,0.0003,0.0003,0.0003,0.0003,0.0003,0.0003,0.0003,0.0003,0.0003,0.0003,0.0003,0.0003,0.0003,0.0003,0.0003,0.0003,0.0003,0.0003,0.0003,0.0003,0.0003,0.0003,0.0003,0.0003,0.0003,0.0003,0.0003,0.0003,0.0003,0.0003,0.0003,0.0003,0.0003,0.0003,0.0003,0.0003,0.0003,0.0003,0.0003,0.0003,0.0003,0.0003,0.0003,0.0003,0.0003,0.0003,0.0003,0.0003,0.0003,0.0003,0.0003,0.0003,0.0003,0.0003,0.0003,0.0003,0.0003,0.0003,0.0003,0.0003,0.0003,0.0003,0.0003,0.0003,0.0003,0.0003,0.0003,0.0003,0.0003,0.0003,0.0003,0.0003,0.0003,0.0003,0.0003,0.0003,0.0003,0.0003,0.0003,0.0003,0.0003,0.0003,0.0003,0.0003,0.0003,0.0003,0.0003,0.0003,0.0003,0.0003,0.0003,0.0003,0.0003,0.0003,0.0003,0.0003

