parameters
rmsprop_lr:0.0001
rmsprop_momentum:0
rmsprop_alpha:0.99
rmsprop_eps:1e-8
rmsprop_centered:True
rmsprop_weight_decay:0
architecture:vgg19bn_
dataset:cifar10
combine_datasets:False
do_validation_set:False
epochs:100
batch_size:128
test_set_split:0.1666667
validation_set_split:0.0
reduce_train_set:1
executions:3
base_seed:42
training_method:rmsprop
learning_method:constant

train_loss
1.593,1.148,0.95,0.826,0.734,0.658,0.611,0.563,0.524,0.488,0.456,0.43,0.407,0.385,0.359,0.345,0.326,0.306,0.294,0.274,0.264,0.253,0.236,0.23,0.219,0.207,0.201,0.191,0.181,0.174,0.163,0.154,0.151,0.146,0.143,0.135,0.125,0.125,0.122,0.116,0.113,0.108,0.105,0.101,0.101,0.096,0.094,0.091,0.086,0.085,0.084,0.077,0.077,0.076,0.074,0.071,0.07,0.07,0.066,0.065,0.065,0.064,0.06,0.057,0.058,0.059,0.056,0.055,0.055,0.053,0.051,0.052,0.049,0.049,0.05,0.046,0.049,0.045,0.047,0.044,0.042,0.044,0.044,0.043,0.042,0.04,0.039,0.041,0.036,0.039,0.037,0.037,0.038,0.036,0.036,0.036,0.036,0.035,0.035,0.033
1.554,1.112,0.921,0.806,0.719,0.647,0.601,0.552,0.512,0.476,0.447,0.421,0.395,0.373,0.354,0.335,0.32,0.298,0.285,0.271,0.256,0.246,0.23,0.223,0.212,0.2,0.194,0.183,0.175,0.166,0.161,0.156,0.149,0.142,0.137,0.127,0.124,0.12,0.117,0.112,0.111,0.101,0.104,0.097,0.096,0.092,0.089,0.087,0.083,0.082,0.08,0.077,0.076,0.075,0.071,0.07,0.069,0.066,0.063,0.064,0.061,0.06,0.059,0.058,0.056,0.056,0.056,0.054,0.054,0.051,0.052,0.048,0.05,0.046,0.047,0.048,0.046,0.042,0.045,0.042,0.043,0.041,0.041,0.043,0.04,0.042,0.039,0.039,0.038,0.037,0.037,0.035,0.035,0.039,0.035,0.035,0.034,0.035,0.032,0.034
1.575,1.115,0.926,0.806,0.715,0.649,0.602,0.551,0.513,0.477,0.449,0.424,0.4,0.372,0.356,0.337,0.318,0.3,0.285,0.267,0.257,0.246,0.232,0.221,0.212,0.201,0.195,0.181,0.176,0.168,0.16,0.157,0.149,0.145,0.137,0.131,0.126,0.121,0.116,0.113,0.108,0.105,0.104,0.098,0.095,0.095,0.092,0.089,0.083,0.083,0.081,0.079,0.076,0.075,0.072,0.071,0.067,0.07,0.065,0.063,0.064,0.062,0.061,0.058,0.059,0.057,0.057,0.053,0.051,0.051,0.051,0.051,0.05,0.047,0.049,0.046,0.046,0.044,0.045,0.044,0.043,0.041,0.044,0.041,0.041,0.04,0.038,0.041,0.038,0.039,0.038,0.039,0.038,0.036,0.034,0.036,0.034,0.034,0.034,0.034

train_acc1
37.694,58.204,66.1,70.864,74.424,77.12,78.916,80.564,81.916,83.162,84.26,85.08,86.006,86.698,87.636,88.204,88.728,89.526,89.878,90.484,90.846,91.28,91.802,91.938,92.364,92.722,93.026,93.338,93.696,93.916,94.322,94.538,94.65,94.894,95.032,95.302,95.676,95.574,95.704,95.912,96.126,96.214,96.32,96.548,96.534,96.628,96.696,96.81,96.962,96.984,97.038,97.3,97.262,97.35,97.378,97.484,97.506,97.552,97.646,97.68,97.8,97.776,97.888,97.984,97.954,97.876,98.034,97.974,98.128,98.124,98.17,98.204,98.272,98.31,98.294,98.396,98.31,98.462,98.34,98.448,98.492,98.502,98.452,98.524,98.514,98.602,98.658,98.602,98.706,98.654,98.702,98.648,98.696,98.702,98.706,98.816,98.808,98.824,98.776,98.874
39.428,59.55,67.342,71.548,74.958,77.324,79.094,81.034,82.33,83.552,84.552,85.398,86.356,87.13,87.788,88.386,88.992,89.666,90.186,90.558,91.064,91.466,92.0,92.322,92.6,92.91,93.19,93.714,93.85,94.172,94.34,94.566,94.714,95.022,95.262,95.526,95.62,95.774,95.938,95.998,96.17,96.496,96.384,96.544,96.63,96.716,96.816,96.954,97.116,97.074,97.188,97.23,97.322,97.356,97.476,97.528,97.574,97.684,97.706,97.748,97.844,97.882,97.992,97.982,97.992,98.062,98.144,98.112,98.134,98.182,98.142,98.314,98.208,98.382,98.386,98.246,98.388,98.5,98.42,98.464,98.498,98.606,98.564,98.51,98.618,98.57,98.604,98.676,98.716,98.672,98.682,98.782,98.768,98.686,98.806,98.798,98.812,98.798,98.924,98.864
38.726,59.678,67.212,71.796,75.182,77.544,79.348,81.13,82.294,83.5,84.526,85.398,86.2,87.218,87.668,88.31,88.876,89.618,90.196,90.668,91.102,91.518,91.856,92.306,92.566,93.128,93.146,93.846,93.798,94.178,94.348,94.396,94.802,94.882,95.218,95.434,95.634,95.724,95.852,96.052,96.186,96.326,96.328,96.51,96.638,96.704,96.81,96.916,97.008,97.07,97.126,97.21,97.33,97.454,97.59,97.626,97.714,97.596,97.694,97.848,97.758,97.782,97.868,97.974,98.014,98.006,98.082,98.162,98.164,98.248,98.2,98.218,98.302,98.444,98.276,98.404,98.428,98.436,98.46,98.51,98.456,98.496,98.462,98.56,98.606,98.618,98.682,98.598,98.578,98.606,98.652,98.634,98.69,98.72,98.83,98.746,98.788,98.812,98.806,98.844

val_acc1
50.1,55.99,68.07,67.42,73.58,73.87,71.71,76.95,76.69,76.65,78.26,81.53,81.08,81.11,81.54,71.67,82.18,82.43,76.59,84.02,83.77,82.77,80.76,84.9,81.26,84.54,84.62,84.56,84.48,85.49,86.26,85.89,85.71,84.52,85.76,85.66,85.61,81.46,86.25,85.27,84.91,87.11,86.78,86.3,79.1,85.72,86.25,85.03,86.56,86.75,87.47,85.19,86.31,86.49,87.84,87.55,83.06,85.31,85.09,86.87,87.05,88.25,86.8,86.67,87.67,87.14,87.69,87.98,87.43,87.16,86.45,87.66,87.28,88.38,88.27,88.76,86.93,87.55,88.48,87.82,86.47,86.81,88.28,88.3,88.37,88.7,88.22,87.94,87.95,87.7,88.27,88.36,88.02,88.26,88.94,88.64,87.59,87.39,87.58,88.56
46.32,59.92,68.76,71.44,72.44,75.41,72.76,74.91,75.95,76.98,79.01,81.16,80.06,82.48,79.26,79.1,81.7,83.96,77.51,84.95,81.82,82.95,82.96,84.26,83.98,85.78,84.97,85.1,83.04,84.46,85.49,85.25,86.4,85.69,86.8,85.0,86.49,84.31,85.35,83.84,85.46,87.16,86.23,85.65,83.38,85.41,87.04,87.11,86.38,85.95,86.13,86.4,87.49,86.43,84.59,86.45,86.96,86.78,86.86,87.55,87.6,87.8,88.0,85.63,86.78,87.87,88.2,88.51,87.93,87.81,87.91,88.14,87.62,87.97,87.43,88.39,87.76,87.71,87.18,87.91,86.31,86.71,87.4,88.6,88.5,88.04,88.43,87.34,88.38,88.78,88.43,89.19,84.27,88.24,88.64,89.22,84.6,88.18,88.04,88.02
49.09,56.47,69.21,70.37,73.52,72.47,75.08,77.86,78.21,78.43,77.28,81.27,80.77,81.99,78.78,78.37,82.95,84.19,79.7,82.32,81.52,84.68,84.46,84.96,84.33,85.88,83.26,81.34,85.21,85.71,86.2,83.94,86.11,85.61,85.88,85.34,86.29,84.85,86.01,85.98,87.12,87.29,86.73,85.58,79.61,86.88,84.9,86.53,84.88,87.76,86.46,81.53,87.3,86.45,86.5,88.11,87.07,86.92,87.04,87.64,87.56,86.95,87.78,86.89,87.58,88.11,88.85,87.16,86.42,87.74,87.51,88.1,87.9,87.99,88.64,88.26,88.68,89.11,87.74,87.58,88.0,85.59,88.78,87.75,88.46,88.5,87.73,88.25,88.44,88.31,87.63,88.46,88.31,88.14,87.52,88.3,87.52,87.33,88.09,85.9

val_loss
1.333,1.211,0.917,0.964,0.774,0.758,0.842,0.682,0.704,0.712,0.65,0.565,0.578,0.579,0.561,1.131,0.556,0.553,0.82,0.503,0.51,0.557,0.673,0.509,0.675,0.506,0.511,0.527,0.531,0.499,0.455,0.488,0.513,0.573,0.496,0.525,0.532,0.781,0.493,0.585,0.57,0.48,0.512,0.539,0.946,0.543,0.559,0.611,0.558,0.528,0.514,0.661,0.575,0.544,0.512,0.535,0.796,0.651,0.658,0.565,0.564,0.508,0.578,0.602,0.546,0.561,0.522,0.518,0.562,0.59,0.66,0.541,0.586,0.5,0.53,0.524,0.598,0.577,0.542,0.55,0.68,0.658,0.53,0.535,0.53,0.543,0.537,0.56,0.591,0.574,0.577,0.565,0.569,0.576,0.541,0.52,0.617,0.612,0.624,0.532
1.525,1.112,0.897,0.832,0.795,0.712,0.823,0.747,0.755,0.702,0.628,0.576,0.598,0.52,0.654,0.677,0.575,0.499,0.78,0.474,0.568,0.538,0.552,0.532,0.537,0.471,0.507,0.527,0.605,0.54,0.482,0.511,0.495,0.534,0.479,0.563,0.504,0.616,0.564,0.713,0.564,0.508,0.549,0.569,0.712,0.575,0.513,0.517,0.533,0.601,0.567,0.58,0.523,0.59,0.695,0.612,0.564,0.565,0.549,0.553,0.542,0.527,0.54,0.683,0.591,0.522,0.518,0.511,0.538,0.561,0.545,0.552,0.569,0.585,0.562,0.523,0.56,0.593,0.624,0.578,0.703,0.672,0.618,0.546,0.537,0.543,0.544,0.642,0.56,0.529,0.569,0.526,0.844,0.543,0.515,0.52,0.89,0.597,0.608,0.577
1.36,1.29,0.895,0.86,0.786,0.823,0.748,0.642,0.659,0.64,0.687,0.58,0.577,0.548,0.671,0.713,0.512,0.484,0.672,0.585,0.58,0.494,0.528,0.487,0.523,0.471,0.559,0.673,0.511,0.478,0.464,0.582,0.492,0.526,0.479,0.526,0.482,0.586,0.522,0.538,0.489,0.494,0.519,0.555,0.91,0.486,0.598,0.561,0.6,0.51,0.551,0.9,0.523,0.56,0.6,0.502,0.572,0.556,0.541,0.522,0.528,0.552,0.504,0.595,0.523,0.486,0.469,0.56,0.651,0.569,0.58,0.537,0.544,0.524,0.502,0.553,0.518,0.498,0.612,0.56,0.547,0.765,0.491,0.583,0.526,0.526,0.609,0.586,0.546,0.539,0.585,0.541,0.548,0.554,0.607,0.546,0.608,0.613,0.573,0.758

learning_rate
0.0001,0.0001,0.0001,0.0001,0.0001,0.0001,0.0001,0.0001,0.0001,0.0001,0.0001,0.0001,0.0001,0.0001,0.0001,0.0001,0.0001,0.0001,0.0001,0.0001,0.0001,0.0001,0.0001,0.0001,0.0001,0.0001,0.0001,0.0001,0.0001,0.0001,0.0001,0.0001,0.0001,0.0001,0.0001,0.0001,0.0001,0.0001,0.0001,0.0001,0.0001,0.0001,0.0001,0.0001,0.0001,0.0001,0.0001,0.0001,0.0001,0.0001,0.0001,0.0001,0.0001,0.0001,0.0001,0.0001,0.0001,0.0001,0.0001,0.0001,0.0001,0.0001,0.0001,0.0001,0.0001,0.0001,0.0001,0.0001,0.0001,0.0001,0.0001,0.0001,0.0001,0.0001,0.0001,0.0001,0.0001,0.0001,0.0001,0.0001,0.0001,0.0001,0.0001,0.0001,0.0001,0.0001,0.0001,0.0001,0.0001,0.0001,0.0001,0.0001,0.0001,0.0001,0.0001,0.0001,0.0001,0.0001,0.0001,0.0001
0.0001,0.0001,0.0001,0.0001,0.0001,0.0001,0.0001,0.0001,0.0001,0.0001,0.0001,0.0001,0.0001,0.0001,0.0001,0.0001,0.0001,0.0001,0.0001,0.0001,0.0001,0.0001,0.0001,0.0001,0.0001,0.0001,0.0001,0.0001,0.0001,0.0001,0.0001,0.0001,0.0001,0.0001,0.0001,0.0001,0.0001,0.0001,0.0001,0.0001,0.0001,0.0001,0.0001,0.0001,0.0001,0.0001,0.0001,0.0001,0.0001,0.0001,0.0001,0.0001,0.0001,0.0001,0.0001,0.0001,0.0001,0.0001,0.0001,0.0001,0.0001,0.0001,0.0001,0.0001,0.0001,0.0001,0.0001,0.0001,0.0001,0.0001,0.0001,0.0001,0.0001,0.0001,0.0001,0.0001,0.0001,0.0001,0.0001,0.0001,0.0001,0.0001,0.0001,0.0001,0.0001,0.0001,0.0001,0.0001,0.0001,0.0001,0.0001,0.0001,0.0001,0.0001,0.0001,0.0001,0.0001,0.0001,0.0001,0.0001
0.0001,0.0001,0.0001,0.0001,0.0001,0.0001,0.0001,0.0001,0.0001,0.0001,0.0001,0.0001,0.0001,0.0001,0.0001,0.0001,0.0001,0.0001,0.0001,0.0001,0.0001,0.0001,0.0001,0.0001,0.0001,0.0001,0.0001,0.0001,0.0001,0.0001,0.0001,0.0001,0.0001,0.0001,0.0001,0.0001,0.0001,0.0001,0.0001,0.0001,0.0001,0.0001,0.0001,0.0001,0.0001,0.0001,0.0001,0.0001,0.0001,0.0001,0.0001,0.0001,0.0001,0.0001,0.0001,0.0001,0.0001,0.0001,0.0001,0.0001,0.0001,0.0001,0.0001,0.0001,0.0001,0.0001,0.0001,0.0001,0.0001,0.0001,0.0001,0.0001,0.0001,0.0001,0.0001,0.0001,0.0001,0.0001,0.0001,0.0001,0.0001,0.0001,0.0001,0.0001,0.0001,0.0001,0.0001,0.0001,0.0001,0.0001,0.0001,0.0001,0.0001,0.0001,0.0001,0.0001,0.0001,0.0001,0.0001,0.0001

