parameters
rmsprop_lr:0.01
rmsprop_momentum:0
rmsprop_alpha:0.99
rmsprop_eps:1e-8
rmsprop_centered:False
rmsprop_weight_decay:0
architecture:vgg19bn_
dataset:cifar10
combine_datasets:False
do_validation_set:False
epochs:100
batch_size:128
test_set_split:0.1666667
validation_set_split:0.0
reduce_train_set:1
executions:3
base_seed:42
training_method:rmsprop
learning_method:constant

train_loss
2.571,1.971,1.71,1.416,1.131,0.935,0.816,0.714,0.638,0.58,0.533,0.495,0.466,0.436,0.408,0.383,0.363,0.343,0.325,0.307,0.293,0.282,0.265,0.254,0.246,0.229,0.228,0.213,0.207,0.2,0.184,0.181,0.176,0.169,0.164,0.155,0.153,0.142,0.142,0.135,0.133,0.125,0.126,0.118,0.117,0.115,0.11,0.107,0.104,0.101,0.098,0.099,0.093,0.091,0.09,0.087,0.084,0.083,0.081,0.08,0.077,0.072,0.073,0.076,0.071,0.072,0.068,0.069,0.067,0.064,0.063,0.062,0.062,0.062,0.066,0.055,0.057,0.055,0.054,0.053,0.055,0.051,0.053,0.049,0.051,0.048,0.049,0.05,0.048,0.049,0.048,0.045,0.047,0.044,0.044,0.043,0.043,0.039,0.044,0.045
2.576,2.194,1.829,1.54,1.239,1.0,0.883,0.784,0.707,0.644,0.587,0.547,0.516,0.481,0.449,0.427,0.405,0.38,0.361,0.341,0.325,0.309,0.289,0.282,0.27,0.252,0.245,0.231,0.226,0.214,0.203,0.202,0.189,0.188,0.175,0.169,0.162,0.159,0.155,0.146,0.148,0.141,0.131,0.132,0.125,0.124,0.119,0.113,0.113,0.11,0.108,0.109,0.103,0.101,0.092,0.096,0.089,0.091,0.086,0.081,0.085,0.081,0.079,0.076,0.075,0.078,0.076,0.068,0.072,0.068,0.068,0.066,0.065,0.063,0.062,0.063,0.061,0.059,0.059,0.059,0.054,0.057,0.054,0.057,0.056,0.054,0.055,0.052,0.051,0.051,0.05,0.047,0.048,0.047,0.048,0.047,0.046,0.046,0.045,0.045
2.53,1.901,1.69,1.388,1.092,0.914,0.813,0.723,0.654,0.599,0.543,0.506,0.472,0.444,0.411,0.386,0.366,0.343,0.322,0.305,0.288,0.276,0.26,0.248,0.235,0.224,0.215,0.201,0.194,0.187,0.177,0.168,0.167,0.157,0.153,0.142,0.135,0.135,0.132,0.126,0.119,0.113,0.114,0.11,0.104,0.102,0.103,0.099,0.093,0.093,0.089,0.087,0.083,0.079,0.082,0.074,0.078,0.074,0.072,0.069,0.069,0.068,0.063,0.069,0.065,0.062,0.062,0.058,0.061,0.055,0.056,0.056,0.053,0.055,0.052,0.053,0.051,0.051,0.051,0.05,0.047,0.052,0.045,0.049,0.046,0.046,0.044,0.045,0.043,0.045,0.042,0.039,0.042,0.04,0.041,0.035,0.039,0.04,0.039,0.039

train_acc1
11.504,21.832,32.506,46.128,59.0,66.776,72.034,75.832,78.468,80.616,82.358,83.588,84.674,85.462,86.48,87.39,88.078,88.636,89.24,89.894,90.39,90.598,91.244,91.552,91.874,92.338,92.426,92.896,93.136,93.364,93.76,93.96,94.112,94.378,94.594,94.862,94.834,95.21,95.336,95.53,95.564,95.874,95.908,96.016,96.136,96.154,96.388,96.514,96.554,96.64,96.736,96.756,96.902,97.008,97.046,97.122,97.298,97.338,97.392,97.426,97.504,97.578,97.564,97.492,97.648,97.65,97.762,97.738,97.822,97.918,97.858,97.968,98.022,97.95,98.002,98.152,98.156,98.122,98.274,98.278,98.266,98.384,98.282,98.34,98.364,98.442,98.412,98.38,98.39,98.436,98.508,98.508,98.562,98.55,98.636,98.554,98.594,98.686,98.656,98.55
10.194,14.028,26.948,39.362,53.618,63.936,68.894,72.834,75.85,78.648,80.526,82.046,83.146,84.136,85.26,85.94,86.598,87.6,88.12,88.76,89.58,89.89,90.576,90.838,91.152,91.774,92.022,92.47,92.706,93.136,93.22,93.458,93.876,93.958,94.294,94.328,94.754,94.876,94.946,95.236,95.352,95.332,95.698,95.852,95.964,95.942,96.206,96.358,96.414,96.502,96.46,96.59,96.742,96.818,97.054,96.986,97.174,97.1,97.316,97.41,97.336,97.416,97.48,97.534,97.658,97.568,97.606,97.854,97.748,97.862,97.848,97.918,97.918,98.074,97.942,98.106,98.076,98.196,98.132,98.188,98.294,98.218,98.272,98.248,98.21,98.338,98.32,98.33,98.376,98.352,98.458,98.566,98.554,98.53,98.472,98.55,98.658,98.546,98.568,98.622
13.076,24.008,33.754,47.272,60.518,67.292,71.838,75.206,77.696,80.158,81.9,83.352,84.48,85.502,86.456,87.432,88.002,88.692,89.292,89.994,90.646,90.86,91.392,91.85,92.298,92.674,92.956,93.424,93.618,93.816,94.216,94.524,94.502,94.79,95.098,95.264,95.486,95.58,95.714,95.87,96.12,96.242,96.162,96.396,96.53,96.654,96.68,96.738,96.94,96.916,97.202,97.204,97.282,97.502,97.326,97.582,97.472,97.654,97.69,97.766,97.698,97.816,97.996,97.866,97.956,98.028,98.026,98.152,98.034,98.22,98.152,98.154,98.246,98.272,98.34,98.258,98.41,98.342,98.424,98.46,98.482,98.374,98.608,98.47,98.548,98.578,98.594,98.57,98.666,98.588,98.704,98.74,98.698,98.706,98.696,98.888,98.804,98.808,98.812,98.746

val_acc1
13.88,24.13,36.69,37.81,57.27,65.58,62.42,69.7,70.09,75.36,75.74,76.27,81.32,82.76,79.7,74.19,81.15,80.59,80.51,84.99,82.71,86.52,86.37,84.42,79.73,83.94,85.03,82.0,86.85,87.09,87.1,87.24,86.39,87.11,87.32,87.47,87.61,87.49,85.22,86.53,86.39,87.8,86.64,86.39,82.2,87.32,87.97,88.83,89.39,88.63,88.37,87.84,89.08,87.47,87.68,88.29,88.71,88.25,87.62,89.13,89.42,88.43,89.32,87.47,84.67,88.98,88.29,88.83,87.24,89.13,88.83,88.87,88.59,89.92,89.43,89.23,89.71,90.21,89.43,88.86,89.31,89.79,90.06,89.91,89.45,90.0,90.13,89.58,89.85,89.36,89.03,87.1,90.22,87.51,90.16,89.53,89.84,90.11,90.25,89.87
9.93,17.69,30.22,44.33,58.82,60.17,63.79,69.95,70.81,70.33,68.88,77.74,78.74,81.13,68.28,66.42,80.96,79.63,79.26,84.26,78.96,84.22,84.8,83.74,82.69,84.41,85.56,85.91,85.84,87.14,87.62,87.03,87.14,86.42,87.2,86.57,86.11,81.71,85.16,88.26,85.28,88.3,85.62,88.42,86.51,86.5,89.55,86.74,87.74,86.48,88.43,88.53,88.67,88.66,88.23,87.63,87.72,88.35,87.25,89.74,89.05,88.88,87.75,88.93,86.29,89.74,89.72,87.75,89.27,89.47,89.75,89.2,89.3,88.67,89.29,89.27,89.65,87.91,89.04,89.52,90.01,87.14,89.17,89.08,88.56,89.38,89.2,88.14,89.63,89.53,88.67,89.25,88.68,89.39,89.95,82.81,90.13,89.51,88.97,89.22
19.58,27.9,31.64,43.82,50.44,67.87,51.74,73.36,71.94,76.0,73.88,80.68,81.42,81.72,74.88,69.88,81.55,79.68,81.29,83.82,82.91,84.28,85.81,84.39,86.76,85.26,85.49,87.17,87.23,86.99,85.85,86.13,85.07,87.73,88.22,87.74,87.98,87.08,88.12,86.79,88.01,88.42,84.83,86.82,77.25,86.64,88.84,87.85,89.35,87.75,88.23,85.91,86.21,89.2,88.1,88.8,88.95,89.64,88.51,89.01,88.5,89.15,87.85,87.39,88.76,89.26,88.74,88.81,89.03,88.61,87.58,89.5,88.96,89.1,89.2,88.41,88.37,89.49,88.74,89.36,87.66,89.15,89.01,90.2,89.69,90.0,89.82,86.53,87.47,89.35,89.34,89.97,89.5,89.01,88.4,88.57,89.87,89.45,90.25,88.34

val_loss
2.233,1.986,1.584,1.738,1.259,1.021,1.157,0.933,0.952,0.737,0.768,0.79,0.578,0.533,0.655,0.915,0.62,0.651,0.641,0.503,0.599,0.449,0.46,0.564,0.81,0.602,0.509,0.675,0.442,0.467,0.465,0.474,0.486,0.479,0.456,0.467,0.461,0.479,0.616,0.571,0.541,0.49,0.567,0.55,0.808,0.483,0.456,0.462,0.42,0.456,0.483,0.573,0.472,0.558,0.516,0.522,0.513,0.523,0.512,0.522,0.472,0.569,0.484,0.715,0.894,0.503,0.51,0.527,0.625,0.493,0.514,0.553,0.539,0.51,0.527,0.573,0.523,0.451,0.533,0.576,0.518,0.486,0.467,0.503,0.559,0.486,0.499,0.522,0.499,0.545,0.585,0.773,0.513,0.665,0.486,0.585,0.515,0.58,0.606,0.552
2.307,2.066,1.896,1.467,1.133,1.183,1.072,0.863,0.888,0.926,0.981,0.719,0.664,0.593,1.12,1.443,0.603,0.641,0.763,0.554,0.706,0.569,0.504,0.56,0.679,0.565,0.525,0.499,0.51,0.461,0.436,0.51,0.454,0.524,0.496,0.573,0.537,0.79,0.584,0.484,0.615,0.431,0.657,0.469,0.63,0.582,0.411,0.659,0.513,0.562,0.488,0.51,0.495,0.475,0.55,0.534,0.587,0.541,0.507,0.453,0.494,0.479,0.537,0.53,0.743,0.453,0.456,0.584,0.493,0.504,0.467,0.513,0.528,0.541,0.577,0.538,0.493,0.647,0.537,0.546,0.52,0.686,0.548,0.53,0.598,0.577,0.57,0.591,0.547,0.519,0.689,0.574,0.645,0.604,0.54,1.7,0.579,0.608,0.63,0.717
1.999,1.816,1.727,1.697,1.738,0.922,1.683,0.775,0.845,0.749,0.838,0.614,0.59,0.601,0.929,1.176,0.581,0.709,0.643,0.552,0.602,0.536,0.483,0.546,0.477,0.508,0.507,0.444,0.444,0.457,0.585,0.525,0.615,0.484,0.447,0.468,0.474,0.492,0.508,0.533,0.457,0.468,0.667,0.584,1.219,0.531,0.459,0.507,0.449,0.492,0.535,0.711,0.746,0.477,0.566,0.521,0.473,0.473,0.526,0.487,0.503,0.47,0.556,0.56,0.505,0.478,0.526,0.515,0.577,0.548,0.619,0.514,0.567,0.6,0.526,0.681,0.568,0.511,0.584,0.537,0.6,0.569,0.621,0.472,0.54,0.52,0.506,0.74,0.76,0.559,0.528,0.537,0.508,0.646,0.669,0.663,0.536,0.585,0.538,0.658

learning_rate
0.01,0.01,0.01,0.01,0.01,0.01,0.01,0.01,0.01,0.01,0.01,0.01,0.01,0.01,0.01,0.01,0.01,0.01,0.01,0.01,0.01,0.01,0.01,0.01,0.01,0.01,0.01,0.01,0.01,0.01,0.01,0.01,0.01,0.01,0.01,0.01,0.01,0.01,0.01,0.01,0.01,0.01,0.01,0.01,0.01,0.01,0.01,0.01,0.01,0.01,0.01,0.01,0.01,0.01,0.01,0.01,0.01,0.01,0.01,0.01,0.01,0.01,0.01,0.01,0.01,0.01,0.01,0.01,0.01,0.01,0.01,0.01,0.01,0.01,0.01,0.01,0.01,0.01,0.01,0.01,0.01,0.01,0.01,0.01,0.01,0.01,0.01,0.01,0.01,0.01,0.01,0.01,0.01,0.01,0.01,0.01,0.01,0.01,0.01,0.01
0.01,0.01,0.01,0.01,0.01,0.01,0.01,0.01,0.01,0.01,0.01,0.01,0.01,0.01,0.01,0.01,0.01,0.01,0.01,0.01,0.01,0.01,0.01,0.01,0.01,0.01,0.01,0.01,0.01,0.01,0.01,0.01,0.01,0.01,0.01,0.01,0.01,0.01,0.01,0.01,0.01,0.01,0.01,0.01,0.01,0.01,0.01,0.01,0.01,0.01,0.01,0.01,0.01,0.01,0.01,0.01,0.01,0.01,0.01,0.01,0.01,0.01,0.01,0.01,0.01,0.01,0.01,0.01,0.01,0.01,0.01,0.01,0.01,0.01,0.01,0.01,0.01,0.01,0.01,0.01,0.01,0.01,0.01,0.01,0.01,0.01,0.01,0.01,0.01,0.01,0.01,0.01,0.01,0.01,0.01,0.01,0.01,0.01,0.01,0.01
0.01,0.01,0.01,0.01,0.01,0.01,0.01,0.01,0.01,0.01,0.01,0.01,0.01,0.01,0.01,0.01,0.01,0.01,0.01,0.01,0.01,0.01,0.01,0.01,0.01,0.01,0.01,0.01,0.01,0.01,0.01,0.01,0.01,0.01,0.01,0.01,0.01,0.01,0.01,0.01,0.01,0.01,0.01,0.01,0.01,0.01,0.01,0.01,0.01,0.01,0.01,0.01,0.01,0.01,0.01,0.01,0.01,0.01,0.01,0.01,0.01,0.01,0.01,0.01,0.01,0.01,0.01,0.01,0.01,0.01,0.01,0.01,0.01,0.01,0.01,0.01,0.01,0.01,0.01,0.01,0.01,0.01,0.01,0.01,0.01,0.01,0.01,0.01,0.01,0.01,0.01,0.01,0.01,0.01,0.01,0.01,0.01,0.01,0.01,0.01

