parameters
rmsprop_lr:0.0003
rmsprop_momentum:0
rmsprop_alpha:0.99
rmsprop_eps:1e-8
rmsprop_centered:True
rmsprop_weight_decay:0
architecture:vgg19bn_
dataset:cifar10
combine_datasets:False
do_validation_set:False
epochs:100
batch_size:128
test_set_split:0.1666667
validation_set_split:0.0
reduce_train_set:1
executions:3
base_seed:42
training_method:rmsprop
learning_method:constant

train_loss
1.842,1.413,1.091,0.883,0.767,0.681,0.624,0.571,0.527,0.489,0.454,0.426,0.401,0.376,0.355,0.337,0.315,0.3,0.283,0.269,0.255,0.246,0.229,0.219,0.211,0.196,0.189,0.18,0.171,0.163,0.157,0.149,0.143,0.136,0.133,0.123,0.118,0.113,0.112,0.105,0.103,0.099,0.095,0.094,0.09,0.086,0.084,0.079,0.079,0.075,0.071,0.075,0.068,0.066,0.064,0.062,0.061,0.063,0.058,0.056,0.055,0.053,0.054,0.053,0.051,0.048,0.05,0.047,0.046,0.046,0.047,0.044,0.042,0.046,0.044,0.039,0.041,0.039,0.04,0.038,0.037,0.037,0.036,0.035,0.036,0.035,0.034,0.035,0.033,0.032,0.031,0.033,0.031,0.031,0.03,0.032,0.029,0.031,0.028,0.03
1.827,1.381,1.05,0.877,0.769,0.679,0.625,0.567,0.519,0.481,0.443,0.414,0.391,0.368,0.344,0.326,0.307,0.292,0.275,0.261,0.246,0.237,0.218,0.212,0.201,0.189,0.182,0.172,0.163,0.155,0.149,0.141,0.139,0.128,0.126,0.122,0.112,0.109,0.108,0.1,0.101,0.093,0.092,0.089,0.083,0.085,0.079,0.077,0.074,0.073,0.07,0.067,0.066,0.064,0.063,0.062,0.057,0.059,0.056,0.055,0.05,0.053,0.053,0.051,0.049,0.047,0.05,0.044,0.047,0.043,0.045,0.045,0.043,0.041,0.04,0.039,0.038,0.041,0.038,0.037,0.038,0.036,0.036,0.036,0.035,0.034,0.032,0.033,0.033,0.03,0.03,0.032,0.03,0.029,0.03,0.028,0.03,0.029,0.028,0.028
1.853,1.416,1.106,0.898,0.785,0.695,0.641,0.583,0.538,0.499,0.46,0.432,0.41,0.385,0.365,0.345,0.325,0.302,0.289,0.27,0.26,0.247,0.232,0.221,0.211,0.201,0.195,0.182,0.174,0.166,0.158,0.152,0.146,0.139,0.132,0.126,0.119,0.117,0.115,0.105,0.106,0.098,0.097,0.092,0.09,0.086,0.083,0.081,0.078,0.076,0.073,0.068,0.072,0.068,0.064,0.064,0.061,0.061,0.059,0.057,0.054,0.053,0.053,0.053,0.05,0.051,0.048,0.045,0.048,0.044,0.044,0.045,0.043,0.041,0.041,0.04,0.039,0.038,0.039,0.04,0.039,0.037,0.036,0.036,0.033,0.036,0.033,0.033,0.033,0.033,0.03,0.031,0.03,0.032,0.029,0.032,0.028,0.028,0.03,0.029

train_acc1
26.706,45.64,60.52,68.612,73.148,76.426,78.656,80.678,82.084,83.474,84.566,85.688,86.546,87.318,88.06,88.68,89.378,89.98,90.544,91.024,91.498,91.726,92.324,92.604,92.896,93.38,93.576,93.954,94.24,94.414,94.628,94.908,95.186,95.438,95.49,95.808,95.988,96.106,96.172,96.456,96.444,96.668,96.8,96.8,96.994,97.078,97.136,97.332,97.332,97.424,97.6,97.484,97.722,97.742,97.842,97.912,97.9,97.85,97.91,98.104,98.126,98.244,98.178,98.264,98.318,98.422,98.368,98.402,98.432,98.484,98.434,98.554,98.542,98.454,98.544,98.692,98.602,98.716,98.664,98.722,98.722,98.726,98.82,98.84,98.842,98.838,98.854,98.836,98.898,98.936,98.992,98.94,99.014,98.944,98.99,98.918,99.026,98.956,99.104,99.03
26.918,46.264,62.284,68.772,73.07,76.516,78.568,80.92,82.502,83.63,85.082,86.164,86.684,87.546,88.424,88.99,89.646,90.072,90.792,91.222,91.682,91.852,92.584,92.774,93.208,93.598,93.852,94.15,94.486,94.734,94.884,95.172,95.216,95.682,95.772,95.806,96.156,96.154,96.268,96.63,96.544,96.75,96.824,97.02,97.086,97.078,97.308,97.382,97.426,97.532,97.626,97.764,97.774,97.748,97.828,97.894,98.048,97.914,98.062,98.104,98.26,98.232,98.236,98.25,98.328,98.358,98.332,98.482,98.414,98.532,98.482,98.546,98.566,98.652,98.654,98.686,98.726,98.66,98.718,98.81,98.674,98.754,98.804,98.786,98.842,98.854,98.91,98.932,98.92,98.95,98.992,98.928,98.938,99.024,98.998,99.074,98.972,99.046,99.124,99.072
26.986,45.672,59.986,68.176,72.408,75.936,78.076,80.106,81.894,83.0,84.536,85.492,86.33,87.044,87.756,88.348,89.006,89.698,90.314,91.016,91.286,91.656,92.196,92.498,92.884,93.214,93.436,93.776,94.064,94.434,94.678,94.792,94.96,95.308,95.488,95.718,95.976,95.994,96.13,96.316,96.374,96.62,96.726,96.822,96.918,97.004,97.15,97.298,97.348,97.42,97.514,97.722,97.574,97.618,97.82,97.804,97.944,97.872,98.002,98.054,98.204,98.174,98.13,98.21,98.266,98.284,98.378,98.428,98.392,98.474,98.526,98.482,98.496,98.596,98.626,98.674,98.694,98.7,98.702,98.704,98.734,98.746,98.802,98.782,98.84,98.808,98.886,98.942,98.892,98.902,99.028,98.92,99.028,98.996,99.01,98.95,99.06,99.016,99.094,99.03

val_acc1
26.17,46.77,62.78,64.89,64.81,73.31,72.41,77.6,79.78,81.26,78.33,80.02,81.59,83.51,83.06,74.47,84.66,84.5,84.86,85.16,85.09,85.93,86.77,87.81,87.28,88.95,87.46,88.12,87.08,87.27,88.24,88.26,85.76,88.05,88.4,85.26,89.64,87.19,88.34,88.11,87.74,89.0,88.25,87.71,87.54,88.77,89.44,87.65,89.2,86.49,90.13,87.96,88.36,89.92,89.68,89.59,89.0,89.3,88.04,89.14,89.72,90.27,89.75,89.56,88.99,89.34,89.81,90.16,90.68,89.51,89.96,90.83,89.39,90.4,90.13,90.46,90.43,89.56,89.5,88.68,87.53,89.73,90.09,89.61,90.53,90.61,90.46,91.03,90.6,89.52,87.64,91.08,90.39,89.94,90.69,90.83,90.64,90.79,90.41,89.66
33.35,48.45,57.72,62.24,70.29,74.06,73.74,77.85,79.95,80.97,77.56,83.99,82.8,84.26,82.28,78.25,83.6,84.82,82.56,86.37,83.69,84.23,87.73,86.71,87.02,88.5,83.97,88.27,86.8,86.94,88.83,88.36,87.31,87.58,88.8,88.51,89.71,88.53,88.87,87.62,89.51,89.7,88.82,88.69,86.72,89.04,89.92,85.78,87.96,89.02,88.45,89.23,88.81,90.15,89.71,88.18,89.65,89.59,87.42,89.73,89.83,89.88,90.13,88.52,89.77,90.26,89.32,90.16,90.03,88.41,90.47,90.59,90.65,90.26,89.59,90.51,89.29,90.1,89.31,89.62,90.45,90.74,90.31,90.26,89.99,90.87,89.09,90.3,89.63,90.12,89.33,90.33,90.82,88.48,90.41,89.73,90.03,90.55,90.2,90.11
34.04,48.93,65.02,67.99,70.63,73.09,73.68,75.34,79.89,78.06,77.31,83.09,82.27,84.63,79.9,76.7,85.53,83.85,79.86,82.86,83.91,85.64,85.51,87.84,85.4,87.36,87.65,86.67,87.15,85.42,87.83,87.42,88.3,87.58,88.51,87.31,87.6,86.38,86.87,88.49,88.41,88.62,89.14,85.35,89.28,89.25,87.8,86.82,89.29,88.55,88.98,88.54,88.49,89.53,90.01,88.36,89.42,88.63,89.9,88.99,89.05,89.46,88.85,88.09,89.71,88.38,89.3,90.11,89.57,89.93,87.83,89.02,89.21,90.0,89.66,90.21,90.53,90.16,89.0,87.6,90.07,89.68,89.37,89.07,89.41,90.01,89.81,89.94,89.8,90.37,89.42,89.89,89.78,89.88,89.72,89.01,89.81,90.4,89.7,90.23

val_loss
1.996,1.518,1.064,1.059,1.064,0.814,0.864,0.67,0.632,0.569,0.674,0.627,0.577,0.512,0.553,0.921,0.486,0.485,0.501,0.492,0.501,0.466,0.44,0.389,0.426,0.361,0.438,0.419,0.457,0.447,0.41,0.421,0.565,0.406,0.411,0.576,0.374,0.497,0.435,0.47,0.491,0.444,0.446,0.473,0.485,0.443,0.409,0.515,0.424,0.59,0.405,0.489,0.492,0.423,0.448,0.448,0.529,0.469,0.521,0.447,0.445,0.436,0.45,0.476,0.508,0.493,0.441,0.435,0.419,0.498,0.458,0.447,0.512,0.428,0.416,0.443,0.418,0.546,0.482,0.614,0.665,0.509,0.484,0.523,0.471,0.44,0.462,0.451,0.49,0.547,0.742,0.471,0.47,0.538,0.472,0.481,0.515,0.476,0.486,0.556
1.622,1.352,1.264,1.1,0.879,0.817,0.81,0.677,0.616,0.566,0.696,0.48,0.52,0.485,0.576,0.706,0.528,0.497,0.618,0.437,0.549,0.538,0.398,0.434,0.44,0.37,0.568,0.399,0.476,0.442,0.386,0.43,0.466,0.473,0.407,0.41,0.375,0.409,0.411,0.505,0.381,0.397,0.438,0.439,0.613,0.409,0.421,0.653,0.547,0.43,0.465,0.489,0.475,0.426,0.429,0.515,0.491,0.462,0.608,0.429,0.47,0.448,0.416,0.518,0.457,0.41,0.466,0.413,0.451,0.58,0.389,0.401,0.439,0.433,0.481,0.467,0.531,0.433,0.496,0.489,0.476,0.43,0.418,0.45,0.488,0.443,0.551,0.507,0.569,0.508,0.582,0.486,0.468,0.593,0.508,0.583,0.514,0.496,0.475,0.493
1.733,1.415,1.018,0.945,0.842,0.842,0.798,0.755,0.6,0.66,0.724,0.519,0.539,0.476,0.638,0.787,0.468,0.507,0.728,0.558,0.532,0.466,0.492,0.394,0.537,0.431,0.408,0.458,0.434,0.548,0.424,0.439,0.417,0.448,0.416,0.472,0.481,0.543,0.523,0.436,0.442,0.464,0.432,0.612,0.425,0.449,0.551,0.556,0.443,0.471,0.479,0.515,0.467,0.426,0.428,0.517,0.469,0.484,0.424,0.507,0.527,0.464,0.497,0.554,0.526,0.532,0.497,0.445,0.488,0.467,0.648,0.511,0.475,0.46,0.532,0.462,0.47,0.487,0.543,0.603,0.48,0.543,0.522,0.542,0.526,0.488,0.492,0.536,0.506,0.459,0.53,0.556,0.563,0.524,0.514,0.557,0.501,0.49,0.505,0.491

learning_rate
0.0003,0.0003,0.0003,0.0003,0.0003,0.0003,0.0003,0.0003,0.0003,0.0003,0.0003,0.0003,0.0003,0.0003,0.0003,0.0003,0.0003,0.0003,0.0003,0.0003,0.0003,0.0003,0.0003,0.0003,0.0003,0.0003,0.0003,0.0003,0.0003,0.0003,0.0003,0.0003,0.0003,0.0003,0.0003,0.0003,0.0003,0.0003,0.0003,0.0003,0.0003,0.0003,0.0003,0.0003,0.0003,0.0003,0.0003,0.0003,0.0003,0.0003,0.0003,0.0003,0.0003,0.0003,0.0003,0.0003,0.0003,0.0003,0.0003,0.0003,0.0003,0.0003,0.0003,0.0003,0.0003,0.0003,0.0003,0.0003,0.0003,0.0003,0.0003,0.0003,0.0003,0.0003,0.0003,0.0003,0.0003,0.0003,0.0003,0.0003,0.0003,0.0003,0.0003,0.0003,0.0003,0.0003,0.0003,0.0003,0.0003,0.0003,0.0003,0.0003,0.0003,0.0003,0.0003,0.0003,0.0003,0.0003,0.0003,0.0003
0.0003,0.0003,0.0003,0.0003,0.0003,0.0003,0.0003,0.0003,0.0003,0.0003,0.0003,0.0003,0.0003,0.0003,0.0003,0.0003,0.0003,0.0003,0.0003,0.0003,0.0003,0.0003,0.0003,0.0003,0.0003,0.0003,0.0003,0.0003,0.0003,0.0003,0.0003,0.0003,0.0003,0.0003,0.0003,0.0003,0.0003,0.0003,0.0003,0.0003,0.0003,0.0003,0.0003,0.0003,0.0003,0.0003,0.0003,0.0003,0.0003,0.0003,0.0003,0.0003,0.0003,0.0003,0.0003,0.0003,0.0003,0.0003,0.0003,0.0003,0.0003,0.0003,0.0003,0.0003,0.0003,0.0003,0.0003,0.0003,0.0003,0.0003,0.0003,0.0003,0.0003,0.0003,0.0003,0.0003,0.0003,0.0003,0.0003,0.0003,0.0003,0.0003,0.0003,0.0003,0.0003,0.0003,0.0003,0.0003,0.0003,0.0003,0.0003,0.0003,0.0003,0.0003,0.0003,0.0003,0.0003,0.0003,0.0003,0.0003
0.0003,0.0003,0.0003,0.0003,0.0003,0.0003,0.0003,0.0003,0.0003,0.0003,0.0003,0.0003,0.0003,0.0003,0.0003,0.0003,0.0003,0.0003,0.0003,0.0003,0.0003,0.0003,0.0003,0.0003,0.0003,0.0003,0.0003,0.0003,0.0003,0.0003,0.0003,0.0003,0.0003,0.0003,0.0003,0.0003,0.0003,0.0003,0.0003,0.0003,0.0003,0.0003,0.0003,0.0003,0.0003,0.0003,0.0003,0.0003,0.0003,0.0003,0.0003,0.0003,0.0003,0.0003,0.0003,0.0003,0.0003,0.0003,0.0003,0.0003,0.0003,0.0003,0.0003,0.0003,0.0003,0.0003,0.0003,0.0003,0.0003,0.0003,0.0003,0.0003,0.0003,0.0003,0.0003,0.0003,0.0003,0.0003,0.0003,0.0003,0.0003,0.0003,0.0003,0.0003,0.0003,0.0003,0.0003,0.0003,0.0003,0.0003,0.0003,0.0003,0.0003,0.0003,0.0003,0.0003,0.0003,0.0003,0.0003,0.0003

