parameters
rmsprop_lr:0.001
rmsprop_momentum:0
rmsprop_alpha:0.99
rmsprop_eps:1e-8
rmsprop_centered:False
rmsprop_weight_decay:0
architecture:vgg19bn_
dataset:cifar10
combine_datasets:False
do_validation_set:False
epochs:100
batch_size:128
test_set_split:0.1666667
validation_set_split:0.0
reduce_train_set:1
executions:3
base_seed:42
training_method:rmsprop
learning_method:constant

train_loss
2.044,1.636,1.356,1.072,0.9,0.783,0.709,0.639,0.582,0.54,0.495,0.458,0.431,0.405,0.379,0.362,0.337,0.319,0.301,0.281,0.267,0.254,0.239,0.228,0.216,0.202,0.199,0.186,0.175,0.168,0.16,0.153,0.148,0.141,0.138,0.128,0.115,0.116,0.112,0.107,0.104,0.097,0.096,0.092,0.086,0.086,0.084,0.079,0.078,0.076,0.075,0.07,0.067,0.069,0.063,0.064,0.063,0.062,0.056,0.058,0.053,0.056,0.051,0.055,0.049,0.048,0.049,0.048,0.044,0.046,0.045,0.042,0.045,0.043,0.043,0.042,0.039,0.041,0.04,0.036,0.039,0.037,0.037,0.036,0.036,0.035,0.034,0.032,0.031,0.032,0.031,0.032,0.033,0.029,0.03,0.032,0.031,0.031,0.03,0.027
2.107,1.647,1.37,1.087,0.934,0.822,0.744,0.667,0.602,0.55,0.5,0.468,0.441,0.41,0.385,0.362,0.341,0.318,0.296,0.282,0.271,0.258,0.238,0.228,0.213,0.201,0.195,0.185,0.174,0.166,0.155,0.148,0.143,0.134,0.13,0.124,0.114,0.11,0.108,0.105,0.101,0.094,0.094,0.086,0.087,0.082,0.08,0.078,0.073,0.072,0.068,0.068,0.064,0.063,0.059,0.063,0.057,0.059,0.056,0.052,0.053,0.05,0.05,0.051,0.047,0.046,0.048,0.046,0.045,0.046,0.042,0.043,0.039,0.04,0.04,0.041,0.038,0.035,0.036,0.039,0.036,0.035,0.034,0.034,0.035,0.035,0.032,0.032,0.031,0.032,0.029,0.033,0.029,0.03,0.029,0.03,0.028,0.029,0.029,0.027
2.071,1.723,1.435,1.195,0.987,0.84,0.752,0.677,0.617,0.567,0.523,0.484,0.452,0.425,0.398,0.373,0.356,0.331,0.311,0.294,0.276,0.265,0.248,0.236,0.22,0.21,0.201,0.187,0.181,0.169,0.161,0.155,0.146,0.14,0.136,0.125,0.121,0.115,0.109,0.108,0.105,0.099,0.094,0.09,0.085,0.086,0.083,0.079,0.075,0.074,0.069,0.069,0.064,0.066,0.063,0.061,0.058,0.06,0.056,0.055,0.054,0.052,0.05,0.051,0.048,0.047,0.051,0.044,0.045,0.044,0.044,0.043,0.042,0.04,0.039,0.041,0.04,0.036,0.039,0.037,0.036,0.034,0.037,0.035,0.036,0.034,0.032,0.033,0.034,0.032,0.029,0.032,0.03,0.03,0.03,0.029,0.028,0.029,0.03,0.027

train_acc1
19.856,35.176,49.328,61.718,68.226,72.58,75.458,78.288,80.294,81.764,83.27,84.436,85.632,86.538,87.372,88.046,88.708,89.348,89.802,90.616,91.178,91.602,91.922,92.396,92.792,93.306,93.42,93.716,94.01,94.452,94.682,94.884,95.068,95.16,95.482,95.616,96.23,96.12,96.302,96.468,96.534,96.744,96.746,96.982,97.1,97.196,97.184,97.346,97.392,97.454,97.492,97.722,97.79,97.744,97.866,97.856,97.93,97.9,98.22,98.11,98.232,98.156,98.292,98.252,98.372,98.426,98.432,98.492,98.568,98.448,98.486,98.55,98.58,98.608,98.676,98.6,98.65,98.708,98.762,98.852,98.788,98.806,98.818,98.854,98.822,98.864,98.912,98.952,99.004,98.914,98.974,98.964,98.974,99.094,98.998,98.982,98.982,99.038,99.024,99.098
16.558,33.226,46.788,60.402,66.308,70.92,74.214,77.414,79.67,81.524,83.264,84.198,85.288,86.474,87.21,87.95,88.738,89.404,89.976,90.52,91.222,91.32,92.01,92.376,92.968,93.264,93.492,93.81,94.206,94.434,94.924,95.04,95.228,95.562,95.76,95.796,96.156,96.312,96.464,96.566,96.69,96.868,96.896,97.104,97.072,97.234,97.358,97.46,97.502,97.586,97.73,97.722,97.816,97.924,98.046,97.88,98.11,98.062,98.144,98.332,98.212,98.344,98.3,98.326,98.416,98.482,98.472,98.474,98.51,98.534,98.654,98.612,98.716,98.732,98.714,98.664,98.762,98.81,98.802,98.79,98.836,98.928,98.902,98.904,98.834,98.864,98.986,98.934,98.99,99.012,99.058,98.944,99.064,99.016,99.062,99.044,99.056,99.08,99.09,99.186
18.222,32.344,45.18,56.206,64.75,70.478,73.894,76.994,79.146,80.852,82.486,83.858,84.91,85.846,86.758,87.612,88.206,88.896,89.594,90.264,90.91,91.118,91.62,91.962,92.596,92.914,93.342,93.714,93.872,94.316,94.568,94.706,95.02,95.324,95.36,95.706,95.858,96.134,96.282,96.416,96.412,96.658,96.794,97.026,97.08,97.104,97.238,97.37,97.434,97.476,97.652,97.626,97.836,97.744,97.856,97.894,98.08,97.996,98.182,98.18,98.198,98.278,98.308,98.296,98.422,98.416,98.372,98.486,98.518,98.546,98.582,98.54,98.654,98.62,98.684,98.62,98.718,98.8,98.754,98.726,98.814,98.89,98.802,98.802,98.868,98.892,98.954,98.944,98.882,98.912,99.034,98.936,99.002,99.008,99.06,99.082,99.068,99.02,99.066,99.174

val_acc1
25.29,31.86,55.09,57.34,64.63,70.58,62.66,75.54,79.16,72.91,80.44,80.09,80.17,83.3,74.67,71.88,84.02,84.99,82.59,85.18,84.66,86.54,85.94,87.1,85.81,88.05,85.17,87.18,87.66,84.31,87.47,88.09,89.2,88.44,89.29,89.38,85.89,88.41,88.39,88.96,89.07,89.62,88.35,89.18,86.77,88.78,88.92,87.79,89.36,89.27,89.98,89.2,88.16,89.38,89.64,90.22,89.91,89.09,89.48,88.74,89.25,89.37,89.7,89.95,90.38,90.33,89.23,89.85,90.5,90.02,89.46,90.16,89.48,89.83,89.64,89.67,89.65,90.11,89.91,89.72,89.43,90.31,90.39,89.57,90.65,90.64,90.22,90.27,89.93,90.14,90.57,89.15,90.35,90.25,90.1,90.52,90.6,90.76,90.16,89.84
23.29,36.1,49.75,57.53,64.68,70.36,63.72,77.19,76.56,76.09,75.83,79.12,80.69,84.84,84.04,69.69,83.68,83.53,83.31,86.39,81.18,86.84,86.7,87.3,86.76,87.26,85.28,85.11,87.14,86.71,88.67,88.91,88.34,88.18,87.87,88.75,88.5,88.21,85.37,87.17,89.18,89.4,89.07,89.29,89.57,88.01,87.73,89.52,88.99,88.98,88.84,86.8,88.98,89.7,89.63,89.31,88.72,89.29,89.25,89.64,89.4,88.82,90.07,89.03,89.06,89.63,89.29,89.86,90.41,90.37,88.38,90.07,89.62,89.69,89.83,89.54,89.52,89.93,90.36,90.04,90.1,89.97,90.22,90.31,90.41,90.08,90.03,90.69,89.78,90.22,89.99,89.9,90.39,90.18,89.35,90.73,90.22,90.79,90.35,89.81
19.2,25.93,50.3,44.59,58.23,70.79,66.57,71.33,77.78,75.82,73.27,80.54,81.51,81.18,80.97,76.88,82.36,81.5,79.74,83.16,78.83,84.39,85.54,87.76,83.71,87.74,87.39,85.72,86.41,85.73,88.64,87.7,88.45,87.16,88.54,88.59,88.06,87.4,89.4,89.58,88.83,89.69,89.05,89.5,89.38,89.15,89.04,89.33,89.55,87.85,89.69,87.44,89.62,89.14,88.8,89.11,90.3,89.92,89.61,89.61,89.96,89.75,90.17,89.94,88.15,89.91,89.69,89.7,89.26,90.03,89.95,89.07,88.54,90.22,90.47,89.03,89.91,88.53,89.77,89.18,90.36,90.12,90.57,86.0,89.88,89.62,90.38,89.48,89.94,90.74,89.77,90.0,90.62,90.36,90.74,89.66,90.44,90.77,89.83,90.48

val_loss
2.089,1.855,1.272,1.243,1.013,0.902,1.253,0.721,0.634,0.827,0.594,0.626,0.641,0.534,0.842,0.931,0.511,0.478,0.601,0.508,0.489,0.424,0.492,0.416,0.48,0.387,0.514,0.435,0.424,0.588,0.422,0.439,0.373,0.42,0.386,0.383,0.553,0.44,0.447,0.441,0.405,0.405,0.496,0.448,0.573,0.434,0.467,0.515,0.421,0.441,0.399,0.474,0.546,0.437,0.438,0.417,0.48,0.477,0.497,0.485,0.454,0.466,0.457,0.453,0.409,0.435,0.481,0.439,0.432,0.474,0.534,0.464,0.501,0.519,0.513,0.536,0.532,0.459,0.473,0.532,0.525,0.482,0.461,0.495,0.442,0.466,0.469,0.478,0.543,0.531,0.5,0.587,0.463,0.493,0.465,0.475,0.488,0.489,0.518,0.572
1.857,1.597,1.414,1.265,1.002,0.846,1.128,0.675,0.702,0.733,0.755,0.69,0.579,0.479,0.502,1.115,0.517,0.53,0.54,0.436,0.637,0.423,0.44,0.425,0.455,0.416,0.538,0.525,0.456,0.479,0.407,0.395,0.428,0.417,0.467,0.453,0.439,0.458,0.543,0.529,0.415,0.413,0.42,0.463,0.453,0.506,0.543,0.458,0.455,0.475,0.501,0.658,0.486,0.434,0.531,0.489,0.506,0.474,0.495,0.483,0.507,0.515,0.438,0.492,0.55,0.495,0.517,0.481,0.475,0.474,0.564,0.48,0.551,0.546,0.5,0.524,0.52,0.52,0.484,0.473,0.499,0.519,0.561,0.49,0.453,0.522,0.552,0.494,0.503,0.515,0.579,0.547,0.503,0.521,0.588,0.494,0.528,0.516,0.524,0.586
1.986,2.038,1.385,1.604,1.295,0.857,1.027,0.898,0.69,0.746,0.831,0.597,0.592,0.61,0.647,0.79,0.545,0.594,0.698,0.608,0.737,0.514,0.47,0.406,0.567,0.418,0.425,0.498,0.491,0.489,0.407,0.467,0.424,0.504,0.41,0.396,0.469,0.521,0.407,0.418,0.458,0.406,0.418,0.445,0.463,0.438,0.461,0.439,0.426,0.558,0.482,0.567,0.461,0.439,0.526,0.541,0.431,0.452,0.494,0.448,0.428,0.495,0.448,0.448,0.698,0.458,0.467,0.497,0.526,0.508,0.52,0.582,0.657,0.524,0.484,0.569,0.463,0.617,0.53,0.555,0.471,0.499,0.445,0.802,0.517,0.453,0.474,0.585,0.498,0.461,0.548,0.506,0.453,0.495,0.46,0.55,0.53,0.485,0.563,0.484

learning_rate
0.001,0.001,0.001,0.001,0.001,0.001,0.001,0.001,0.001,0.001,0.001,0.001,0.001,0.001,0.001,0.001,0.001,0.001,0.001,0.001,0.001,0.001,0.001,0.001,0.001,0.001,0.001,0.001,0.001,0.001,0.001,0.001,0.001,0.001,0.001,0.001,0.001,0.001,0.001,0.001,0.001,0.001,0.001,0.001,0.001,0.001,0.001,0.001,0.001,0.001,0.001,0.001,0.001,0.001,0.001,0.001,0.001,0.001,0.001,0.001,0.001,0.001,0.001,0.001,0.001,0.001,0.001,0.001,0.001,0.001,0.001,0.001,0.001,0.001,0.001,0.001,0.001,0.001,0.001,0.001,0.001,0.001,0.001,0.001,0.001,0.001,0.001,0.001,0.001,0.001,0.001,0.001,0.001,0.001,0.001,0.001,0.001,0.001,0.001,0.001
0.001,0.001,0.001,0.001,0.001,0.001,0.001,0.001,0.001,0.001,0.001,0.001,0.001,0.001,0.001,0.001,0.001,0.001,0.001,0.001,0.001,0.001,0.001,0.001,0.001,0.001,0.001,0.001,0.001,0.001,0.001,0.001,0.001,0.001,0.001,0.001,0.001,0.001,0.001,0.001,0.001,0.001,0.001,0.001,0.001,0.001,0.001,0.001,0.001,0.001,0.001,0.001,0.001,0.001,0.001,0.001,0.001,0.001,0.001,0.001,0.001,0.001,0.001,0.001,0.001,0.001,0.001,0.001,0.001,0.001,0.001,0.001,0.001,0.001,0.001,0.001,0.001,0.001,0.001,0.001,0.001,0.001,0.001,0.001,0.001,0.001,0.001,0.001,0.001,0.001,0.001,0.001,0.001,0.001,0.001,0.001,0.001,0.001,0.001,0.001
0.001,0.001,0.001,0.001,0.001,0.001,0.001,0.001,0.001,0.001,0.001,0.001,0.001,0.001,0.001,0.001,0.001,0.001,0.001,0.001,0.001,0.001,0.001,0.001,0.001,0.001,0.001,0.001,0.001,0.001,0.001,0.001,0.001,0.001,0.001,0.001,0.001,0.001,0.001,0.001,0.001,0.001,0.001,0.001,0.001,0.001,0.001,0.001,0.001,0.001,0.001,0.001,0.001,0.001,0.001,0.001,0.001,0.001,0.001,0.001,0.001,0.001,0.001,0.001,0.001,0.001,0.001,0.001,0.001,0.001,0.001,0.001,0.001,0.001,0.001,0.001,0.001,0.001,0.001,0.001,0.001,0.001,0.001,0.001,0.001,0.001,0.001,0.001,0.001,0.001,0.001,0.001,0.001,0.001,0.001,0.001,0.001,0.001,0.001,0.001

