parameters
rmsprop_lr:0.0005
rmsprop_momentum:0
rmsprop_alpha:0.99
rmsprop_eps:1e-8
rmsprop_centered:True
rmsprop_weight_decay:0
architecture:vgg19bn_
dataset:cifar10
combine_datasets:False
do_validation_set:False
epochs:100
batch_size:128
test_set_split:0.1666667
validation_set_split:0.0
reduce_train_set:1
executions:3
base_seed:42
training_method:rmsprop
learning_method:constant

train_loss
1.903,1.502,1.213,0.969,0.831,0.727,0.661,0.597,0.549,0.501,0.463,0.431,0.406,0.38,0.356,0.335,0.32,0.301,0.282,0.268,0.254,0.242,0.225,0.218,0.201,0.194,0.187,0.177,0.168,0.157,0.151,0.143,0.137,0.133,0.13,0.123,0.116,0.113,0.109,0.103,0.102,0.096,0.093,0.087,0.086,0.088,0.082,0.077,0.076,0.073,0.071,0.069,0.062,0.067,0.063,0.062,0.059,0.061,0.054,0.056,0.055,0.055,0.051,0.049,0.05,0.05,0.048,0.047,0.045,0.045,0.042,0.042,0.043,0.042,0.04,0.039,0.039,0.038,0.039,0.036,0.036,0.037,0.036,0.036,0.034,0.033,0.033,0.032,0.032,0.033,0.031,0.032,0.029,0.032,0.03,0.028,0.029,0.027,0.031,0.027
1.936,1.503,1.212,0.997,0.874,0.778,0.705,0.638,0.583,0.537,0.497,0.46,0.437,0.405,0.383,0.364,0.34,0.322,0.305,0.289,0.273,0.261,0.244,0.235,0.223,0.207,0.2,0.195,0.178,0.174,0.163,0.158,0.152,0.146,0.14,0.134,0.126,0.121,0.117,0.113,0.106,0.103,0.101,0.096,0.092,0.089,0.089,0.086,0.078,0.079,0.077,0.074,0.071,0.067,0.067,0.065,0.062,0.064,0.059,0.057,0.055,0.055,0.054,0.058,0.051,0.051,0.05,0.05,0.05,0.046,0.045,0.045,0.043,0.044,0.041,0.043,0.042,0.039,0.037,0.04,0.039,0.037,0.036,0.037,0.036,0.039,0.034,0.033,0.034,0.032,0.032,0.031,0.032,0.03,0.032,0.03,0.029,0.03,0.029,0.029
1.965,1.556,1.278,1.024,0.881,0.78,0.702,0.632,0.577,0.534,0.492,0.463,0.435,0.408,0.381,0.363,0.347,0.327,0.304,0.285,0.272,0.265,0.25,0.237,0.223,0.212,0.207,0.194,0.184,0.178,0.169,0.156,0.154,0.148,0.141,0.132,0.125,0.123,0.119,0.114,0.111,0.103,0.101,0.098,0.097,0.092,0.089,0.085,0.081,0.081,0.077,0.075,0.072,0.068,0.069,0.065,0.063,0.064,0.063,0.059,0.057,0.055,0.055,0.054,0.053,0.05,0.051,0.048,0.047,0.048,0.045,0.044,0.043,0.043,0.044,0.042,0.038,0.04,0.038,0.041,0.039,0.038,0.037,0.036,0.035,0.035,0.033,0.031,0.033,0.031,0.031,0.032,0.029,0.031,0.032,0.029,0.031,0.028,0.029,0.029

train_acc1
24.396,40.46,55.628,65.666,70.738,74.6,77.368,79.6,81.282,83.12,84.342,85.524,86.398,87.2,88.086,88.754,89.266,89.854,90.558,91.038,91.55,91.916,92.464,92.62,93.294,93.472,93.804,94.118,94.332,94.698,94.966,95.076,95.468,95.628,95.548,95.87,96.078,96.174,96.414,96.416,96.666,96.81,96.866,97.148,97.088,97.094,97.324,97.436,97.482,97.538,97.688,97.71,97.974,97.684,97.87,97.934,98.086,97.984,98.176,98.096,98.23,98.186,98.366,98.32,98.382,98.41,98.492,98.484,98.502,98.592,98.596,98.634,98.566,98.626,98.642,98.708,98.686,98.744,98.772,98.764,98.836,98.802,98.82,98.844,98.872,98.922,98.92,98.924,98.952,98.928,98.968,99.02,99.038,98.96,99.016,99.1,99.056,99.174,99.006,99.164
23.242,41.244,55.672,64.636,69.074,72.746,75.678,78.134,80.252,81.916,83.358,84.454,85.432,86.278,87.296,87.78,88.598,89.22,89.758,90.436,91.124,91.274,91.748,92.116,92.516,93.08,93.182,93.484,93.86,94.082,94.544,94.642,94.84,95.066,95.268,95.528,95.786,95.992,96.032,96.142,96.426,96.626,96.636,96.78,96.912,97.034,96.986,97.068,97.416,97.298,97.43,97.57,97.616,97.73,97.71,97.83,97.93,97.856,98.098,98.088,98.16,98.22,98.208,98.13,98.356,98.308,98.318,98.344,98.394,98.444,98.53,98.534,98.658,98.55,98.68,98.584,98.64,98.746,98.786,98.694,98.72,98.852,98.89,98.786,98.794,98.886,98.904,98.928,98.918,98.908,98.942,98.998,98.952,98.96,98.944,98.97,99.088,99.046,99.042,99.036
21.87,38.328,51.97,62.792,68.676,72.482,75.824,78.512,80.54,82.126,83.428,84.65,85.6,86.332,87.362,87.94,88.57,89.096,89.836,90.424,90.968,91.294,91.646,92.106,92.602,92.826,93.202,93.518,93.896,93.986,94.312,94.778,94.832,94.98,95.202,95.57,95.77,95.846,96.05,96.142,96.342,96.492,96.656,96.62,96.808,96.854,97.134,97.15,97.368,97.312,97.516,97.46,97.63,97.716,97.71,97.756,97.83,97.84,97.916,97.996,98.09,98.176,98.19,98.22,98.28,98.394,98.302,98.44,98.492,98.438,98.46,98.574,98.582,98.61,98.528,98.594,98.768,98.68,98.694,98.706,98.77,98.774,98.8,98.792,98.844,98.86,98.876,98.916,98.924,98.966,99.04,98.954,98.982,99.028,98.93,99.054,98.97,99.14,99.038,99.066

val_acc1
16.99,45.94,57.68,57.88,69.67,73.08,70.95,76.29,78.75,73.55,81.0,81.79,82.05,83.89,80.55,70.97,85.24,84.19,82.21,83.6,85.05,85.78,87.86,87.58,87.06,88.79,86.9,86.34,87.74,86.74,88.29,88.58,88.91,89.0,88.31,88.58,89.01,89.48,86.95,89.15,87.4,89.56,88.6,90.1,88.4,88.3,88.92,87.85,89.32,89.66,88.53,89.51,86.34,89.94,90.31,90.24,90.52,89.39,89.01,90.19,89.84,89.82,90.18,90.42,89.52,89.86,90.5,89.04,90.72,90.47,89.2,90.58,90.45,90.55,90.8,90.46,90.41,89.87,90.58,89.74,89.57,87.94,90.72,90.26,90.23,90.13,90.29,90.28,90.01,89.89,90.69,90.28,90.32,90.2,90.72,90.28,90.1,90.74,91.06,90.37
30.93,44.07,60.14,56.41,67.35,72.84,70.84,76.07,78.93,78.94,81.36,82.22,81.52,84.34,82.01,74.37,84.9,83.63,81.21,85.79,81.66,87.4,86.82,87.51,86.94,88.18,85.18,85.64,86.38,88.43,87.84,87.94,88.65,87.22,88.43,88.39,88.35,88.74,78.12,88.64,86.93,89.46,88.56,89.0,88.35,86.84,89.15,86.92,88.76,88.53,89.9,87.27,89.46,89.08,88.91,89.37,87.36,88.78,88.4,90.24,89.67,90.23,89.23,88.0,89.31,89.81,90.27,89.7,89.53,89.61,90.38,89.71,90.24,90.54,90.12,88.98,90.04,90.83,90.3,90.55,90.03,90.34,90.74,89.65,90.2,89.9,89.95,89.71,90.33,90.54,90.66,90.75,90.75,91.11,90.34,90.92,90.23,90.28,90.64,90.88
31.54,32.35,60.32,52.72,61.5,71.41,72.92,75.21,79.1,77.87,78.18,82.56,81.8,82.48,78.17,74.84,85.19,79.65,81.91,84.4,86.0,86.73,86.49,87.18,86.56,86.85,87.21,87.75,87.8,87.31,88.29,86.98,88.23,88.2,88.4,88.49,89.14,86.95,89.13,87.79,88.2,88.49,89.37,88.29,86.07,89.3,88.91,89.16,89.37,89.44,89.62,89.64,89.41,88.56,89.36,89.69,88.31,87.73,85.89,89.94,89.71,88.26,89.57,89.41,90.22,90.15,88.48,89.29,88.95,89.66,90.37,89.79,89.64,89.09,89.56,89.84,89.83,89.24,88.63,90.03,90.28,90.7,90.54,89.98,89.44,90.5,89.06,90.03,89.02,88.98,90.05,90.29,89.69,90.43,90.49,90.41,90.19,90.39,90.58,90.5

val_loss
3.258,1.483,1.211,1.286,0.859,0.769,0.857,0.734,0.649,0.81,0.58,0.573,0.572,0.5,0.618,1.148,0.477,0.515,0.603,0.52,0.485,0.465,0.39,0.403,0.442,0.372,0.467,0.485,0.429,0.463,0.414,0.421,0.389,0.398,0.427,0.416,0.46,0.401,0.535,0.395,0.518,0.401,0.458,0.415,0.489,0.493,0.474,0.526,0.433,0.455,0.492,0.491,0.668,0.423,0.432,0.427,0.424,0.454,0.502,0.417,0.498,0.469,0.458,0.446,0.506,0.495,0.441,0.548,0.436,0.452,0.5,0.43,0.488,0.434,0.458,0.489,0.472,0.487,0.454,0.531,0.607,0.686,0.466,0.486,0.491,0.504,0.504,0.508,0.513,0.518,0.498,0.498,0.483,0.518,0.463,0.458,0.662,0.47,0.442,0.499
1.754,1.563,1.138,1.399,0.921,0.796,0.895,0.73,0.634,0.618,0.569,0.544,0.561,0.485,0.565,0.884,0.478,0.508,0.647,0.456,0.616,0.407,0.428,0.402,0.458,0.376,0.535,0.501,0.507,0.39,0.406,0.421,0.402,0.453,0.412,0.427,0.445,0.415,1.109,0.452,0.513,0.413,0.477,0.44,0.479,0.539,0.443,0.552,0.464,0.517,0.401,0.59,0.459,0.48,0.502,0.468,0.634,0.493,0.571,0.465,0.489,0.451,0.5,0.576,0.542,0.481,0.482,0.485,0.484,0.471,0.434,0.475,0.467,0.434,0.506,0.543,0.45,0.425,0.501,0.453,0.492,0.487,0.47,0.481,0.517,0.468,0.531,0.497,0.484,0.475,0.541,0.494,0.535,0.475,0.534,0.472,0.526,0.529,0.494,0.472
1.69,1.921,1.105,1.458,1.159,0.86,0.841,0.771,0.632,0.701,0.703,0.552,0.565,0.552,0.709,0.924,0.45,0.671,0.616,0.51,0.457,0.446,0.439,0.414,0.464,0.416,0.429,0.44,0.446,0.446,0.405,0.475,0.41,0.415,0.438,0.409,0.414,0.505,0.408,0.469,0.434,0.44,0.406,0.485,0.592,0.438,0.446,0.468,0.449,0.463,0.427,0.457,0.453,0.523,0.476,0.464,0.567,0.541,0.737,0.474,0.467,0.575,0.482,0.476,0.461,0.465,0.565,0.513,0.568,0.492,0.463,0.506,0.534,0.567,0.498,0.496,0.496,0.53,0.632,0.499,0.482,0.476,0.526,0.476,0.606,0.507,0.571,0.556,0.697,0.569,0.543,0.53,0.648,0.516,0.451,0.522,0.494,0.526,0.524,0.5

learning_rate
0.0005,0.0005,0.0005,0.0005,0.0005,0.0005,0.0005,0.0005,0.0005,0.0005,0.0005,0.0005,0.0005,0.0005,0.0005,0.0005,0.0005,0.0005,0.0005,0.0005,0.0005,0.0005,0.0005,0.0005,0.0005,0.0005,0.0005,0.0005,0.0005,0.0005,0.0005,0.0005,0.0005,0.0005,0.0005,0.0005,0.0005,0.0005,0.0005,0.0005,0.0005,0.0005,0.0005,0.0005,0.0005,0.0005,0.0005,0.0005,0.0005,0.0005,0.0005,0.0005,0.0005,0.0005,0.0005,0.0005,0.0005,0.0005,0.0005,0.0005,0.0005,0.0005,0.0005,0.0005,0.0005,0.0005,0.0005,0.0005,0.0005,0.0005,0.0005,0.0005,0.0005,0.0005,0.0005,0.0005,0.0005,0.0005,0.0005,0.0005,0.0005,0.0005,0.0005,0.0005,0.0005,0.0005,0.0005,0.0005,0.0005,0.0005,0.0005,0.0005,0.0005,0.0005,0.0005,0.0005,0.0005,0.0005,0.0005,0.0005
0.0005,0.0005,0.0005,0.0005,0.0005,0.0005,0.0005,0.0005,0.0005,0.0005,0.0005,0.0005,0.0005,0.0005,0.0005,0.0005,0.0005,0.0005,0.0005,0.0005,0.0005,0.0005,0.0005,0.0005,0.0005,0.0005,0.0005,0.0005,0.0005,0.0005,0.0005,0.0005,0.0005,0.0005,0.0005,0.0005,0.0005,0.0005,0.0005,0.0005,0.0005,0.0005,0.0005,0.0005,0.0005,0.0005,0.0005,0.0005,0.0005,0.0005,0.0005,0.0005,0.0005,0.0005,0.0005,0.0005,0.0005,0.0005,0.0005,0.0005,0.0005,0.0005,0.0005,0.0005,0.0005,0.0005,0.0005,0.0005,0.0005,0.0005,0.0005,0.0005,0.0005,0.0005,0.0005,0.0005,0.0005,0.0005,0.0005,0.0005,0.0005,0.0005,0.0005,0.0005,0.0005,0.0005,0.0005,0.0005,0.0005,0.0005,0.0005,0.0005,0.0005,0.0005,0.0005,0.0005,0.0005,0.0005,0.0005,0.0005
0.0005,0.0005,0.0005,0.0005,0.0005,0.0005,0.0005,0.0005,0.0005,0.0005,0.0005,0.0005,0.0005,0.0005,0.0005,0.0005,0.0005,0.0005,0.0005,0.0005,0.0005,0.0005,0.0005,0.0005,0.0005,0.0005,0.0005,0.0005,0.0005,0.0005,0.0005,0.0005,0.0005,0.0005,0.0005,0.0005,0.0005,0.0005,0.0005,0.0005,0.0005,0.0005,0.0005,0.0005,0.0005,0.0005,0.0005,0.0005,0.0005,0.0005,0.0005,0.0005,0.0005,0.0005,0.0005,0.0005,0.0005,0.0005,0.0005,0.0005,0.0005,0.0005,0.0005,0.0005,0.0005,0.0005,0.0005,0.0005,0.0005,0.0005,0.0005,0.0005,0.0005,0.0005,0.0005,0.0005,0.0005,0.0005,0.0005,0.0005,0.0005,0.0005,0.0005,0.0005,0.0005,0.0005,0.0005,0.0005,0.0005,0.0005,0.0005,0.0005,0.0005,0.0005,0.0005,0.0005,0.0005,0.0005,0.0005,0.0005

