parameters
tas_alpha:300
tas_beta:0.05
tas_gamma:0.02
sgd_lr:0.05
sgd_momentum:0.9
sgd_weight_decay:0
sgd_dampening:0
sgd_nesterov:False
architecture:vgg19bn_
dataset:cifar10
combine_datasets:False
do_validation_set:False
epochs:30
batch_size:128
test_set_split:0.1666667
validation_set_split:0.0
reduce_train_set:1
executions:2
base_seed:1230
training_method:sgd
learning_method:tas

train_loss
2.174,1.685,1.631,1.608,1.577,1.545,1.507,1.464,1.425,1.384,1.335,1.286,1.244,1.2,1.153,1.112,1.071,1.032,0.995,0.961,0.935,0.898,0.874,0.844,0.818,0.794,0.767,0.75,0.723,0.707
2.108,1.687,1.598,1.543,1.485,1.417,1.351,1.291,1.239,1.179,1.131,1.085,1.038,0.994,0.951,0.914,0.876,0.837,0.799,0.775,0.743,0.715,0.689,0.667,0.635,0.616,0.599,0.579,0.552,0.543

train_acc1
21.378,36.062,37.654,38.392,39.904,41.276,42.88,44.902,46.696,48.476,50.546,52.788,54.538,56.268,58.136,59.752,61.514,62.806,64.244,65.456,66.43,67.746,68.776,69.89,70.884,71.698,72.572,73.138,74.138,75.004
21.668,34.828,38.224,40.614,43.464,46.742,49.574,52.454,54.468,57.304,59.026,60.786,62.574,64.576,66.042,67.322,68.708,70.282,71.54,72.57,73.728,74.802,75.824,76.316,77.75,78.308,78.956,79.86,80.67,80.902

val_acc1
33.1,38.04,39.07,40.37,41.16,42.82,44.46,46.77,48.2,49.71,51.34,53.86,55.95,56.72,59.78,60.65,61.35,59.91,64.23,63.96,65.58,68.18,69.26,68.27,67.9,70.82,69.98,70.27,72.29,72.71
29.52,37.28,40.02,43.33,44.78,49.84,50.58,55.19,56.93,58.85,60.81,61.74,63.37,65.73,67.35,67.38,68.04,69.68,72.03,71.73,73.48,74.63,74.81,75.59,75.34,74.17,75.27,77.12,76.83,78.26

val_loss
1.821,1.623,1.603,1.549,1.534,1.505,1.46,1.407,1.398,1.343,1.311,1.264,1.213,1.185,1.12,1.106,1.079,1.107,1.005,1.039,0.969,0.913,0.857,0.893,0.931,0.82,0.864,0.86,0.789,0.776
1.966,1.607,1.561,1.471,1.441,1.346,1.346,1.221,1.182,1.124,1.093,1.087,1.021,0.968,0.919,0.919,0.891,0.86,0.813,0.805,0.755,0.743,0.723,0.709,0.723,0.727,0.767,0.66,0.688,0.631

learning_rate
0.049672,0.001328,0.001,0.001,0.001,0.001,0.001,0.001,0.001,0.001,0.001,0.001,0.001,0.001,0.001,0.001,0.001,0.001,0.001,0.001,0.001,0.001,0.001,0.001,0.001,0.001,0.001,0.001,0.001,0.001
0.049672,0.001328,0.001,0.001,0.001,0.001,0.001,0.001,0.001,0.001,0.001,0.001,0.001,0.001,0.001,0.001,0.001,0.001,0.001,0.001,0.001,0.001,0.001,0.001,0.001,0.001,0.001,0.001,0.001,0.001

