parameters
tas_alpha:300
tas_beta:0.9
tas_gamma:0.0025
sgd_lr:0.05
sgd_momentum:0.9
sgd_weight_decay:0
sgd_dampening:0
sgd_nesterov:False
architecture:vgg19bn_
dataset:cifar10
combine_datasets:False
do_validation_set:False
epochs:30
batch_size:128
test_set_split:0.1666667
validation_set_split:0.0
reduce_train_set:1
executions:2
base_seed:1230
training_method:sgd
learning_method:tas

train_loss
2.261,1.794,1.47,1.132,0.881,0.743,0.641,0.571,0.522,0.475,0.435,0.402,0.377,0.349,0.319,0.303,0.282,0.264,0.244,0.235,0.216,0.205,0.195,0.181,0.17,0.162,0.108,0.082,0.076,0.074
2.096,1.568,1.162,0.896,0.756,0.65,0.572,0.518,0.47,0.437,0.398,0.374,0.343,0.316,0.294,0.28,0.257,0.242,0.228,0.213,0.195,0.191,0.178,0.167,0.157,0.148,0.097,0.073,0.068,0.067

train_acc1
16.434,29.95,45.016,59.884,69.264,74.704,78.098,80.574,82.356,84.036,85.35,86.372,87.356,88.16,89.26,89.72,90.36,91.02,91.808,92.028,92.624,92.902,93.306,93.898,94.142,94.498,96.32,97.238,97.472,97.538
21.926,41.59,58.738,68.782,74.032,77.942,80.516,82.312,84.172,85.298,86.526,87.404,88.356,89.296,90.112,90.448,91.216,91.73,92.132,92.768,93.35,93.498,93.876,94.356,94.63,94.988,96.734,97.624,97.708,97.828

val_acc1
23.73,36.71,52.74,60.87,70.66,74.22,78.58,79.72,82.24,81.69,82.82,84.69,83.28,85.73,84.06,86.54,85.96,86.42,86.73,87.31,87.44,86.18,87.13,88.32,88.49,89.19,90.17,90.46,90.53,90.58
30.88,49.33,61.08,71.56,75.48,77.59,78.34,79.88,81.01,82.55,83.12,84.82,82.97,86.48,85.42,85.96,86.41,88.42,87.29,86.85,86.24,84.91,87.88,87.04,88.31,89.07,90.31,90.62,90.81,90.81

val_loss
1.901,1.744,1.317,1.183,0.869,0.777,0.632,0.597,0.533,0.57,0.515,0.447,0.529,0.441,0.506,0.413,0.454,0.418,0.423,0.399,0.399,0.457,0.406,0.376,0.373,0.347,0.355,0.341,0.347,0.336
2.46,1.42,1.121,0.817,0.732,0.661,0.645,0.594,0.581,0.547,0.505,0.437,0.505,0.413,0.438,0.426,0.431,0.356,0.402,0.418,0.459,0.518,0.394,0.431,0.387,0.352,0.339,0.326,0.324,0.315

learning_rate
0.05,0.05,0.05,0.05,0.05,0.05,0.05,0.05,0.05,0.05,0.05,0.05,0.05,0.05,0.05,0.05,0.05,0.05,0.05,0.05,0.05,0.05,0.05,0.05,0.05,0.049998,0.025062,0.000127,0.000125,0.000125
0.05,0.05,0.05,0.05,0.05,0.05,0.05,0.05,0.05,0.05,0.05,0.05,0.05,0.05,0.05,0.05,0.05,0.05,0.05,0.05,0.05,0.05,0.05,0.05,0.05,0.049998,0.025062,0.000127,0.000125,0.000125

