parameters
tas_alpha:300
tas_beta:0.05
tas_gamma:0.0025
sgd_lr:0.05
sgd_momentum:0.9
sgd_weight_decay:0
sgd_dampening:0
sgd_nesterov:False
architecture:vgg19bn_
dataset:cifar10
combine_datasets:False
do_validation_set:False
epochs:30
batch_size:128
test_set_split:0.1666667
validation_set_split:0.0
reduce_train_set:1
executions:2
base_seed:1230
training_method:sgd
learning_method:tas

train_loss
2.307,1.859,1.833,1.829,1.822,1.816,1.813,1.806,1.806,1.799,1.796,1.792,1.786,1.784,1.776,1.774,1.766,1.763,1.758,1.751,1.744,1.738,1.73,1.722,1.714,1.702,1.688,1.675,1.661,1.647
2.163,1.752,1.716,1.704,1.696,1.686,1.677,1.67,1.666,1.658,1.652,1.647,1.64,1.637,1.628,1.622,1.614,1.609,1.599,1.593,1.586,1.58,1.57,1.562,1.553,1.544,1.534,1.525,1.514,1.501

train_acc1
16.138,26.852,28.324,28.258,28.488,28.914,29.014,29.276,29.266,29.73,30.112,29.886,30.51,30.322,30.616,30.682,31.302,31.328,31.44,32.11,32.072,32.174,32.924,33.35,33.562,34.042,34.6,35.368,35.874,36.26
19.448,32.132,33.724,34.182,34.552,34.826,35.282,35.392,35.626,35.792,36.116,36.46,36.968,37.046,37.478,37.654,38.162,38.51,38.758,39.038,39.22,39.568,40.108,40.36,40.686,41.08,41.34,41.96,42.526,43.036

val_acc1
25.63,28.51,29.04,29.27,29.45,29.46,29.82,29.97,30.25,30.36,30.7,30.87,30.96,31.4,31.65,31.84,31.69,32.29,32.28,32.17,32.85,33.86,34.07,33.89,34.88,35.14,35.4,36.03,36.74,36.58
29.55,35.61,35.9,36.2,36.74,37.1,36.96,37.25,37.56,37.88,38.01,38.15,38.74,38.84,39.15,39.24,39.25,39.44,39.86,39.99,40.25,40.99,41.17,41.06,41.87,41.89,42.57,42.9,43.43,43.92

val_loss
1.876,1.821,1.818,1.796,1.797,1.793,1.787,1.777,1.782,1.769,1.763,1.766,1.759,1.747,1.744,1.741,1.741,1.725,1.727,1.728,1.714,1.701,1.694,1.697,1.669,1.665,1.647,1.65,1.632,1.635
1.791,1.687,1.679,1.665,1.657,1.644,1.645,1.622,1.626,1.611,1.615,1.603,1.596,1.59,1.592,1.584,1.581,1.573,1.564,1.555,1.548,1.538,1.523,1.534,1.515,1.521,1.497,1.49,1.476,1.466

learning_rate
0.049666,0.000459,0.000125,0.000125,0.000125,0.000125,0.000125,0.000125,0.000125,0.000125,0.000125,0.000125,0.000125,0.000125,0.000125,0.000125,0.000125,0.000125,0.000125,0.000125,0.000125,0.000125,0.000125,0.000125,0.000125,0.000125,0.000125,0.000125,0.000125,0.000125
0.049666,0.000459,0.000125,0.000125,0.000125,0.000125,0.000125,0.000125,0.000125,0.000125,0.000125,0.000125,0.000125,0.000125,0.000125,0.000125,0.000125,0.000125,0.000125,0.000125,0.000125,0.000125,0.000125,0.000125,0.000125,0.000125,0.000125,0.000125,0.000125,0.000125

