parameters
tas_alpha:50
tas_beta:0.7
tas_gamma:1e-3
sgd_lr:0.05
sgd_momentum:0.9
sgd_weight_decay:0
sgd_dampening:0
sgd_nesterov:False
architecture:vgg19bn_
dataset:cifar10
combine_datasets:False
do_validation_set:False
epochs:100
batch_size:128
test_set_split:0.1666667
validation_set_split:0.0
reduce_train_set:1
executions:3
base_seed:42
training_method:sgd
learning_method:tas

train_loss
2.434,1.944,1.71,1.444,1.163,0.961,0.826,0.708,0.626,0.571,0.516,0.48,0.443,0.408,0.38,0.355,0.332,0.313,0.289,0.266,0.255,0.243,0.223,0.213,0.201,0.185,0.178,0.17,0.156,0.149,0.139,0.131,0.126,0.122,0.117,0.111,0.105,0.098,0.096,0.091,0.086,0.082,0.078,0.073,0.077,0.068,0.062,0.066,0.061,0.056,0.056,0.05,0.049,0.051,0.047,0.048,0.045,0.044,0.042,0.036,0.038,0.037,0.036,0.032,0.031,0.028,0.023,0.019,0.016,0.011,0.008,0.005,0.005,0.004,0.004,0.003,0.003,0.003,0.003,0.003,0.003,0.002,0.003,0.003,0.002,0.003,0.003,0.002,0.003,0.003,0.003,0.002,0.003,0.003,0.003,0.003,0.003,0.003,0.003,0.003
2.422,1.951,1.757,1.55,1.303,1.045,0.871,0.748,0.662,0.604,0.544,0.502,0.461,0.427,0.397,0.369,0.345,0.32,0.302,0.282,0.263,0.25,0.233,0.221,0.21,0.194,0.186,0.175,0.167,0.159,0.148,0.139,0.132,0.128,0.122,0.116,0.105,0.1,0.101,0.095,0.087,0.084,0.08,0.075,0.075,0.073,0.067,0.067,0.062,0.061,0.058,0.056,0.052,0.051,0.048,0.048,0.044,0.043,0.046,0.041,0.039,0.035,0.038,0.033,0.032,0.03,0.023,0.02,0.015,0.011,0.009,0.006,0.006,0.004,0.003,0.003,0.003,0.004,0.004,0.003,0.003,0.003,0.002,0.003,0.003,0.003,0.003,0.003,0.003,0.003,0.002,0.003,0.002,0.003,0.003,0.003,0.003,0.003,0.003,0.003
2.48,1.923,1.703,1.479,1.211,0.981,0.836,0.731,0.658,0.596,0.545,0.505,0.468,0.44,0.411,0.381,0.365,0.333,0.312,0.291,0.278,0.26,0.245,0.236,0.219,0.203,0.196,0.183,0.176,0.17,0.158,0.149,0.141,0.138,0.128,0.121,0.115,0.108,0.103,0.098,0.098,0.089,0.084,0.085,0.077,0.078,0.069,0.075,0.066,0.063,0.057,0.061,0.055,0.058,0.053,0.053,0.047,0.049,0.043,0.042,0.042,0.037,0.039,0.037,0.033,0.03,0.027,0.021,0.017,0.012,0.009,0.007,0.005,0.004,0.004,0.004,0.004,0.004,0.003,0.004,0.003,0.004,0.003,0.004,0.003,0.003,0.004,0.003,0.003,0.003,0.002,0.003,0.003,0.003,0.003,0.003,0.003,0.003,0.004,0.004

train_acc1
15.838,24.474,33.766,45.948,57.98,66.268,71.692,76.036,79.028,81.036,82.914,83.966,85.242,86.426,87.43,88.152,89.098,89.464,90.2,90.942,91.51,91.944,92.446,92.748,93.28,93.75,94.076,94.184,94.768,94.908,95.292,95.572,95.708,95.918,96.036,96.222,96.356,96.7,96.7,96.896,97.036,97.244,97.314,97.502,97.29,97.682,97.904,97.756,97.882,98.11,98.036,98.266,98.332,98.326,98.376,98.414,98.444,98.46,98.596,98.764,98.722,98.71,98.802,98.892,98.932,99.014,99.22,99.352,99.474,99.678,99.722,99.822,99.834,99.852,99.878,99.906,99.886,99.908,99.908,99.916,99.906,99.926,99.912,99.906,99.918,99.89,99.914,99.918,99.91,99.91,99.918,99.936,99.916,99.896,99.902,99.894,99.91,99.912,99.914,99.908
14.406,23.696,31.84,40.642,52.416,62.908,69.684,74.442,77.496,79.696,81.644,82.978,84.454,85.6,86.734,87.56,88.368,89.268,89.66,90.538,91.166,91.464,92.096,92.488,92.896,93.516,93.598,94.034,94.274,94.532,94.936,95.268,95.468,95.654,95.912,96.052,96.388,96.61,96.522,96.734,97.01,97.168,97.262,97.414,97.436,97.398,97.698,97.676,97.852,97.908,98.004,98.038,98.208,98.264,98.398,98.37,98.438,98.552,98.454,98.664,98.68,98.826,98.766,98.882,98.894,98.962,99.198,99.318,99.472,99.644,99.742,99.794,99.804,99.886,99.894,99.886,99.896,99.872,99.882,99.9,99.888,99.906,99.926,99.916,99.906,99.9,99.926,99.888,99.918,99.912,99.922,99.914,99.924,99.902,99.912,99.902,99.92,99.918,99.904,99.916
15.654,24.658,34.63,44.706,55.952,65.218,70.694,75.152,77.616,79.982,81.636,83.05,84.384,85.186,86.264,87.274,87.76,88.748,89.474,90.21,90.712,91.276,91.666,92.096,92.638,93.088,93.354,93.856,94.092,94.266,94.672,94.936,95.226,95.36,95.702,95.868,96.068,96.258,96.484,96.556,96.698,97.078,97.15,97.1,97.442,97.38,97.632,97.516,97.71,97.854,98.072,97.978,98.098,97.896,98.184,98.134,98.422,98.386,98.552,98.578,98.616,98.784,98.748,98.75,98.862,98.96,99.104,99.248,99.434,99.592,99.698,99.788,99.822,99.882,99.854,99.89,99.87,99.894,99.904,99.896,99.9,99.89,99.914,99.884,99.898,99.906,99.888,99.894,99.898,99.874,99.928,99.918,99.91,99.894,99.912,99.896,99.912,99.908,99.886,99.87

val_acc1
21.4,30.18,39.76,52.22,63.63,65.78,66.63,74.76,79.43,79.9,82.57,81.84,81.2,81.55,84.86,84.28,85.96,86.31,86.55,85.81,87.14,86.99,88.23,87.7,88.28,88.56,88.62,88.18,88.8,89.09,88.86,88.74,89.5,89.26,89.63,89.54,89.65,89.16,89.79,89.53,89.97,89.32,89.79,89.73,89.61,89.62,89.75,89.71,90.35,90.19,89.88,90.57,90.27,90.07,90.09,90.26,89.94,90.48,90.55,90.32,90.15,90.55,90.73,90.48,90.25,90.58,90.75,90.99,91.37,91.36,91.66,91.77,91.92,91.82,91.96,91.99,91.96,91.96,91.94,91.86,91.99,92.0,91.99,91.94,91.98,92.08,91.96,92.02,91.92,91.94,91.9,91.89,91.94,91.97,91.86,92.03,91.96,92.01,91.98,92.01
19.88,29.58,35.0,44.72,52.26,64.3,68.42,75.91,78.43,76.17,78.9,82.63,81.19,81.34,83.14,85.03,83.49,85.55,86.34,87.03,86.61,85.47,87.64,87.25,88.71,88.31,88.32,88.46,85.4,88.3,88.02,87.7,88.96,89.3,89.14,89.01,88.52,88.8,89.28,89.89,89.52,89.64,89.8,90.37,89.06,89.9,89.24,89.68,89.63,90.13,89.81,89.93,90.27,89.46,89.79,90.32,89.81,90.2,90.43,90.3,89.92,90.28,90.34,90.71,90.72,90.44,90.59,91.2,91.37,91.63,91.49,91.69,92.05,92.04,92.07,92.06,92.0,92.07,92.07,92.15,92.07,92.08,92.01,92.1,92.13,92.17,92.16,92.07,92.08,92.02,92.13,92.07,91.99,92.11,92.0,92.07,92.05,92.03,92.06,92.17
19.79,31.45,37.18,46.49,59.15,65.46,68.6,71.16,77.16,79.02,77.75,81.12,81.47,83.26,83.4,83.86,84.62,85.7,86.08,86.14,85.01,86.43,86.44,86.03,87.2,87.99,88.1,87.45,88.84,88.27,88.52,86.98,88.92,88.95,88.69,88.59,88.18,88.16,86.82,88.98,89.47,88.95,89.82,89.15,89.15,90.07,89.46,90.2,89.82,89.7,89.55,89.48,89.89,89.56,89.96,89.45,90.23,90.07,90.38,90.35,90.27,90.3,90.18,90.29,90.55,90.06,90.62,90.72,91.05,91.13,91.31,91.24,91.51,91.55,91.59,91.61,91.59,91.67,91.58,91.64,91.72,91.74,91.57,91.53,91.68,91.61,91.72,91.68,91.62,91.69,91.57,91.58,91.65,91.52,91.72,91.57,91.68,91.71,91.55,91.57

val_loss
1.997,1.778,1.572,1.325,1.029,0.965,0.988,0.76,0.626,0.607,0.527,0.567,0.568,0.572,0.47,0.51,0.441,0.425,0.42,0.458,0.41,0.432,0.372,0.403,0.377,0.37,0.376,0.385,0.381,0.36,0.37,0.388,0.371,0.384,0.379,0.377,0.375,0.37,0.362,0.405,0.383,0.411,0.383,0.42,0.426,0.4,0.411,0.41,0.381,0.405,0.404,0.411,0.426,0.409,0.442,0.414,0.453,0.396,0.386,0.421,0.44,0.416,0.4,0.435,0.434,0.433,0.421,0.442,0.428,0.455,0.454,0.469,0.478,0.453,0.467,0.462,0.463,0.461,0.459,0.474,0.463,0.464,0.463,0.465,0.461,0.467,0.479,0.471,0.479,0.472,0.481,0.475,0.465,0.473,0.463,0.468,0.469,0.469,0.458,0.466
2.071,1.804,1.667,1.542,1.298,1.008,0.907,0.71,0.649,0.712,0.642,0.514,0.56,0.568,0.526,0.453,0.497,0.43,0.422,0.402,0.417,0.494,0.394,0.396,0.378,0.369,0.385,0.394,0.491,0.386,0.412,0.449,0.385,0.361,0.39,0.389,0.433,0.413,0.397,0.367,0.399,0.409,0.381,0.377,0.45,0.405,0.421,0.398,0.417,0.387,0.411,0.402,0.388,0.436,0.443,0.405,0.436,0.426,0.401,0.407,0.441,0.442,0.42,0.405,0.422,0.425,0.443,0.437,0.435,0.457,0.461,0.468,0.459,0.453,0.462,0.462,0.454,0.466,0.47,0.469,0.46,0.464,0.452,0.463,0.458,0.457,0.473,0.462,0.469,0.465,0.474,0.475,0.462,0.472,0.457,0.473,0.468,0.46,0.46,0.457
1.998,1.759,1.722,1.515,1.136,0.997,0.9,0.881,0.699,0.628,0.676,0.583,0.556,0.503,0.502,0.529,0.482,0.446,0.435,0.436,0.485,0.441,0.428,0.434,0.399,0.37,0.386,0.434,0.361,0.398,0.396,0.483,0.383,0.4,0.403,0.415,0.414,0.445,0.479,0.399,0.378,0.423,0.381,0.402,0.434,0.366,0.412,0.376,0.39,0.429,0.44,0.447,0.422,0.411,0.457,0.463,0.426,0.411,0.415,0.444,0.415,0.451,0.445,0.423,0.412,0.428,0.439,0.448,0.436,0.463,0.464,0.485,0.492,0.471,0.482,0.476,0.476,0.478,0.482,0.491,0.478,0.481,0.477,0.482,0.476,0.493,0.477,0.483,0.478,0.468,0.492,0.488,0.474,0.48,0.474,0.478,0.494,0.478,0.482,0.48

learning_rate
0.05,0.05,0.05,0.05,0.05,0.05,0.05,0.05,0.05,0.05,0.05,0.05,0.05,0.05,0.05,0.05,0.05,0.05,0.05,0.05,0.05,0.05,0.05,0.05,0.05,0.05,0.05,0.05,0.05,0.05,0.05,0.05,0.05,0.05,0.05,0.05,0.05,0.05,0.05,0.05,0.05,0.05,0.05,0.05,0.05,0.05,0.049999,0.049999,0.049999,0.049998,0.049996,0.049994,0.04999,0.049983,0.049972,0.049954,0.049925,0.049876,0.049797,0.049666,0.049451,0.049102,0.048536,0.047631,0.046211,0.044046,0.040888,0.036566,0.031142,0.025025,0.018908,0.013484,0.009162,0.006004,0.003839,0.002419,0.001514,0.000948,0.000599,0.000384,0.000253,0.000174,0.000125,9.6e-05,7.8e-05,6.7e-05,6e-05,5.6e-05,5.4e-05,5.2e-05,5.1e-05,5.1e-05,5.1e-05,5e-05,5e-05,5e-05,5e-05,5e-05,5e-05,5e-05
0.05,0.05,0.05,0.05,0.05,0.05,0.05,0.05,0.05,0.05,0.05,0.05,0.05,0.05,0.05,0.05,0.05,0.05,0.05,0.05,0.05,0.05,0.05,0.05,0.05,0.05,0.05,0.05,0.05,0.05,0.05,0.05,0.05,0.05,0.05,0.05,0.05,0.05,0.05,0.05,0.05,0.05,0.05,0.05,0.05,0.05,0.049999,0.049999,0.049999,0.049998,0.049996,0.049994,0.04999,0.049983,0.049972,0.049954,0.049925,0.049876,0.049797,0.049666,0.049451,0.049102,0.048536,0.047631,0.046211,0.044046,0.040888,0.036566,0.031142,0.025025,0.018908,0.013484,0.009162,0.006004,0.003839,0.002419,0.001514,0.000948,0.000599,0.000384,0.000253,0.000174,0.000125,9.6e-05,7.8e-05,6.7e-05,6e-05,5.6e-05,5.4e-05,5.2e-05,5.1e-05,5.1e-05,5.1e-05,5e-05,5e-05,5e-05,5e-05,5e-05,5e-05,5e-05
0.05,0.05,0.05,0.05,0.05,0.05,0.05,0.05,0.05,0.05,0.05,0.05,0.05,0.05,0.05,0.05,0.05,0.05,0.05,0.05,0.05,0.05,0.05,0.05,0.05,0.05,0.05,0.05,0.05,0.05,0.05,0.05,0.05,0.05,0.05,0.05,0.05,0.05,0.05,0.05,0.05,0.05,0.05,0.05,0.05,0.05,0.049999,0.049999,0.049999,0.049998,0.049996,0.049994,0.04999,0.049983,0.049972,0.049954,0.049925,0.049876,0.049797,0.049666,0.049451,0.049102,0.048536,0.047631,0.046211,0.044046,0.040888,0.036566,0.031142,0.025025,0.018908,0.013484,0.009162,0.006004,0.003839,0.002419,0.001514,0.000948,0.000599,0.000384,0.000253,0.000174,0.000125,9.6e-05,7.8e-05,6.7e-05,6e-05,5.6e-05,5.4e-05,5.2e-05,5.1e-05,5.1e-05,5.1e-05,5e-05,5e-05,5e-05,5e-05,5e-05,5e-05,5e-05

