parameters
tas_alpha:25
tas_beta:0.7
tas_gamma:1e-3
sgd_lr:0.05
sgd_momentum:0.9
sgd_weight_decay:0
sgd_dampening:0
sgd_nesterov:False
architecture:vgg19bn_
dataset:cifar10
combine_datasets:False
do_validation_set:False
epochs:100
batch_size:128
test_set_split:0.1666667
validation_set_split:0.0
reduce_train_set:1
executions:3
base_seed:42
training_method:sgd
learning_method:tas

train_loss
2.507,2.06,1.846,1.636,1.383,1.147,0.916,0.777,0.68,0.612,0.553,0.511,0.476,0.443,0.407,0.382,0.36,0.336,0.313,0.292,0.274,0.258,0.241,0.228,0.214,0.205,0.187,0.181,0.171,0.164,0.151,0.144,0.137,0.13,0.124,0.116,0.106,0.104,0.099,0.098,0.089,0.089,0.08,0.078,0.076,0.069,0.069,0.066,0.064,0.065,0.058,0.058,0.053,0.054,0.05,0.046,0.046,0.042,0.042,0.039,0.037,0.032,0.031,0.026,0.026,0.02,0.021,0.015,0.013,0.01,0.008,0.007,0.006,0.004,0.005,0.004,0.003,0.004,0.003,0.003,0.003,0.002,0.002,0.002,0.002,0.002,0.002,0.002,0.002,0.002,0.002,0.002,0.002,0.003,0.002,0.002,0.002,0.002,0.003,0.002
2.411,1.87,1.61,1.336,1.01,0.824,0.718,0.626,0.562,0.51,0.464,0.435,0.403,0.373,0.347,0.329,0.305,0.284,0.264,0.248,0.232,0.221,0.206,0.193,0.184,0.173,0.16,0.155,0.15,0.14,0.131,0.123,0.118,0.114,0.105,0.102,0.094,0.09,0.089,0.085,0.08,0.076,0.071,0.068,0.068,0.06,0.062,0.058,0.054,0.054,0.05,0.052,0.047,0.047,0.044,0.039,0.038,0.041,0.034,0.035,0.029,0.032,0.025,0.025,0.023,0.018,0.017,0.013,0.013,0.01,0.008,0.007,0.005,0.004,0.003,0.003,0.003,0.002,0.002,0.003,0.002,0.001,0.002,0.002,0.002,0.002,0.001,0.002,0.002,0.002,0.002,0.002,0.002,0.002,0.002,0.002,0.002,0.002,0.002,0.002
2.352,1.919,1.693,1.524,1.293,1.058,0.904,0.777,0.689,0.627,0.562,0.521,0.482,0.448,0.414,0.391,0.361,0.338,0.315,0.295,0.277,0.264,0.243,0.231,0.218,0.205,0.194,0.184,0.175,0.168,0.154,0.145,0.137,0.131,0.13,0.118,0.117,0.106,0.104,0.094,0.091,0.09,0.084,0.077,0.077,0.075,0.07,0.072,0.062,0.062,0.058,0.055,0.053,0.05,0.049,0.048,0.047,0.044,0.039,0.036,0.035,0.032,0.03,0.028,0.024,0.021,0.017,0.015,0.013,0.011,0.012,0.007,0.006,0.005,0.005,0.005,0.003,0.003,0.003,0.002,0.002,0.002,0.002,0.002,0.002,0.002,0.002,0.002,0.002,0.002,0.002,0.002,0.002,0.002,0.002,0.002,0.002,0.001,0.002,0.002

train_acc1
11.088,20.06,27.804,36.956,48.564,59.096,68.396,73.492,76.958,79.422,81.322,82.936,84.122,85.124,86.298,87.252,87.982,88.68,89.42,90.102,90.846,91.332,91.86,92.364,92.74,93.13,93.592,93.858,94.172,94.474,94.842,95.134,95.294,95.574,95.798,96.1,96.438,96.464,96.612,96.698,96.98,97.004,97.348,97.356,97.394,97.692,97.75,97.816,97.82,97.772,98.02,98.008,98.22,98.088,98.28,98.462,98.416,98.532,98.598,98.656,98.78,98.914,98.912,99.14,99.106,99.31,99.316,99.534,99.594,99.638,99.74,99.77,99.79,99.854,99.842,99.88,99.918,99.882,99.924,99.926,99.908,99.932,99.934,99.948,99.93,99.928,99.942,99.936,99.942,99.942,99.946,99.936,99.94,99.914,99.954,99.92,99.934,99.948,99.902,99.94
15.622,27.844,38.774,51.026,63.97,71.276,75.362,78.718,80.892,82.982,84.222,85.248,86.38,87.362,88.238,88.89,89.778,90.33,91.054,91.504,92.248,92.46,92.97,93.416,93.706,94.062,94.518,94.738,94.88,95.172,95.578,95.688,96.068,96.18,96.446,96.51,96.758,96.976,97.016,97.152,97.234,97.478,97.596,97.628,97.702,97.966,97.862,98.058,98.168,98.19,98.32,98.268,98.402,98.364,98.544,98.606,98.714,98.584,98.848,98.874,98.986,98.932,99.168,99.162,99.23,99.44,99.424,99.546,99.582,99.672,99.716,99.768,99.858,99.844,99.892,99.91,99.878,99.928,99.944,99.89,99.932,99.954,99.938,99.928,99.934,99.942,99.95,99.944,99.946,99.936,99.958,99.932,99.936,99.94,99.96,99.928,99.934,99.946,99.938,99.95
17.032,26.934,34.696,42.164,53.122,62.356,68.348,73.558,76.518,78.89,81.128,82.528,84.008,84.914,86.176,87.0,88.048,88.63,89.368,90.088,90.706,91.168,91.646,92.1,92.694,93.0,93.282,93.674,94.11,94.348,94.754,94.982,95.316,95.548,95.51,95.924,95.922,96.342,96.428,96.748,96.916,96.948,97.068,97.394,97.336,97.476,97.588,97.572,97.896,97.868,98.038,98.132,98.176,98.282,98.322,98.324,98.432,98.522,98.72,98.768,98.79,98.894,99.01,99.046,99.178,99.268,99.454,99.506,99.59,99.646,99.602,99.768,99.796,99.834,99.838,99.868,99.902,99.904,99.898,99.92,99.914,99.952,99.94,99.942,99.93,99.932,99.93,99.928,99.934,99.93,99.954,99.936,99.932,99.94,99.922,99.924,99.938,99.958,99.95,99.948

val_acc1
11.66,25.11,32.15,38.91,53.63,64.24,67.65,72.45,78.48,78.87,79.81,81.13,81.6,81.68,82.62,83.42,84.16,84.71,86.38,85.22,86.3,86.93,88.37,86.86,88.15,87.92,88.41,87.82,87.86,89.0,88.15,88.47,87.63,88.15,88.53,89.66,89.12,88.9,88.63,89.45,89.01,89.46,89.27,89.61,89.45,89.21,89.36,89.62,89.02,88.57,89.69,89.84,90.44,89.46,89.83,89.75,90.09,89.81,90.07,90.22,90.36,90.1,90.43,90.35,90.38,90.69,90.7,91.18,91.07,91.19,91.46,91.35,91.59,91.63,91.73,91.95,91.95,92.08,91.83,91.93,91.84,91.84,91.89,91.91,91.96,91.92,91.86,91.96,92.06,91.92,91.91,91.94,91.93,91.89,91.9,91.93,92.04,92.01,91.88,91.99
19.89,33.29,43.52,56.09,64.64,72.09,76.93,79.79,79.9,80.49,81.02,83.15,80.24,82.48,85.16,85.07,85.24,85.46,85.51,87.17,87.4,87.08,87.41,87.89,88.1,88.36,88.18,87.94,88.65,89.32,88.39,88.39,89.15,89.01,89.17,89.25,90.28,88.14,89.15,89.47,89.41,89.71,89.59,89.84,89.69,90.28,89.45,89.66,89.01,89.48,90.04,89.97,90.47,90.34,90.23,89.86,89.93,90.42,90.49,90.44,90.42,89.8,90.07,90.33,90.61,90.71,90.88,90.75,90.76,90.92,91.03,91.26,91.23,91.25,91.31,91.4,91.45,91.45,91.54,91.51,91.49,91.53,91.45,91.35,91.46,91.56,91.53,91.58,91.52,91.58,91.52,91.54,91.57,91.53,91.58,91.56,91.6,91.58,91.58,91.5
19.15,34.49,37.18,44.06,55.63,62.03,70.46,73.68,75.46,78.85,78.7,78.74,78.7,77.46,81.83,82.88,84.08,84.09,84.61,85.63,86.0,85.9,86.76,86.96,87.75,86.84,88.49,87.64,88.6,87.77,89.01,88.68,88.24,87.92,89.01,88.85,87.59,89.2,89.03,88.7,89.3,89.42,89.49,88.31,89.42,89.11,89.49,89.75,89.54,88.95,89.28,89.97,89.73,89.12,89.63,90.07,90.16,89.76,89.22,89.57,90.33,89.74,90.62,90.14,90.64,90.27,90.43,90.92,90.67,90.7,90.91,91.08,91.27,91.16,91.21,91.3,91.25,91.29,91.36,91.59,91.55,91.54,91.48,91.5,91.43,91.5,91.54,91.53,91.38,91.45,91.48,91.43,91.54,91.48,91.41,91.51,91.41,91.48,91.53,91.58

val_loss
2.349,1.862,1.808,1.658,1.272,1.047,0.919,0.818,0.646,0.652,0.6,0.56,0.555,0.555,0.543,0.506,0.508,0.487,0.433,0.461,0.45,0.411,0.375,0.427,0.395,0.4,0.381,0.417,0.423,0.37,0.403,0.388,0.445,0.42,0.415,0.382,0.391,0.413,0.415,0.396,0.413,0.404,0.401,0.404,0.424,0.446,0.41,0.432,0.461,0.486,0.439,0.412,0.392,0.444,0.47,0.43,0.452,0.449,0.438,0.436,0.435,0.452,0.431,0.472,0.475,0.471,0.47,0.445,0.461,0.475,0.456,0.47,0.484,0.48,0.47,0.464,0.469,0.482,0.483,0.494,0.48,0.48,0.479,0.484,0.482,0.481,0.489,0.478,0.488,0.478,0.491,0.49,0.479,0.493,0.476,0.483,0.497,0.485,0.484,0.483
2.047,1.756,1.544,1.302,1.004,0.819,0.667,0.609,0.606,0.592,0.559,0.51,0.589,0.539,0.446,0.459,0.443,0.448,0.478,0.394,0.402,0.419,0.399,0.402,0.4,0.378,0.414,0.428,0.372,0.376,0.387,0.406,0.384,0.406,0.409,0.404,0.367,0.443,0.39,0.404,0.434,0.398,0.403,0.42,0.404,0.385,0.386,0.417,0.443,0.434,0.424,0.423,0.408,0.413,0.438,0.475,0.468,0.419,0.439,0.417,0.454,0.459,0.452,0.492,0.444,0.469,0.467,0.485,0.46,0.48,0.492,0.476,0.503,0.499,0.517,0.527,0.513,0.522,0.531,0.53,0.523,0.52,0.528,0.533,0.527,0.52,0.536,0.527,0.539,0.525,0.549,0.537,0.522,0.537,0.52,0.537,0.535,0.529,0.525,0.529
3.229,2.036,1.599,1.545,1.283,1.136,0.867,0.771,0.795,0.623,0.641,0.624,0.646,0.696,0.568,0.547,0.488,0.485,0.482,0.451,0.448,0.431,0.411,0.413,0.388,0.434,0.364,0.424,0.368,0.391,0.373,0.372,0.399,0.445,0.382,0.403,0.466,0.403,0.401,0.436,0.437,0.403,0.382,0.46,0.437,0.418,0.411,0.398,0.41,0.439,0.432,0.42,0.427,0.455,0.458,0.44,0.42,0.471,0.482,0.501,0.449,0.468,0.451,0.456,0.438,0.481,0.48,0.48,0.499,0.515,0.495,0.516,0.513,0.514,0.517,0.5,0.511,0.526,0.542,0.54,0.533,0.543,0.53,0.54,0.544,0.531,0.535,0.536,0.547,0.543,0.55,0.549,0.538,0.547,0.536,0.537,0.546,0.542,0.532,0.537

learning_rate
0.05,0.05,0.05,0.05,0.05,0.05,0.05,0.05,0.05,0.05,0.05,0.05,0.05,0.05,0.05,0.05,0.05,0.05,0.05,0.05,0.05,0.05,0.05,0.049999,0.049999,0.049999,0.049999,0.049999,0.049998,0.049998,0.049997,0.049996,0.049995,0.049994,0.049992,0.04999,0.049987,0.049983,0.049978,0.049972,0.049965,0.049954,0.049942,0.049925,0.049904,0.049876,0.049842,0.049797,0.049739,0.049666,0.049572,0.049451,0.049298,0.049102,0.048852,0.048536,0.048136,0.047631,0.046999,0.046211,0.045237,0.044046,0.042605,0.040888,0.038876,0.036566,0.033975,0.031142,0.028131,0.025025,0.021919,0.018908,0.016075,0.013484,0.011174,0.009162,0.007445,0.006004,0.004813,0.003839,0.003051,0.002419,0.001914,0.001514,0.001198,0.000948,0.000752,0.000599,0.000478,0.000384,0.000311,0.000253,0.000208,0.000174,0.000146,0.000125,0.000108,9.6e-05,8.5e-05,7.8e-05
0.05,0.05,0.05,0.05,0.05,0.05,0.05,0.05,0.05,0.05,0.05,0.05,0.05,0.05,0.05,0.05,0.05,0.05,0.05,0.05,0.05,0.05,0.05,0.049999,0.049999,0.049999,0.049999,0.049999,0.049998,0.049998,0.049997,0.049996,0.049995,0.049994,0.049992,0.04999,0.049987,0.049983,0.049978,0.049972,0.049965,0.049954,0.049942,0.049925,0.049904,0.049876,0.049842,0.049797,0.049739,0.049666,0.049572,0.049451,0.049298,0.049102,0.048852,0.048536,0.048136,0.047631,0.046999,0.046211,0.045237,0.044046,0.042605,0.040888,0.038876,0.036566,0.033975,0.031142,0.028131,0.025025,0.021919,0.018908,0.016075,0.013484,0.011174,0.009162,0.007445,0.006004,0.004813,0.003839,0.003051,0.002419,0.001914,0.001514,0.001198,0.000948,0.000752,0.000599,0.000478,0.000384,0.000311,0.000253,0.000208,0.000174,0.000146,0.000125,0.000108,9.6e-05,8.5e-05,7.8e-05
0.05,0.05,0.05,0.05,0.05,0.05,0.05,0.05,0.05,0.05,0.05,0.05,0.05,0.05,0.05,0.05,0.05,0.05,0.05,0.05,0.05,0.05,0.05,0.049999,0.049999,0.049999,0.049999,0.049999,0.049998,0.049998,0.049997,0.049996,0.049995,0.049994,0.049992,0.04999,0.049987,0.049983,0.049978,0.049972,0.049965,0.049954,0.049942,0.049925,0.049904,0.049876,0.049842,0.049797,0.049739,0.049666,0.049572,0.049451,0.049298,0.049102,0.048852,0.048536,0.048136,0.047631,0.046999,0.046211,0.045237,0.044046,0.042605,0.040888,0.038876,0.036566,0.033975,0.031142,0.028131,0.025025,0.021919,0.018908,0.016075,0.013484,0.011174,0.009162,0.007445,0.006004,0.004813,0.003839,0.003051,0.002419,0.001914,0.001514,0.001198,0.000948,0.000752,0.000599,0.000478,0.000384,0.000311,0.000253,0.000208,0.000174,0.000146,0.000125,0.000108,9.6e-05,8.5e-05,7.8e-05

