parameters
tas_alpha:25
tas_beta:0.3
tas_gamma:1e-3
sgd_lr:0.05
sgd_momentum:0.9
sgd_weight_decay:0
sgd_dampening:0
sgd_nesterov:False
architecture:vgg19bn_
dataset:cifar10
combine_datasets:False
do_validation_set:False
epochs:100
batch_size:128
test_set_split:0.1666667
validation_set_split:0.0
reduce_train_set:1
executions:3
base_seed:42
training_method:sgd
learning_method:tas

train_loss
2.41,1.973,1.716,1.507,1.249,1.05,0.884,0.758,0.673,0.602,0.543,0.501,0.459,0.429,0.398,0.37,0.344,0.323,0.297,0.277,0.256,0.235,0.222,0.203,0.185,0.166,0.154,0.137,0.124,0.106,0.095,0.078,0.07,0.062,0.052,0.041,0.035,0.032,0.029,0.027,0.026,0.022,0.021,0.022,0.021,0.019,0.018,0.018,0.018,0.018,0.017,0.018,0.017,0.017,0.016,0.017,0.016,0.017,0.017,0.016,0.017,0.015,0.017,0.016,0.016,0.016,0.018,0.015,0.016,0.017,0.016,0.017,0.017,0.016,0.017,0.017,0.017,0.016,0.016,0.017,0.016,0.016,0.017,0.015,0.018,0.017,0.017,0.017,0.015,0.018,0.015,0.016,0.017,0.018,0.016,0.017,0.017,0.016,0.015,0.016
2.487,1.996,1.829,1.567,1.308,1.033,0.853,0.728,0.635,0.568,0.51,0.471,0.436,0.403,0.373,0.346,0.322,0.304,0.277,0.257,0.244,0.228,0.207,0.191,0.177,0.159,0.147,0.13,0.116,0.099,0.088,0.074,0.065,0.059,0.049,0.041,0.034,0.033,0.031,0.028,0.025,0.022,0.022,0.021,0.02,0.019,0.019,0.019,0.017,0.018,0.018,0.018,0.017,0.018,0.018,0.017,0.016,0.017,0.018,0.017,0.017,0.015,0.017,0.017,0.018,0.016,0.017,0.017,0.017,0.018,0.017,0.017,0.017,0.018,0.015,0.019,0.018,0.018,0.015,0.016,0.017,0.017,0.017,0.016,0.017,0.018,0.017,0.017,0.016,0.016,0.016,0.018,0.017,0.017,0.017,0.018,0.017,0.017,0.016,0.017
2.565,2.128,1.794,1.574,1.289,1.03,0.852,0.734,0.646,0.591,0.528,0.491,0.454,0.424,0.394,0.365,0.34,0.315,0.291,0.269,0.253,0.237,0.219,0.2,0.186,0.168,0.153,0.138,0.122,0.11,0.092,0.08,0.069,0.063,0.05,0.043,0.039,0.036,0.031,0.029,0.027,0.024,0.023,0.023,0.021,0.021,0.021,0.02,0.02,0.02,0.019,0.018,0.018,0.02,0.018,0.018,0.017,0.02,0.019,0.019,0.019,0.017,0.018,0.018,0.019,0.018,0.018,0.019,0.019,0.018,0.018,0.019,0.019,0.018,0.018,0.018,0.018,0.017,0.017,0.018,0.018,0.018,0.018,0.018,0.018,0.019,0.018,0.018,0.017,0.019,0.017,0.018,0.018,0.017,0.017,0.017,0.017,0.017,0.017,0.017

train_acc1
15.688,25.046,34.274,43.226,54.596,62.706,69.026,73.848,76.956,79.652,81.674,83.168,84.58,85.494,86.674,87.482,88.31,89.096,89.936,90.69,91.418,92.118,92.456,93.088,93.802,94.262,94.74,95.352,95.688,96.394,96.794,97.346,97.63,97.914,98.26,98.618,98.82,98.926,99.01,99.08,99.146,99.224,99.328,99.302,99.292,99.352,99.4,99.382,99.412,99.416,99.434,99.41,99.412,99.46,99.446,99.424,99.48,99.448,99.434,99.492,99.484,99.486,99.458,99.41,99.432,99.46,99.398,99.506,99.486,99.442,99.44,99.428,99.498,99.46,99.412,99.434,99.43,99.474,99.466,99.414,99.476,99.488,99.424,99.5,99.402,99.454,99.44,99.432,99.522,99.404,99.494,99.504,99.388,99.406,99.486,99.42,99.476,99.432,99.504,99.448
13.114,23.152,28.488,40.444,51.824,63.312,70.802,75.502,78.622,80.978,82.884,84.192,85.34,86.316,87.486,88.218,89.166,89.748,90.612,91.298,91.866,92.202,93.08,93.528,94.024,94.534,94.972,95.668,95.986,96.65,97.028,97.486,97.832,97.988,98.392,98.662,98.836,98.872,98.998,99.124,99.192,99.288,99.296,99.33,99.356,99.376,99.378,99.37,99.416,99.408,99.408,99.386,99.446,99.406,99.388,99.44,99.488,99.442,99.424,99.442,99.456,99.51,99.468,99.452,99.43,99.502,99.438,99.398,99.464,99.436,99.448,99.424,99.48,99.456,99.48,99.4,99.458,99.414,99.526,99.474,99.416,99.45,99.44,99.5,99.464,99.43,99.448,99.454,99.504,99.484,99.482,99.422,99.432,99.416,99.436,99.41,99.464,99.438,99.488,99.5
10.846,19.166,30.372,39.692,53.194,63.448,70.45,74.808,77.986,79.986,82.22,83.476,84.796,85.792,86.866,87.72,88.55,89.426,90.202,90.974,91.428,91.96,92.448,93.318,93.654,94.18,94.83,95.264,95.754,96.362,96.864,97.212,97.61,97.802,98.29,98.64,98.674,98.796,98.99,99.056,99.092,99.172,99.274,99.226,99.32,99.306,99.298,99.366,99.336,99.304,99.35,99.432,99.416,99.33,99.426,99.384,99.382,99.344,99.392,99.376,99.376,99.458,99.394,99.408,99.406,99.4,99.374,99.4,99.37,99.386,99.43,99.382,99.366,99.446,99.45,99.428,99.404,99.424,99.392,99.404,99.43,99.424,99.402,99.38,99.406,99.364,99.426,99.4,99.468,99.374,99.456,99.384,99.426,99.436,99.444,99.438,99.408,99.466,99.456,99.45

val_acc1
19.68,31.05,38.74,50.61,60.25,65.58,71.24,74.34,77.07,78.77,81.26,82.33,82.14,81.64,84.75,84.6,84.09,86.1,86.32,86.43,86.58,87.64,87.91,87.45,88.79,88.75,88.86,88.76,89.2,89.3,89.58,90.03,89.92,90.29,90.32,90.57,90.26,90.45,90.54,90.54,90.61,90.63,90.49,90.46,90.4,90.31,90.47,90.52,90.55,90.64,90.47,90.61,90.53,90.51,90.56,90.58,90.53,90.53,90.68,90.56,90.6,90.44,90.72,90.41,90.58,90.56,90.55,90.56,90.52,90.57,90.66,90.52,90.49,90.39,90.6,90.57,90.58,90.56,90.48,90.53,90.51,90.48,90.58,90.56,90.59,90.53,90.46,90.59,90.63,90.46,90.44,90.42,90.57,90.52,90.62,90.48,90.55,90.44,90.49,90.42
20.22,27.26,34.63,42.18,60.55,66.1,71.19,73.5,77.63,75.88,81.33,82.55,81.01,83.0,83.66,84.08,85.02,85.97,86.13,87.18,86.81,87.95,88.39,87.67,88.61,89.36,89.13,89.05,88.74,89.44,89.8,90.03,90.39,90.16,90.34,90.65,90.66,90.71,90.96,90.67,90.78,90.85,90.82,90.72,90.67,90.69,90.84,90.74,90.84,90.96,90.86,90.92,90.83,90.84,90.8,90.92,90.87,90.92,90.88,90.89,90.92,90.77,90.89,90.96,90.86,90.8,90.91,90.85,90.79,90.8,90.93,90.85,90.9,90.74,90.89,90.88,90.97,90.93,90.87,90.89,90.93,90.93,90.91,90.86,90.82,90.9,90.97,90.92,90.82,90.85,90.89,90.88,90.85,90.78,90.96,90.88,90.83,90.87,90.94,90.89
11.15,23.69,34.0,43.46,50.95,64.65,70.6,72.44,77.04,80.11,80.41,79.1,83.7,81.78,83.92,85.02,83.96,85.28,86.94,86.58,86.04,87.0,87.59,87.49,88.86,88.45,88.78,88.91,88.79,89.13,89.03,89.83,89.83,89.96,90.25,90.21,90.33,90.44,90.39,90.27,90.42,90.47,90.43,90.6,90.55,90.41,90.49,90.42,90.56,90.57,90.47,90.54,90.41,90.57,90.53,90.61,90.6,90.41,90.53,90.5,90.64,90.47,90.56,90.56,90.57,90.52,90.57,90.52,90.58,90.57,90.49,90.59,90.48,90.57,90.63,90.48,90.63,90.52,90.47,90.68,90.56,90.56,90.4,90.68,90.59,90.58,90.56,90.53,90.59,90.55,90.51,90.54,90.5,90.58,90.59,90.55,90.4,90.6,90.53,90.6

val_loss
2.021,1.833,1.624,1.345,1.092,1.006,0.82,0.774,0.696,0.639,0.56,0.535,0.533,0.588,0.461,0.482,0.507,0.426,0.423,0.44,0.425,0.393,0.392,0.417,0.377,0.38,0.38,0.381,0.388,0.399,0.374,0.4,0.396,0.387,0.411,0.406,0.435,0.442,0.439,0.452,0.441,0.455,0.464,0.458,0.478,0.461,0.467,0.48,0.474,0.469,0.474,0.485,0.487,0.481,0.493,0.485,0.475,0.477,0.477,0.481,0.482,0.48,0.479,0.477,0.481,0.47,0.479,0.475,0.485,0.481,0.484,0.478,0.487,0.479,0.493,0.483,0.475,0.483,0.497,0.485,0.489,0.483,0.48,0.488,0.477,0.478,0.486,0.48,0.499,0.484,0.496,0.483,0.477,0.48,0.479,0.486,0.494,0.483,0.479,0.48
2.058,1.839,1.751,1.599,1.094,0.971,0.853,0.774,0.683,0.705,0.552,0.526,0.576,0.512,0.495,0.499,0.467,0.427,0.44,0.411,0.428,0.381,0.366,0.393,0.372,0.353,0.359,0.368,0.386,0.384,0.359,0.377,0.375,0.385,0.383,0.385,0.401,0.402,0.393,0.404,0.42,0.411,0.415,0.418,0.42,0.419,0.41,0.417,0.42,0.42,0.42,0.43,0.423,0.432,0.444,0.428,0.427,0.426,0.424,0.429,0.43,0.433,0.423,0.422,0.438,0.423,0.423,0.424,0.436,0.425,0.425,0.421,0.431,0.426,0.432,0.427,0.42,0.432,0.427,0.433,0.424,0.427,0.425,0.436,0.426,0.427,0.431,0.431,0.433,0.427,0.445,0.435,0.421,0.437,0.424,0.427,0.438,0.434,0.425,0.431
2.318,2.06,1.697,1.606,1.457,1.037,0.864,0.828,0.706,0.601,0.584,0.646,0.483,0.558,0.504,0.461,0.496,0.44,0.406,0.408,0.439,0.416,0.377,0.419,0.368,0.375,0.365,0.38,0.372,0.388,0.375,0.379,0.39,0.375,0.393,0.407,0.412,0.414,0.41,0.425,0.429,0.427,0.428,0.439,0.447,0.442,0.429,0.441,0.439,0.437,0.441,0.442,0.445,0.446,0.464,0.439,0.437,0.449,0.439,0.448,0.445,0.45,0.437,0.439,0.445,0.437,0.441,0.446,0.452,0.445,0.443,0.443,0.456,0.439,0.45,0.449,0.442,0.445,0.458,0.457,0.441,0.45,0.447,0.451,0.448,0.441,0.449,0.448,0.462,0.441,0.465,0.454,0.441,0.447,0.447,0.442,0.458,0.444,0.453,0.445

learning_rate
0.049965,0.049954,0.049942,0.049925,0.049904,0.049876,0.049842,0.049797,0.049739,0.049666,0.049572,0.049451,0.049298,0.049102,0.048852,0.048536,0.048136,0.047631,0.046999,0.046211,0.045237,0.044046,0.042605,0.040888,0.038876,0.036566,0.033975,0.031142,0.028131,0.025025,0.021919,0.018908,0.016075,0.013484,0.011174,0.009162,0.007445,0.006004,0.004813,0.003839,0.003051,0.002419,0.001914,0.001514,0.001198,0.000948,0.000752,0.000599,0.000478,0.000384,0.000311,0.000253,0.000208,0.000174,0.000146,0.000125,0.000108,9.6e-05,8.5e-05,7.8e-05,7.2e-05,6.7e-05,6.3e-05,6e-05,5.8e-05,5.6e-05,5.5e-05,5.4e-05,5.3e-05,5.2e-05,5.2e-05,5.1e-05,5.1e-05,5.1e-05,5.1e-05,5.1e-05,5e-05,5e-05,5e-05,5e-05,5e-05,5e-05,5e-05,5e-05,5e-05,5e-05,5e-05,5e-05,5e-05,5e-05,5e-05,5e-05,5e-05,5e-05,5e-05,5e-05,5e-05,5e-05,5e-05,5e-05
0.049965,0.049954,0.049942,0.049925,0.049904,0.049876,0.049842,0.049797,0.049739,0.049666,0.049572,0.049451,0.049298,0.049102,0.048852,0.048536,0.048136,0.047631,0.046999,0.046211,0.045237,0.044046,0.042605,0.040888,0.038876,0.036566,0.033975,0.031142,0.028131,0.025025,0.021919,0.018908,0.016075,0.013484,0.011174,0.009162,0.007445,0.006004,0.004813,0.003839,0.003051,0.002419,0.001914,0.001514,0.001198,0.000948,0.000752,0.000599,0.000478,0.000384,0.000311,0.000253,0.000208,0.000174,0.000146,0.000125,0.000108,9.6e-05,8.5e-05,7.8e-05,7.2e-05,6.7e-05,6.3e-05,6e-05,5.8e-05,5.6e-05,5.5e-05,5.4e-05,5.3e-05,5.2e-05,5.2e-05,5.1e-05,5.1e-05,5.1e-05,5.1e-05,5.1e-05,5e-05,5e-05,5e-05,5e-05,5e-05,5e-05,5e-05,5e-05,5e-05,5e-05,5e-05,5e-05,5e-05,5e-05,5e-05,5e-05,5e-05,5e-05,5e-05,5e-05,5e-05,5e-05,5e-05,5e-05
0.049965,0.049954,0.049942,0.049925,0.049904,0.049876,0.049842,0.049797,0.049739,0.049666,0.049572,0.049451,0.049298,0.049102,0.048852,0.048536,0.048136,0.047631,0.046999,0.046211,0.045237,0.044046,0.042605,0.040888,0.038876,0.036566,0.033975,0.031142,0.028131,0.025025,0.021919,0.018908,0.016075,0.013484,0.011174,0.009162,0.007445,0.006004,0.004813,0.003839,0.003051,0.002419,0.001914,0.001514,0.001198,0.000948,0.000752,0.000599,0.000478,0.000384,0.000311,0.000253,0.000208,0.000174,0.000146,0.000125,0.000108,9.6e-05,8.5e-05,7.8e-05,7.2e-05,6.7e-05,6.3e-05,6e-05,5.8e-05,5.6e-05,5.5e-05,5.4e-05,5.3e-05,5.2e-05,5.2e-05,5.1e-05,5.1e-05,5.1e-05,5.1e-05,5.1e-05,5e-05,5e-05,5e-05,5e-05,5e-05,5e-05,5e-05,5e-05,5e-05,5e-05,5e-05,5e-05,5e-05,5e-05,5e-05,5e-05,5e-05,5e-05,5e-05,5e-05,5e-05,5e-05,5e-05,5e-05

