parameters
tas_alpha:10
tas_beta:0.7
tas_gamma:1e-3
sgd_lr:0.05
sgd_momentum:0.9
sgd_weight_decay:0
sgd_dampening:0
sgd_nesterov:False
architecture:vgg19bn_
dataset:cifar10
combine_datasets:False
do_validation_set:False
epochs:100
batch_size:128
test_set_split:0.1666667
validation_set_split:0.0
reduce_train_set:1
executions:3
base_seed:42
training_method:sgd
learning_method:tas

train_loss
2.427,1.873,1.564,1.242,0.962,0.785,0.691,0.615,0.554,0.512,0.465,0.436,0.409,0.377,0.353,0.33,0.31,0.291,0.267,0.252,0.236,0.227,0.212,0.198,0.187,0.173,0.168,0.159,0.152,0.144,0.132,0.127,0.117,0.112,0.11,0.098,0.094,0.089,0.083,0.081,0.078,0.068,0.073,0.064,0.063,0.064,0.055,0.055,0.048,0.049,0.042,0.043,0.038,0.039,0.034,0.033,0.031,0.035,0.027,0.024,0.023,0.023,0.02,0.019,0.016,0.017,0.015,0.013,0.012,0.01,0.011,0.008,0.006,0.007,0.007,0.005,0.005,0.005,0.003,0.003,0.004,0.003,0.003,0.003,0.002,0.002,0.002,0.001,0.002,0.002,0.001,0.002,0.002,0.002,0.001,0.001,0.001,0.001,0.001,0.001
2.459,1.977,1.759,1.471,1.212,0.997,0.846,0.732,0.651,0.585,0.53,0.495,0.459,0.424,0.396,0.366,0.347,0.321,0.302,0.28,0.268,0.252,0.235,0.222,0.212,0.197,0.189,0.178,0.166,0.16,0.151,0.141,0.136,0.126,0.121,0.114,0.103,0.101,0.095,0.09,0.086,0.081,0.077,0.075,0.072,0.064,0.062,0.061,0.057,0.053,0.05,0.048,0.044,0.041,0.041,0.038,0.035,0.033,0.033,0.028,0.027,0.023,0.022,0.023,0.017,0.018,0.015,0.015,0.014,0.011,0.01,0.009,0.009,0.008,0.006,0.007,0.006,0.005,0.005,0.004,0.005,0.003,0.003,0.003,0.003,0.002,0.003,0.002,0.002,0.002,0.002,0.002,0.001,0.002,0.002,0.001,0.002,0.001,0.001,0.001
2.531,2.218,1.921,1.718,1.536,1.283,1.025,0.858,0.746,0.667,0.594,0.549,0.507,0.47,0.44,0.411,0.381,0.355,0.335,0.312,0.294,0.278,0.264,0.25,0.232,0.217,0.209,0.194,0.186,0.18,0.167,0.154,0.146,0.143,0.135,0.126,0.123,0.11,0.11,0.106,0.096,0.091,0.087,0.081,0.079,0.075,0.069,0.067,0.063,0.06,0.055,0.052,0.046,0.049,0.044,0.039,0.036,0.038,0.035,0.035,0.028,0.027,0.024,0.022,0.021,0.019,0.02,0.015,0.014,0.014,0.011,0.011,0.009,0.008,0.008,0.007,0.006,0.006,0.005,0.005,0.004,0.003,0.004,0.003,0.003,0.003,0.003,0.003,0.003,0.002,0.002,0.002,0.002,0.002,0.002,0.002,0.001,0.001,0.001,0.002

train_acc1
15.142,27.296,40.822,55.184,66.16,72.948,76.624,79.414,81.468,83.044,84.718,85.446,86.256,87.388,88.142,89.036,89.608,90.238,91.108,91.564,92.062,92.336,92.786,93.35,93.644,94.184,94.3,94.606,94.804,95.118,95.492,95.696,96.01,96.258,96.216,96.598,96.828,96.97,97.212,97.232,97.332,97.726,97.486,97.784,97.828,97.796,98.2,98.138,98.338,98.378,98.566,98.56,98.722,98.672,98.812,98.942,98.912,98.788,99.126,99.122,99.202,99.216,99.336,99.312,99.432,99.434,99.482,99.522,99.624,99.63,99.662,99.714,99.796,99.766,99.766,99.846,99.856,99.84,99.9,99.9,99.882,99.906,99.878,99.894,99.932,99.902,99.948,99.952,99.94,99.934,99.95,99.944,99.952,99.932,99.97,99.954,99.964,99.97,99.964,99.968
13.628,24.22,33.702,45.334,56.274,64.67,70.724,74.884,77.884,80.366,82.168,83.206,84.434,85.648,86.666,87.634,88.152,89.046,89.798,90.438,90.878,91.386,92.04,92.316,92.864,93.316,93.558,93.882,94.28,94.474,94.83,95.144,95.398,95.656,95.858,96.026,96.452,96.508,96.85,96.87,97.102,97.152,97.352,97.336,97.484,97.782,97.84,97.858,98.012,98.17,98.258,98.35,98.464,98.564,98.572,98.694,98.862,98.842,98.854,99.072,99.094,99.206,99.234,99.204,99.444,99.434,99.496,99.488,99.546,99.592,99.64,99.694,99.694,99.732,99.784,99.784,99.804,99.836,99.84,99.872,99.864,99.91,99.908,99.902,99.916,99.93,99.898,99.924,99.936,99.944,99.942,99.95,99.946,99.95,99.952,99.966,99.952,99.956,99.954,99.966
11.318,16.67,24.596,33.394,42.07,52.402,63.822,70.42,74.596,77.504,80.168,81.556,83.038,84.258,85.262,86.294,87.292,88.042,88.822,89.632,90.216,90.75,91.04,91.716,92.108,92.76,92.936,93.474,93.762,93.904,94.296,94.89,95.186,95.174,95.52,95.644,95.796,96.274,96.276,96.422,96.834,96.886,96.996,97.228,97.326,97.422,97.742,97.716,97.886,97.974,98.156,98.202,98.462,98.402,98.488,98.688,98.77,98.708,98.818,98.812,99.03,99.094,99.16,99.188,99.29,99.336,99.324,99.52,99.518,99.514,99.592,99.608,99.67,99.722,99.716,99.788,99.788,99.796,99.856,99.834,99.858,99.898,99.874,99.926,99.916,99.894,99.926,99.916,99.916,99.93,99.93,99.95,99.936,99.952,99.946,99.95,99.964,99.968,99.956,99.954

val_acc1
21.18,35.45,44.44,59.21,69.76,73.81,75.39,78.57,80.1,81.54,82.65,84.11,84.14,83.01,85.27,85.98,85.47,86.72,86.22,87.25,87.64,86.12,88.48,88.34,88.58,88.69,88.27,88.17,88.15,88.34,88.06,88.51,89.32,88.68,88.72,89.19,89.4,89.35,89.12,90.11,89.62,89.06,89.92,89.72,89.04,90.17,89.39,89.72,89.35,89.88,90.27,90.34,90.36,90.13,90.46,90.05,90.63,90.63,90.47,90.31,89.88,90.78,90.88,91.08,90.77,90.77,91.15,91.22,91.38,91.3,91.33,91.54,91.34,91.81,91.47,91.8,91.76,91.72,91.78,91.9,91.99,91.95,91.98,91.97,91.87,91.83,91.96,91.91,92.03,91.84,92.07,92.0,92.07,91.96,92.12,92.18,92.1,92.09,91.99,92.02
18.86,28.78,37.12,49.86,58.86,64.43,71.46,72.03,78.77,78.83,81.57,81.07,80.27,78.83,85.37,83.83,83.09,83.56,85.54,86.09,86.66,86.0,87.63,87.0,87.42,87.11,87.73,87.85,88.52,87.67,88.85,88.47,89.01,89.05,88.51,88.35,88.45,87.72,88.54,89.06,89.03,88.92,89.56,89.64,89.74,89.33,88.94,89.92,89.7,90.04,89.78,90.36,89.79,89.73,89.67,89.31,90.65,90.34,90.48,90.12,90.53,90.86,91.05,90.62,90.94,90.94,91.01,91.04,90.59,91.02,91.32,91.26,91.08,91.29,91.35,91.76,91.35,91.51,91.67,91.67,91.73,91.71,91.6,91.74,91.77,91.73,91.91,91.97,91.98,92.03,92.13,92.0,92.2,91.98,92.04,91.97,91.93,92.03,91.92,92.03
12.26,19.14,29.82,38.04,47.84,56.57,63.0,71.22,74.43,77.83,79.07,78.1,80.55,79.07,82.31,81.84,82.73,83.92,86.48,86.19,87.29,86.46,85.71,86.97,87.29,87.73,88.22,87.15,88.33,89.47,88.38,88.59,87.75,88.74,88.79,88.22,89.2,88.64,88.76,89.22,89.33,89.01,89.51,89.82,89.8,89.39,89.78,89.71,89.48,89.65,90.03,90.28,90.49,90.66,90.06,89.77,90.53,90.29,90.44,90.71,90.39,90.79,90.92,90.84,91.01,91.11,90.78,90.46,91.16,90.79,91.25,90.98,91.4,91.26,91.42,91.51,91.52,91.44,91.59,91.69,91.44,91.67,91.6,91.74,91.7,91.78,91.88,91.69,91.75,91.66,91.73,91.67,91.75,91.92,91.79,91.78,91.82,91.86,91.78,91.86

val_loss
1.997,1.672,1.562,1.234,0.858,0.77,0.72,0.634,0.6,0.568,0.522,0.493,0.483,0.526,0.452,0.434,0.462,0.415,0.429,0.405,0.393,0.44,0.366,0.377,0.385,0.378,0.375,0.405,0.385,0.392,0.415,0.41,0.366,0.422,0.384,0.399,0.377,0.398,0.418,0.363,0.403,0.447,0.387,0.427,0.437,0.393,0.428,0.431,0.444,0.42,0.415,0.398,0.43,0.429,0.429,0.45,0.436,0.401,0.424,0.451,0.502,0.44,0.435,0.444,0.458,0.452,0.447,0.444,0.445,0.468,0.453,0.481,0.486,0.475,0.508,0.487,0.492,0.503,0.502,0.503,0.501,0.497,0.494,0.502,0.503,0.496,0.49,0.506,0.498,0.506,0.53,0.524,0.508,0.522,0.512,0.519,0.522,0.524,0.522,0.522
2.097,1.822,1.712,1.359,1.149,1.021,0.821,0.825,0.641,0.621,0.556,0.575,0.574,0.65,0.44,0.524,0.531,0.507,0.45,0.438,0.423,0.448,0.388,0.411,0.404,0.407,0.4,0.407,0.385,0.393,0.369,0.399,0.389,0.394,0.412,0.412,0.421,0.442,0.428,0.409,0.413,0.416,0.42,0.419,0.395,0.42,0.422,0.419,0.409,0.393,0.442,0.414,0.447,0.453,0.468,0.465,0.407,0.423,0.406,0.457,0.413,0.418,0.417,0.443,0.442,0.441,0.46,0.459,0.446,0.463,0.466,0.457,0.461,0.46,0.491,0.476,0.493,0.498,0.527,0.505,0.505,0.509,0.504,0.505,0.506,0.503,0.514,0.511,0.515,0.509,0.515,0.525,0.518,0.515,0.516,0.535,0.522,0.534,0.523,0.525
2.282,2.067,1.837,1.645,1.389,1.239,1.053,0.854,0.759,0.669,0.636,0.666,0.589,0.655,0.557,0.581,0.542,0.501,0.413,0.432,0.404,0.425,0.476,0.435,0.416,0.389,0.384,0.465,0.391,0.353,0.377,0.414,0.44,0.418,0.399,0.429,0.384,0.418,0.402,0.4,0.417,0.419,0.384,0.406,0.405,0.432,0.407,0.417,0.45,0.422,0.397,0.401,0.433,0.409,0.469,0.454,0.418,0.425,0.423,0.417,0.451,0.454,0.436,0.445,0.431,0.465,0.455,0.507,0.484,0.478,0.464,0.498,0.498,0.489,0.495,0.493,0.494,0.49,0.508,0.51,0.523,0.516,0.515,0.52,0.522,0.517,0.528,0.521,0.534,0.538,0.54,0.541,0.53,0.542,0.538,0.548,0.564,0.55,0.552,0.545

learning_rate
0.04995,0.049944,0.049939,0.049932,0.049925,0.049917,0.049908,0.049899,0.049888,0.049876,0.049864,0.049849,0.049833,0.049816,0.049797,0.049775,0.049752,0.049726,0.049697,0.049666,0.049631,0.049592,0.04955,0.049503,0.049451,0.049394,0.049331,0.049262,0.049186,0.049102,0.049009,0.048907,0.048795,0.048671,0.048536,0.048387,0.048223,0.048044,0.047847,0.047631,0.047395,0.047137,0.046854,0.046547,0.046211,0.045846,0.045448,0.045017,0.044551,0.044046,0.043501,0.042915,0.042284,0.041609,0.040888,0.040119,0.039302,0.038438,0.037525,0.036566,0.035562,0.034514,0.033426,0.032301,0.031142,0.029954,0.028743,0.027514,0.026273,0.025025,0.023777,0.022536,0.021307,0.020096,0.018908,0.017749,0.016624,0.015536,0.014488,0.013484,0.012525,0.011612,0.010748,0.009931,0.009162,0.008441,0.007766,0.007135,0.006549,0.006004,0.005499,0.005033,0.004602,0.004204,0.003839,0.003503,0.003196,0.002913,0.002655,0.002419
0.04995,0.049944,0.049939,0.049932,0.049925,0.049917,0.049908,0.049899,0.049888,0.049876,0.049864,0.049849,0.049833,0.049816,0.049797,0.049775,0.049752,0.049726,0.049697,0.049666,0.049631,0.049592,0.04955,0.049503,0.049451,0.049394,0.049331,0.049262,0.049186,0.049102,0.049009,0.048907,0.048795,0.048671,0.048536,0.048387,0.048223,0.048044,0.047847,0.047631,0.047395,0.047137,0.046854,0.046547,0.046211,0.045846,0.045448,0.045017,0.044551,0.044046,0.043501,0.042915,0.042284,0.041609,0.040888,0.040119,0.039302,0.038438,0.037525,0.036566,0.035562,0.034514,0.033426,0.032301,0.031142,0.029954,0.028743,0.027514,0.026273,0.025025,0.023777,0.022536,0.021307,0.020096,0.018908,0.017749,0.016624,0.015536,0.014488,0.013484,0.012525,0.011612,0.010748,0.009931,0.009162,0.008441,0.007766,0.007135,0.006549,0.006004,0.005499,0.005033,0.004602,0.004204,0.003839,0.003503,0.003196,0.002913,0.002655,0.002419
0.04995,0.049944,0.049939,0.049932,0.049925,0.049917,0.049908,0.049899,0.049888,0.049876,0.049864,0.049849,0.049833,0.049816,0.049797,0.049775,0.049752,0.049726,0.049697,0.049666,0.049631,0.049592,0.04955,0.049503,0.049451,0.049394,0.049331,0.049262,0.049186,0.049102,0.049009,0.048907,0.048795,0.048671,0.048536,0.048387,0.048223,0.048044,0.047847,0.047631,0.047395,0.047137,0.046854,0.046547,0.046211,0.045846,0.045448,0.045017,0.044551,0.044046,0.043501,0.042915,0.042284,0.041609,0.040888,0.040119,0.039302,0.038438,0.037525,0.036566,0.035562,0.034514,0.033426,0.032301,0.031142,0.029954,0.028743,0.027514,0.026273,0.025025,0.023777,0.022536,0.021307,0.020096,0.018908,0.017749,0.016624,0.015536,0.014488,0.013484,0.012525,0.011612,0.010748,0.009931,0.009162,0.008441,0.007766,0.007135,0.006549,0.006004,0.005499,0.005033,0.004602,0.004204,0.003839,0.003503,0.003196,0.002913,0.002655,0.002419

