parameters
tas_alpha:10
tas_beta:0.3
tas_gamma:1e-3
sgd_lr:0.05
sgd_momentum:0.9
sgd_weight_decay:0
sgd_dampening:0
sgd_nesterov:False
architecture:vgg19bn_
dataset:cifar10
combine_datasets:False
do_validation_set:False
epochs:100
batch_size:128
test_set_split:0.1666667
validation_set_split:0.0
reduce_train_set:1
executions:3
base_seed:42
training_method:sgd
learning_method:tas

train_loss
2.493,1.992,1.784,1.52,1.276,1.049,0.884,0.762,0.668,0.602,0.541,0.498,0.457,0.422,0.39,0.361,0.339,0.313,0.286,0.265,0.249,0.234,0.218,0.199,0.188,0.168,0.158,0.143,0.137,0.125,0.113,0.104,0.093,0.086,0.078,0.07,0.064,0.058,0.05,0.047,0.044,0.037,0.035,0.03,0.025,0.027,0.021,0.022,0.018,0.017,0.016,0.014,0.012,0.013,0.012,0.011,0.009,0.01,0.008,0.009,0.008,0.007,0.007,0.007,0.007,0.007,0.006,0.006,0.006,0.005,0.006,0.006,0.006,0.006,0.004,0.005,0.004,0.005,0.005,0.006,0.005,0.004,0.004,0.004,0.005,0.004,0.004,0.005,0.004,0.005,0.004,0.004,0.004,0.005,0.004,0.005,0.005,0.005,0.004,0.004
2.431,1.956,1.724,1.469,1.245,1.049,0.891,0.767,0.679,0.612,0.554,0.513,0.469,0.437,0.408,0.378,0.352,0.329,0.305,0.282,0.266,0.247,0.229,0.213,0.2,0.182,0.17,0.16,0.149,0.131,0.127,0.111,0.101,0.094,0.085,0.078,0.069,0.062,0.06,0.052,0.047,0.042,0.038,0.034,0.029,0.027,0.025,0.024,0.021,0.018,0.016,0.015,0.013,0.013,0.012,0.011,0.011,0.011,0.009,0.009,0.009,0.008,0.008,0.008,0.007,0.007,0.007,0.006,0.007,0.006,0.006,0.006,0.006,0.006,0.005,0.005,0.006,0.005,0.004,0.006,0.005,0.005,0.006,0.005,0.006,0.005,0.006,0.005,0.005,0.005,0.005,0.005,0.005,0.005,0.004,0.004,0.006,0.005,0.005,0.005
2.525,1.968,1.763,1.477,1.248,1.054,0.899,0.772,0.679,0.606,0.547,0.505,0.467,0.432,0.402,0.375,0.35,0.323,0.3,0.278,0.257,0.243,0.227,0.209,0.193,0.182,0.169,0.153,0.144,0.133,0.118,0.112,0.102,0.093,0.084,0.076,0.067,0.061,0.057,0.05,0.046,0.043,0.041,0.032,0.03,0.027,0.024,0.022,0.02,0.018,0.017,0.016,0.014,0.013,0.012,0.011,0.01,0.01,0.009,0.009,0.009,0.008,0.008,0.008,0.007,0.007,0.007,0.006,0.006,0.006,0.006,0.006,0.006,0.006,0.006,0.006,0.005,0.005,0.005,0.005,0.006,0.005,0.005,0.005,0.005,0.006,0.005,0.006,0.005,0.004,0.004,0.005,0.005,0.004,0.005,0.005,0.005,0.005,0.005,0.005

train_acc1
13.39,23.714,32.92,43.002,54.062,62.824,69.248,73.726,77.18,79.816,81.628,83.096,84.51,85.874,86.81,87.732,88.6,89.452,90.224,91.012,91.572,92.08,92.49,93.274,93.598,94.25,94.602,95.048,95.2,95.746,96.076,96.442,96.83,96.994,97.308,97.584,97.808,98.004,98.282,98.39,98.542,98.712,98.816,98.982,99.164,99.186,99.258,99.242,99.406,99.452,99.468,99.528,99.584,99.58,99.614,99.684,99.692,99.672,99.718,99.706,99.722,99.748,99.774,99.784,99.78,99.78,99.796,99.82,99.832,99.832,99.81,99.81,99.808,99.804,99.86,99.852,99.858,99.846,99.844,99.83,99.84,99.852,99.868,99.842,99.832,99.87,99.852,99.842,99.84,99.844,99.872,99.858,99.878,99.87,99.866,99.85,99.86,99.844,99.846,99.864
15.124,25.934,35.112,45.494,55.362,62.882,68.958,73.64,76.592,79.362,81.218,82.624,84.178,85.2,86.148,87.326,88.136,88.886,89.488,90.506,90.982,91.586,92.114,92.778,93.102,93.838,94.12,94.406,94.872,95.44,95.616,96.058,96.482,96.72,97.09,97.252,97.614,97.894,97.856,98.268,98.378,98.554,98.63,98.898,99.026,99.082,99.136,99.19,99.266,99.398,99.438,99.518,99.546,99.508,99.552,99.578,99.624,99.614,99.704,99.684,99.704,99.712,99.696,99.734,99.762,99.758,99.776,99.782,99.776,99.8,99.796,99.794,99.804,99.792,99.812,99.828,99.824,99.83,99.866,99.764,99.84,99.826,99.818,99.828,99.8,99.838,99.804,99.832,99.834,99.82,99.852,99.832,99.836,99.834,99.85,99.864,99.804,99.856,99.834,99.836
12.774,24.93,33.394,44.618,54.822,62.658,68.61,73.244,76.834,79.472,81.374,82.946,84.338,85.248,86.428,87.432,88.138,88.932,89.754,90.616,91.32,91.788,92.21,92.956,93.368,93.876,94.052,94.742,94.99,95.404,95.972,96.034,96.412,96.76,97.098,97.286,97.754,97.97,98.052,98.276,98.372,98.542,98.604,98.912,98.992,99.056,99.142,99.268,99.312,99.362,99.43,99.446,99.504,99.54,99.58,99.608,99.698,99.672,99.67,99.676,99.708,99.73,99.714,99.742,99.778,99.768,99.746,99.798,99.788,99.82,99.802,99.83,99.834,99.798,99.79,99.82,99.83,99.856,99.838,99.832,99.826,99.852,99.856,99.818,99.824,99.824,99.846,99.826,99.852,99.852,99.876,99.812,99.86,99.852,99.844,99.848,99.84,99.83,99.852,99.846

val_acc1
22.09,28.78,37.42,45.95,54.23,64.94,72.62,72.6,77.59,79.32,79.74,80.84,81.63,80.12,84.94,83.95,84.83,85.38,86.6,86.18,86.71,87.36,87.71,87.94,87.79,89.03,88.53,88.34,89.07,88.77,88.86,88.87,89.04,89.98,89.76,89.86,89.83,89.47,89.9,90.32,90.4,90.1,90.19,90.27,90.16,90.38,90.34,90.3,90.33,90.44,90.47,90.26,90.62,90.6,90.44,90.67,90.76,90.51,90.71,90.75,90.89,90.84,90.82,90.85,90.79,90.81,90.84,90.93,90.9,90.8,90.96,90.99,90.96,90.9,90.87,90.95,90.88,90.81,90.85,90.99,90.87,90.81,90.79,90.81,90.91,90.92,90.93,90.9,90.86,90.83,90.82,90.91,90.91,90.88,90.92,90.8,90.86,90.87,90.94,90.9
21.34,31.78,40.65,48.66,54.05,63.44,70.14,73.95,77.4,75.66,79.67,82.2,82.03,81.58,84.65,83.48,83.61,85.45,84.29,86.48,86.88,86.62,87.43,87.56,87.77,87.65,88.63,88.1,88.05,88.39,88.94,88.67,88.98,89.34,89.35,89.85,89.55,89.58,89.45,89.47,89.98,89.86,89.98,90.36,90.4,90.61,90.56,90.38,90.65,90.5,90.67,90.53,90.69,90.49,90.68,90.86,90.8,91.0,90.85,90.8,90.89,90.77,90.85,90.99,91.07,90.98,90.98,90.92,91.05,90.95,90.91,91.05,90.95,90.98,91.05,91.12,91.11,91.15,91.04,91.1,91.12,91.11,91.02,91.1,91.15,91.04,91.22,91.02,91.07,91.11,91.02,91.07,90.98,91.07,91.03,91.02,90.98,91.05,91.08,91.08
19.08,31.15,38.04,49.76,54.12,64.39,65.75,69.18,77.84,78.31,80.66,80.26,81.34,83.26,84.57,84.12,83.39,85.33,85.47,87.16,87.06,86.75,87.66,88.12,87.68,88.13,88.45,88.54,87.45,89.06,88.65,88.24,89.3,89.88,89.05,89.6,89.94,89.78,89.41,89.84,89.82,90.33,89.94,90.15,90.11,90.05,90.22,90.18,90.31,90.44,90.16,90.45,90.29,90.18,90.63,90.5,90.56,90.75,90.66,90.63,90.7,90.61,90.68,90.68,90.68,90.65,90.69,90.67,90.74,90.72,90.8,90.73,90.72,90.81,90.82,90.82,90.83,90.84,90.84,90.78,90.88,90.87,90.83,90.73,90.76,90.82,90.74,90.84,90.83,90.81,90.81,90.9,90.93,90.91,90.8,90.78,90.75,90.84,90.65,90.84

val_loss
1.998,2.044,1.639,1.484,1.28,0.985,0.789,0.796,0.666,0.626,0.608,0.568,0.548,0.608,0.46,0.514,0.465,0.444,0.419,0.437,0.437,0.398,0.388,0.407,0.409,0.358,0.365,0.413,0.368,0.394,0.398,0.405,0.404,0.387,0.399,0.422,0.424,0.426,0.428,0.433,0.425,0.451,0.447,0.444,0.485,0.455,0.488,0.474,0.484,0.512,0.513,0.499,0.519,0.522,0.544,0.529,0.534,0.54,0.54,0.545,0.55,0.55,0.551,0.548,0.57,0.563,0.555,0.559,0.559,0.559,0.566,0.568,0.571,0.568,0.582,0.576,0.571,0.581,0.573,0.591,0.584,0.593,0.58,0.581,0.58,0.569,0.587,0.579,0.594,0.592,0.608,0.593,0.587,0.588,0.581,0.583,0.579,0.593,0.587,0.581
2.053,1.876,1.621,1.438,1.316,1.077,0.866,0.738,0.676,0.74,0.617,0.527,0.521,0.56,0.466,0.501,0.507,0.433,0.502,0.419,0.408,0.436,0.391,0.381,0.398,0.395,0.36,0.398,0.406,0.404,0.382,0.402,0.392,0.399,0.393,0.38,0.403,0.393,0.421,0.439,0.438,0.436,0.437,0.442,0.45,0.437,0.448,0.458,0.457,0.492,0.491,0.514,0.506,0.504,0.527,0.516,0.522,0.517,0.519,0.532,0.527,0.533,0.528,0.521,0.535,0.529,0.532,0.533,0.539,0.548,0.537,0.553,0.548,0.543,0.541,0.557,0.549,0.543,0.56,0.556,0.556,0.559,0.546,0.561,0.549,0.543,0.569,0.561,0.567,0.552,0.572,0.571,0.568,0.558,0.556,0.56,0.55,0.565,0.571,0.56
2.238,1.863,1.664,1.453,1.344,1.021,1.036,0.908,0.665,0.64,0.585,0.603,0.565,0.511,0.464,0.502,0.519,0.437,0.448,0.399,0.401,0.412,0.388,0.385,0.399,0.389,0.374,0.385,0.419,0.378,0.403,0.438,0.398,0.397,0.412,0.399,0.401,0.414,0.44,0.441,0.437,0.434,0.429,0.467,0.486,0.479,0.48,0.505,0.503,0.506,0.536,0.534,0.541,0.54,0.563,0.561,0.56,0.554,0.555,0.576,0.585,0.58,0.567,0.571,0.575,0.577,0.575,0.574,0.58,0.584,0.588,0.592,0.595,0.591,0.594,0.597,0.596,0.609,0.613,0.612,0.608,0.614,0.6,0.603,0.601,0.589,0.611,0.599,0.635,0.6,0.613,0.62,0.602,0.603,0.613,0.604,0.61,0.618,0.612,0.611

learning_rate
0.047395,0.047137,0.046854,0.046547,0.046211,0.045846,0.045448,0.045017,0.044551,0.044046,0.043501,0.042915,0.042284,0.041609,0.040888,0.040119,0.039302,0.038438,0.037525,0.036566,0.035562,0.034514,0.033426,0.032301,0.031142,0.029954,0.028743,0.027514,0.026273,0.025025,0.023777,0.022536,0.021307,0.020096,0.018908,0.017749,0.016624,0.015536,0.014488,0.013484,0.012525,0.011612,0.010748,0.009931,0.009162,0.008441,0.007766,0.007135,0.006549,0.006004,0.005499,0.005033,0.004602,0.004204,0.003839,0.003503,0.003196,0.002913,0.002655,0.002419,0.002203,0.002006,0.001827,0.001663,0.001514,0.001379,0.001255,0.001143,0.001041,0.000948,0.000864,0.000788,0.000719,0.000656,0.000599,0.000547,0.0005,0.000458,0.000419,0.000384,0.000353,0.000324,0.000298,0.000275,0.000253,0.000234,0.000217,0.000201,0.000186,0.000174,0.000162,0.000151,0.000142,0.000133,0.000125,0.000118,0.000111,0.000106,0.0001,9.6e-05
0.047395,0.047137,0.046854,0.046547,0.046211,0.045846,0.045448,0.045017,0.044551,0.044046,0.043501,0.042915,0.042284,0.041609,0.040888,0.040119,0.039302,0.038438,0.037525,0.036566,0.035562,0.034514,0.033426,0.032301,0.031142,0.029954,0.028743,0.027514,0.026273,0.025025,0.023777,0.022536,0.021307,0.020096,0.018908,0.017749,0.016624,0.015536,0.014488,0.013484,0.012525,0.011612,0.010748,0.009931,0.009162,0.008441,0.007766,0.007135,0.006549,0.006004,0.005499,0.005033,0.004602,0.004204,0.003839,0.003503,0.003196,0.002913,0.002655,0.002419,0.002203,0.002006,0.001827,0.001663,0.001514,0.001379,0.001255,0.001143,0.001041,0.000948,0.000864,0.000788,0.000719,0.000656,0.000599,0.000547,0.0005,0.000458,0.000419,0.000384,0.000353,0.000324,0.000298,0.000275,0.000253,0.000234,0.000217,0.000201,0.000186,0.000174,0.000162,0.000151,0.000142,0.000133,0.000125,0.000118,0.000111,0.000106,0.0001,9.6e-05
0.047395,0.047137,0.046854,0.046547,0.046211,0.045846,0.045448,0.045017,0.044551,0.044046,0.043501,0.042915,0.042284,0.041609,0.040888,0.040119,0.039302,0.038438,0.037525,0.036566,0.035562,0.034514,0.033426,0.032301,0.031142,0.029954,0.028743,0.027514,0.026273,0.025025,0.023777,0.022536,0.021307,0.020096,0.018908,0.017749,0.016624,0.015536,0.014488,0.013484,0.012525,0.011612,0.010748,0.009931,0.009162,0.008441,0.007766,0.007135,0.006549,0.006004,0.005499,0.005033,0.004602,0.004204,0.003839,0.003503,0.003196,0.002913,0.002655,0.002419,0.002203,0.002006,0.001827,0.001663,0.001514,0.001379,0.001255,0.001143,0.001041,0.000948,0.000864,0.000788,0.000719,0.000656,0.000599,0.000547,0.0005,0.000458,0.000419,0.000384,0.000353,0.000324,0.000298,0.000275,0.000253,0.000234,0.000217,0.000201,0.000186,0.000174,0.000162,0.000151,0.000142,0.000133,0.000125,0.000118,0.000111,0.000106,0.0001,9.6e-05

