parameters
tas_alpha:25
tas_beta:0.5
tas_gamma:1e-3
sgd_lr:0.05
sgd_momentum:0.9
sgd_weight_decay:0
sgd_dampening:0
sgd_nesterov:False
architecture:vgg19bn_
dataset:cifar10
combine_datasets:False
do_validation_set:False
epochs:100
batch_size:128
test_set_split:0.1666667
validation_set_split:0.0
reduce_train_set:1
executions:3
base_seed:42
training_method:sgd
learning_method:tas

train_loss
2.448,1.976,1.75,1.534,1.26,1.003,0.842,0.723,0.642,0.582,0.527,0.487,0.452,0.419,0.386,0.366,0.341,0.318,0.298,0.279,0.263,0.249,0.231,0.221,0.205,0.193,0.187,0.171,0.165,0.158,0.147,0.137,0.13,0.125,0.121,0.111,0.105,0.097,0.094,0.088,0.084,0.074,0.069,0.059,0.059,0.051,0.043,0.039,0.033,0.028,0.021,0.019,0.015,0.012,0.011,0.01,0.008,0.008,0.007,0.006,0.005,0.005,0.005,0.005,0.005,0.005,0.005,0.004,0.004,0.005,0.004,0.005,0.004,0.005,0.004,0.004,0.004,0.004,0.004,0.004,0.004,0.004,0.004,0.004,0.004,0.003,0.004,0.004,0.004,0.004,0.005,0.005,0.004,0.004,0.004,0.004,0.004,0.004,0.004,0.004
2.31,1.899,1.642,1.367,1.116,0.917,0.786,0.69,0.616,0.562,0.508,0.477,0.439,0.407,0.377,0.354,0.33,0.304,0.292,0.267,0.255,0.238,0.228,0.21,0.198,0.186,0.179,0.169,0.158,0.152,0.138,0.134,0.125,0.118,0.116,0.106,0.096,0.09,0.085,0.084,0.077,0.069,0.066,0.059,0.053,0.049,0.042,0.037,0.03,0.025,0.02,0.017,0.014,0.01,0.01,0.008,0.006,0.007,0.005,0.005,0.005,0.005,0.004,0.005,0.004,0.004,0.004,0.004,0.004,0.004,0.004,0.004,0.004,0.004,0.003,0.004,0.004,0.004,0.003,0.004,0.004,0.003,0.004,0.003,0.004,0.004,0.004,0.004,0.004,0.004,0.003,0.003,0.004,0.004,0.003,0.003,0.003,0.004,0.004,0.004
2.573,1.993,1.786,1.501,1.209,0.96,0.81,0.7,0.621,0.56,0.506,0.467,0.434,0.403,0.374,0.349,0.326,0.306,0.282,0.265,0.251,0.232,0.223,0.209,0.195,0.181,0.178,0.168,0.154,0.144,0.141,0.13,0.12,0.118,0.109,0.104,0.097,0.092,0.091,0.08,0.076,0.072,0.063,0.058,0.052,0.049,0.041,0.036,0.029,0.023,0.023,0.018,0.013,0.013,0.009,0.008,0.007,0.007,0.006,0.004,0.005,0.004,0.004,0.004,0.004,0.004,0.004,0.004,0.004,0.004,0.004,0.004,0.003,0.004,0.004,0.003,0.003,0.004,0.003,0.003,0.004,0.004,0.004,0.003,0.004,0.003,0.004,0.003,0.003,0.003,0.003,0.004,0.003,0.004,0.003,0.004,0.004,0.004,0.003,0.004

train_acc1
12.866,23.87,33.028,42.13,54.148,64.56,70.842,75.536,78.156,80.696,82.492,83.724,84.862,85.782,87.0,87.742,88.584,89.21,89.73,90.614,91.126,91.59,92.178,92.602,93.0,93.384,93.616,94.29,94.376,94.604,94.94,95.374,95.562,95.812,95.824,96.118,96.428,96.65,96.768,96.986,97.108,97.44,97.586,97.968,98.004,98.298,98.466,98.658,98.848,99.02,99.3,99.402,99.486,99.586,99.61,99.706,99.726,99.732,99.782,99.792,99.828,99.832,99.844,99.844,99.822,99.87,99.828,99.884,99.87,99.852,99.864,99.86,99.858,99.852,99.89,99.842,99.862,99.866,99.886,99.864,99.844,99.838,99.878,99.874,99.866,99.892,99.874,99.846,99.864,99.868,99.848,99.834,99.892,99.88,99.882,99.862,99.87,99.866,99.884,99.848
17.894,28.408,38.04,49.928,60.262,67.628,72.754,76.346,79.06,81.198,83.058,83.788,85.126,86.27,87.112,88.112,88.748,89.776,90.114,90.868,91.396,91.84,92.248,92.818,93.216,93.72,93.912,94.272,94.608,94.77,95.318,95.368,95.68,95.852,96.028,96.354,96.65,96.934,97.058,97.096,97.334,97.582,97.776,97.986,98.206,98.304,98.592,98.734,98.956,99.148,99.254,99.402,99.54,99.676,99.654,99.712,99.79,99.782,99.832,99.844,99.824,99.852,99.87,99.834,99.872,99.874,99.882,99.872,99.88,99.882,99.832,99.864,99.874,99.894,99.886,99.844,99.868,99.878,99.888,99.886,99.87,99.874,99.852,99.888,99.874,99.878,99.856,99.888,99.898,99.878,99.898,99.888,99.89,99.874,99.906,99.886,99.894,99.89,99.906,99.864
11.348,22.336,31.428,43.786,56.326,66.182,72.042,76.176,78.966,81.11,83.162,84.148,85.26,86.486,87.344,88.092,89.082,89.532,90.326,90.908,91.456,92.148,92.346,92.746,93.334,93.91,93.864,94.214,94.714,95.01,95.178,95.522,95.886,95.968,96.358,96.388,96.69,96.868,96.882,97.27,97.362,97.544,97.84,97.996,98.21,98.326,98.606,98.78,98.998,99.152,99.26,99.366,99.534,99.578,99.662,99.718,99.776,99.78,99.814,99.85,99.842,99.87,99.886,99.85,99.88,99.868,99.894,99.9,99.868,99.882,99.854,99.886,99.89,99.87,99.868,99.878,99.89,99.876,99.884,99.892,99.878,99.892,99.86,99.904,99.858,99.888,99.88,99.892,99.89,99.892,99.914,99.87,99.9,99.878,99.898,99.896,99.886,99.852,99.892,99.882

val_acc1
19.0,27.09,38.84,47.37,61.86,67.36,72.64,72.79,79.01,78.77,82.21,80.78,80.96,83.34,85.36,82.83,83.78,84.22,86.81,86.21,85.77,87.8,87.21,86.39,88.18,87.81,88.45,88.01,88.41,88.64,88.82,87.93,89.18,87.78,88.85,89.09,89.15,88.81,89.06,89.17,89.25,89.47,88.99,89.01,89.82,89.92,89.83,89.97,90.28,90.67,90.88,90.71,90.95,91.21,91.24,91.35,91.27,91.22,91.36,91.41,91.49,91.46,91.48,91.59,91.54,91.51,91.49,91.54,91.49,91.47,91.47,91.49,91.48,91.54,91.49,91.49,91.58,91.55,91.5,91.48,91.47,91.55,91.44,91.5,91.53,91.47,91.5,91.54,91.42,91.53,91.48,91.46,91.52,91.55,91.45,91.59,91.48,91.47,91.48,91.54
23.22,34.43,43.54,47.86,64.71,62.38,74.5,77.48,80.06,80.74,81.16,82.25,81.66,82.12,85.28,84.62,84.85,85.2,85.82,85.9,86.5,86.8,87.32,87.71,88.05,88.1,87.88,87.9,88.45,88.57,87.79,88.77,89.22,89.17,89.06,88.66,88.83,89.19,88.81,89.44,89.93,89.44,89.4,89.75,89.76,90.28,90.04,90.31,90.43,90.22,90.52,91.04,90.94,91.26,90.87,91.27,91.12,91.2,91.32,91.17,91.32,91.28,91.44,91.39,91.4,91.35,91.23,91.29,91.39,91.32,91.26,91.41,91.25,91.41,91.4,91.35,91.32,91.28,91.39,91.43,91.34,91.36,91.33,91.35,91.35,91.32,91.26,91.37,91.29,91.26,91.39,91.36,91.35,91.32,91.31,91.33,91.27,91.35,91.43,91.36
16.97,28.27,38.62,49.63,59.55,67.57,72.81,76.08,79.77,79.03,79.39,83.38,79.06,81.04,85.72,84.14,85.24,86.07,86.69,86.9,87.77,86.63,88.7,88.31,88.96,88.6,88.12,87.28,89.02,88.35,88.98,88.28,88.64,89.2,89.07,88.95,88.81,89.21,88.79,89.36,90.16,90.02,89.41,89.83,89.97,89.14,90.23,90.26,90.53,90.57,90.84,91.15,91.38,91.4,91.22,91.82,91.7,91.44,91.73,91.59,91.82,91.73,91.77,91.8,91.83,91.86,91.87,91.81,91.78,91.82,91.95,91.85,91.86,91.88,91.91,91.93,91.89,91.96,91.83,91.8,91.84,91.79,91.97,91.95,91.84,91.96,91.89,91.89,91.95,91.85,91.88,91.86,91.92,91.97,91.88,91.92,91.95,91.84,91.86,91.9

val_loss
2.28,1.857,1.598,1.461,1.073,0.955,0.785,0.824,0.636,0.643,0.528,0.579,0.586,0.52,0.453,0.524,0.521,0.476,0.428,0.424,0.469,0.396,0.416,0.442,0.387,0.392,0.376,0.4,0.369,0.386,0.387,0.42,0.397,0.418,0.4,0.415,0.395,0.424,0.421,0.416,0.414,0.451,0.433,0.456,0.415,0.423,0.447,0.454,0.453,0.456,0.451,0.464,0.492,0.483,0.503,0.466,0.479,0.482,0.489,0.49,0.492,0.504,0.496,0.493,0.51,0.499,0.499,0.506,0.515,0.508,0.507,0.507,0.524,0.504,0.514,0.515,0.502,0.52,0.503,0.508,0.503,0.505,0.506,0.517,0.503,0.504,0.509,0.505,0.523,0.516,0.527,0.514,0.503,0.519,0.512,0.504,0.519,0.513,0.508,0.508
1.91,1.757,1.525,1.404,0.984,1.134,0.752,0.676,0.608,0.573,0.576,0.551,0.552,0.565,0.453,0.49,0.475,0.456,0.436,0.445,0.423,0.425,0.406,0.392,0.39,0.389,0.394,0.418,0.377,0.396,0.415,0.382,0.371,0.389,0.378,0.427,0.392,0.404,0.433,0.418,0.418,0.42,0.442,0.451,0.43,0.402,0.424,0.437,0.428,0.45,0.458,0.458,0.476,0.482,0.494,0.493,0.49,0.489,0.49,0.5,0.495,0.494,0.495,0.489,0.498,0.496,0.506,0.494,0.5,0.497,0.496,0.498,0.501,0.494,0.498,0.507,0.491,0.501,0.512,0.513,0.506,0.506,0.499,0.499,0.498,0.493,0.501,0.505,0.512,0.495,0.511,0.508,0.502,0.502,0.495,0.505,0.506,0.5,0.504,0.502
2.144,1.848,1.594,1.468,1.145,0.95,0.778,0.703,0.608,0.624,0.626,0.498,0.617,0.566,0.432,0.496,0.452,0.422,0.404,0.404,0.386,0.424,0.349,0.366,0.364,0.372,0.385,0.431,0.366,0.394,0.358,0.407,0.39,0.373,0.381,0.396,0.407,0.393,0.409,0.41,0.393,0.386,0.413,0.431,0.409,0.44,0.386,0.41,0.421,0.465,0.431,0.413,0.45,0.445,0.457,0.446,0.459,0.46,0.449,0.465,0.46,0.475,0.461,0.466,0.47,0.468,0.472,0.468,0.471,0.477,0.47,0.475,0.487,0.471,0.488,0.472,0.467,0.47,0.468,0.476,0.474,0.477,0.469,0.479,0.475,0.468,0.489,0.472,0.476,0.478,0.484,0.491,0.474,0.478,0.474,0.473,0.485,0.473,0.478,0.469

learning_rate
0.05,0.05,0.05,0.049999,0.049999,0.049999,0.049999,0.049999,0.049998,0.049998,0.049997,0.049996,0.049995,0.049994,0.049992,0.04999,0.049987,0.049983,0.049978,0.049972,0.049965,0.049954,0.049942,0.049925,0.049904,0.049876,0.049842,0.049797,0.049739,0.049666,0.049572,0.049451,0.049298,0.049102,0.048852,0.048536,0.048136,0.047631,0.046999,0.046211,0.045237,0.044046,0.042605,0.040888,0.038876,0.036566,0.033975,0.031142,0.028131,0.025025,0.021919,0.018908,0.016075,0.013484,0.011174,0.009162,0.007445,0.006004,0.004813,0.003839,0.003051,0.002419,0.001914,0.001514,0.001198,0.000948,0.000752,0.000599,0.000478,0.000384,0.000311,0.000253,0.000208,0.000174,0.000146,0.000125,0.000108,9.6e-05,8.5e-05,7.8e-05,7.2e-05,6.7e-05,6.3e-05,6e-05,5.8e-05,5.6e-05,5.5e-05,5.4e-05,5.3e-05,5.2e-05,5.2e-05,5.1e-05,5.1e-05,5.1e-05,5.1e-05,5.1e-05,5e-05,5e-05,5e-05,5e-05
0.05,0.05,0.05,0.049999,0.049999,0.049999,0.049999,0.049999,0.049998,0.049998,0.049997,0.049996,0.049995,0.049994,0.049992,0.04999,0.049987,0.049983,0.049978,0.049972,0.049965,0.049954,0.049942,0.049925,0.049904,0.049876,0.049842,0.049797,0.049739,0.049666,0.049572,0.049451,0.049298,0.049102,0.048852,0.048536,0.048136,0.047631,0.046999,0.046211,0.045237,0.044046,0.042605,0.040888,0.038876,0.036566,0.033975,0.031142,0.028131,0.025025,0.021919,0.018908,0.016075,0.013484,0.011174,0.009162,0.007445,0.006004,0.004813,0.003839,0.003051,0.002419,0.001914,0.001514,0.001198,0.000948,0.000752,0.000599,0.000478,0.000384,0.000311,0.000253,0.000208,0.000174,0.000146,0.000125,0.000108,9.6e-05,8.5e-05,7.8e-05,7.2e-05,6.7e-05,6.3e-05,6e-05,5.8e-05,5.6e-05,5.5e-05,5.4e-05,5.3e-05,5.2e-05,5.2e-05,5.1e-05,5.1e-05,5.1e-05,5.1e-05,5.1e-05,5e-05,5e-05,5e-05,5e-05
0.05,0.05,0.05,0.049999,0.049999,0.049999,0.049999,0.049999,0.049998,0.049998,0.049997,0.049996,0.049995,0.049994,0.049992,0.04999,0.049987,0.049983,0.049978,0.049972,0.049965,0.049954,0.049942,0.049925,0.049904,0.049876,0.049842,0.049797,0.049739,0.049666,0.049572,0.049451,0.049298,0.049102,0.048852,0.048536,0.048136,0.047631,0.046999,0.046211,0.045237,0.044046,0.042605,0.040888,0.038876,0.036566,0.033975,0.031142,0.028131,0.025025,0.021919,0.018908,0.016075,0.013484,0.011174,0.009162,0.007445,0.006004,0.004813,0.003839,0.003051,0.002419,0.001914,0.001514,0.001198,0.000948,0.000752,0.000599,0.000478,0.000384,0.000311,0.000253,0.000208,0.000174,0.000146,0.000125,0.000108,9.6e-05,8.5e-05,7.8e-05,7.2e-05,6.7e-05,6.3e-05,6e-05,5.8e-05,5.6e-05,5.5e-05,5.4e-05,5.3e-05,5.2e-05,5.2e-05,5.1e-05,5.1e-05,5.1e-05,5.1e-05,5.1e-05,5e-05,5e-05,5e-05,5e-05

