parameters
tas_alpha:50
tas_beta:0.5
tas_gamma:1e-3
sgd_lr:0.05
sgd_momentum:0.9
sgd_weight_decay:0
sgd_dampening:0
sgd_nesterov:False
architecture:vgg19bn_
dataset:cifar10
combine_datasets:False
do_validation_set:False
epochs:100
batch_size:128
test_set_split:0.1666667
validation_set_split:0.0
reduce_train_set:1
executions:3
base_seed:42
training_method:sgd
learning_method:tas

train_loss
2.434,1.944,1.71,1.444,1.163,0.961,0.826,0.708,0.626,0.571,0.516,0.48,0.443,0.408,0.381,0.356,0.331,0.31,0.289,0.269,0.254,0.241,0.224,0.213,0.202,0.183,0.177,0.17,0.155,0.151,0.143,0.133,0.129,0.122,0.118,0.109,0.1,0.099,0.095,0.091,0.089,0.076,0.077,0.069,0.07,0.058,0.051,0.044,0.035,0.025,0.018,0.015,0.011,0.01,0.008,0.008,0.007,0.007,0.008,0.007,0.006,0.006,0.007,0.006,0.007,0.006,0.007,0.007,0.006,0.007,0.007,0.006,0.006,0.006,0.005,0.006,0.007,0.006,0.006,0.006,0.006,0.006,0.006,0.006,0.006,0.007,0.005,0.006,0.007,0.006,0.006,0.005,0.006,0.007,0.006,0.006,0.007,0.006,0.007,0.006
2.422,1.951,1.757,1.55,1.303,1.045,0.871,0.748,0.662,0.604,0.544,0.502,0.461,0.427,0.397,0.369,0.345,0.32,0.303,0.282,0.266,0.251,0.235,0.222,0.208,0.196,0.184,0.172,0.163,0.158,0.148,0.137,0.133,0.127,0.125,0.113,0.107,0.099,0.1,0.097,0.088,0.082,0.076,0.073,0.068,0.063,0.053,0.047,0.036,0.027,0.019,0.015,0.011,0.01,0.008,0.009,0.007,0.006,0.007,0.006,0.007,0.007,0.006,0.006,0.006,0.006,0.007,0.007,0.006,0.006,0.006,0.007,0.007,0.006,0.005,0.007,0.006,0.007,0.006,0.006,0.007,0.006,0.006,0.006,0.006,0.006,0.006,0.006,0.006,0.007,0.006,0.006,0.006,0.007,0.006,0.006,0.006,0.007,0.007,0.005
2.48,1.923,1.703,1.479,1.211,0.981,0.836,0.731,0.658,0.596,0.545,0.505,0.468,0.44,0.411,0.383,0.363,0.334,0.313,0.29,0.278,0.261,0.247,0.233,0.218,0.202,0.197,0.182,0.176,0.169,0.156,0.149,0.143,0.134,0.13,0.121,0.115,0.108,0.102,0.099,0.094,0.087,0.087,0.075,0.074,0.066,0.058,0.051,0.038,0.03,0.021,0.016,0.012,0.012,0.009,0.009,0.008,0.009,0.007,0.008,0.007,0.007,0.008,0.008,0.007,0.008,0.007,0.007,0.007,0.007,0.007,0.007,0.007,0.007,0.007,0.007,0.007,0.008,0.007,0.007,0.008,0.007,0.007,0.007,0.008,0.007,0.008,0.007,0.007,0.007,0.007,0.007,0.007,0.008,0.006,0.007,0.007,0.007,0.007,0.007

train_acc1
15.838,24.474,33.766,45.948,57.98,66.268,71.692,76.036,79.028,81.036,82.914,83.966,85.242,86.426,87.274,88.158,89.07,89.562,90.33,90.906,91.558,92.038,92.45,92.828,93.1,93.864,94.048,94.324,94.638,94.968,95.188,95.534,95.558,95.832,95.936,96.258,96.564,96.654,96.72,96.882,96.976,97.428,97.456,97.664,97.604,98.018,98.306,98.586,98.832,99.186,99.396,99.524,99.632,99.666,99.762,99.744,99.746,99.772,99.758,99.802,99.804,99.796,99.76,99.812,99.79,99.788,99.774,99.792,99.788,99.788,99.784,99.782,99.778,99.81,99.832,99.78,99.766,99.808,99.8,99.8,99.788,99.796,99.812,99.814,99.802,99.792,99.834,99.824,99.812,99.798,99.812,99.828,99.79,99.774,99.798,99.82,99.776,99.792,99.776,99.8
14.406,23.696,31.84,40.642,52.416,62.908,69.684,74.442,77.496,79.696,81.644,82.978,84.454,85.6,86.724,87.536,88.36,89.31,89.748,90.502,91.042,91.55,91.976,92.508,92.876,93.402,93.686,94.184,94.452,94.596,94.918,95.286,95.464,95.61,95.796,96.056,96.402,96.684,96.6,96.678,97.002,97.184,97.4,97.474,97.556,97.906,98.172,98.266,98.74,99.078,99.332,99.514,99.64,99.676,99.734,99.724,99.772,99.802,99.766,99.788,99.748,99.764,99.778,99.78,99.78,99.824,99.804,99.776,99.794,99.786,99.83,99.778,99.792,99.796,99.836,99.78,99.8,99.79,99.808,99.806,99.782,99.808,99.806,99.798,99.794,99.8,99.828,99.798,99.818,99.784,99.792,99.786,99.78,99.77,99.774,99.762,99.782,99.798,99.75,99.834
15.654,24.658,34.63,44.706,55.952,65.218,70.694,75.152,77.616,79.982,81.636,83.05,84.384,85.186,86.274,87.256,87.802,88.75,89.43,90.224,90.704,91.276,91.698,92.014,92.61,93.226,93.352,93.766,94.044,94.378,94.74,94.946,95.174,95.412,95.502,95.846,96.082,96.372,96.542,96.568,96.71,96.99,97.024,97.356,97.486,97.802,98.002,98.27,98.78,99.042,99.262,99.45,99.572,99.63,99.718,99.728,99.724,99.728,99.776,99.746,99.744,99.776,99.748,99.724,99.796,99.736,99.756,99.802,99.778,99.788,99.744,99.748,99.774,99.764,99.792,99.772,99.758,99.738,99.788,99.792,99.732,99.788,99.764,99.808,99.752,99.774,99.722,99.766,99.772,99.772,99.794,99.764,99.762,99.756,99.796,99.766,99.794,99.76,99.778,99.768

val_acc1
21.4,30.18,39.76,52.22,63.63,65.78,66.63,74.76,79.43,79.9,82.57,81.84,81.2,81.55,84.73,83.8,85.16,86.57,86.34,87.05,87.19,87.71,88.6,87.06,88.35,89.22,88.83,88.27,89.0,88.79,89.42,89.14,88.81,89.85,89.71,89.18,90.02,89.26,89.64,89.56,90.27,88.85,88.7,90.24,90.41,90.24,90.17,90.38,90.97,91.28,91.56,91.64,91.81,91.75,91.61,91.9,91.86,91.88,91.98,91.95,91.89,91.91,91.9,91.95,92.04,91.97,91.9,92.01,91.98,91.92,91.95,91.99,91.85,91.97,91.96,91.94,91.93,91.84,91.9,92.0,91.93,91.94,91.97,91.84,92.0,91.89,91.94,91.94,91.9,91.97,91.84,92.0,91.99,91.89,92.01,91.96,91.83,91.92,91.87,92.04
19.88,29.58,35.0,44.72,52.26,64.3,68.42,75.91,78.43,76.17,78.9,82.63,81.19,81.34,83.15,85.18,83.39,86.24,86.74,86.83,86.32,85.7,88.0,88.0,88.58,88.06,87.97,86.78,86.84,87.8,88.4,88.21,88.74,88.72,89.18,89.49,89.61,89.64,89.31,89.43,89.67,89.48,90.33,90.05,90.06,90.07,89.89,90.87,90.98,91.07,91.34,91.43,91.63,91.47,91.67,91.77,91.74,91.69,91.91,91.84,91.92,91.85,91.81,91.78,91.82,91.73,91.85,91.79,91.83,91.93,91.87,91.85,91.89,91.89,91.97,91.92,91.74,91.85,91.82,91.85,91.8,91.78,91.85,91.97,91.87,91.87,91.88,91.91,91.83,91.91,91.93,91.78,91.8,91.9,91.64,91.89,91.74,91.91,91.91,91.88
19.79,31.45,37.18,46.49,59.15,65.46,68.6,71.16,77.16,79.02,77.75,81.12,81.47,83.26,83.21,83.77,84.62,85.31,85.71,86.61,84.76,86.42,86.13,87.48,88.17,87.86,88.38,87.34,88.25,87.24,88.78,87.02,88.67,88.91,88.16,87.78,89.66,89.26,88.35,89.36,89.2,88.57,89.4,89.34,90.19,89.76,89.6,90.51,90.57,91.06,91.26,91.44,91.75,91.69,91.73,91.88,91.79,91.7,91.88,91.82,91.98,91.84,91.85,91.9,91.91,91.83,91.87,91.88,91.89,91.82,91.87,91.78,91.9,91.95,91.89,91.9,91.89,91.94,91.79,91.79,91.79,91.94,91.85,91.86,91.89,91.84,91.9,91.85,91.91,91.89,91.92,91.86,91.94,91.98,91.84,91.85,91.84,91.87,91.77,91.88

val_loss
1.997,1.778,1.572,1.325,1.029,0.965,0.988,0.76,0.626,0.607,0.527,0.567,0.568,0.572,0.465,0.525,0.457,0.423,0.425,0.407,0.408,0.394,0.361,0.407,0.382,0.347,0.365,0.384,0.365,0.387,0.354,0.386,0.386,0.362,0.355,0.372,0.362,0.399,0.394,0.402,0.365,0.436,0.436,0.384,0.378,0.405,0.412,0.42,0.392,0.404,0.428,0.418,0.418,0.423,0.435,0.423,0.428,0.426,0.427,0.429,0.427,0.426,0.435,0.423,0.426,0.425,0.432,0.426,0.428,0.432,0.432,0.427,0.437,0.425,0.436,0.43,0.426,0.428,0.432,0.442,0.43,0.429,0.435,0.423,0.426,0.428,0.438,0.432,0.443,0.433,0.437,0.441,0.429,0.438,0.431,0.431,0.431,0.435,0.426,0.426
2.071,1.804,1.667,1.542,1.298,1.008,0.907,0.71,0.649,0.712,0.642,0.514,0.56,0.568,0.531,0.457,0.496,0.418,0.406,0.411,0.439,0.483,0.376,0.381,0.363,0.381,0.398,0.463,0.447,0.409,0.395,0.418,0.398,0.388,0.365,0.385,0.37,0.39,0.415,0.383,0.403,0.416,0.377,0.394,0.402,0.401,0.401,0.396,0.392,0.42,0.433,0.438,0.45,0.464,0.469,0.442,0.46,0.448,0.449,0.459,0.456,0.46,0.446,0.449,0.455,0.45,0.452,0.451,0.464,0.465,0.453,0.456,0.465,0.452,0.457,0.453,0.448,0.461,0.465,0.461,0.454,0.455,0.45,0.461,0.458,0.45,0.465,0.454,0.464,0.457,0.471,0.462,0.453,0.466,0.454,0.457,0.461,0.452,0.46,0.455
1.998,1.759,1.722,1.515,1.136,0.997,0.9,0.881,0.699,0.628,0.676,0.583,0.556,0.503,0.52,0.516,0.468,0.449,0.454,0.42,0.497,0.445,0.445,0.388,0.375,0.384,0.377,0.444,0.385,0.418,0.385,0.443,0.399,0.388,0.43,0.434,0.366,0.384,0.434,0.397,0.417,0.442,0.41,0.444,0.395,0.385,0.415,0.406,0.41,0.413,0.42,0.433,0.444,0.436,0.46,0.434,0.436,0.434,0.443,0.448,0.437,0.448,0.444,0.438,0.44,0.432,0.447,0.441,0.437,0.447,0.438,0.436,0.447,0.434,0.448,0.443,0.436,0.439,0.443,0.451,0.443,0.442,0.436,0.443,0.438,0.45,0.44,0.444,0.444,0.433,0.458,0.446,0.434,0.44,0.437,0.439,0.451,0.435,0.441,0.44

learning_rate
0.05,0.05,0.05,0.05,0.05,0.05,0.05,0.05,0.05,0.05,0.05,0.05,0.05,0.05,0.05,0.05,0.05,0.05,0.05,0.05,0.05,0.05,0.05,0.05,0.05,0.05,0.049999,0.049999,0.049999,0.049998,0.049996,0.049994,0.04999,0.049983,0.049972,0.049954,0.049925,0.049876,0.049797,0.049666,0.049451,0.049102,0.048536,0.047631,0.046211,0.044046,0.040888,0.036566,0.031142,0.025025,0.018908,0.013484,0.009162,0.006004,0.003839,0.002419,0.001514,0.000948,0.000599,0.000384,0.000253,0.000174,0.000125,9.6e-05,7.8e-05,6.7e-05,6e-05,5.6e-05,5.4e-05,5.2e-05,5.1e-05,5.1e-05,5.1e-05,5e-05,5e-05,5e-05,5e-05,5e-05,5e-05,5e-05,5e-05,5e-05,5e-05,5e-05,5e-05,5e-05,5e-05,5e-05,5e-05,5e-05,5e-05,5e-05,5e-05,5e-05,5e-05,5e-05,5e-05,5e-05,5e-05,5e-05
0.05,0.05,0.05,0.05,0.05,0.05,0.05,0.05,0.05,0.05,0.05,0.05,0.05,0.05,0.05,0.05,0.05,0.05,0.05,0.05,0.05,0.05,0.05,0.05,0.05,0.05,0.049999,0.049999,0.049999,0.049998,0.049996,0.049994,0.04999,0.049983,0.049972,0.049954,0.049925,0.049876,0.049797,0.049666,0.049451,0.049102,0.048536,0.047631,0.046211,0.044046,0.040888,0.036566,0.031142,0.025025,0.018908,0.013484,0.009162,0.006004,0.003839,0.002419,0.001514,0.000948,0.000599,0.000384,0.000253,0.000174,0.000125,9.6e-05,7.8e-05,6.7e-05,6e-05,5.6e-05,5.4e-05,5.2e-05,5.1e-05,5.1e-05,5.1e-05,5e-05,5e-05,5e-05,5e-05,5e-05,5e-05,5e-05,5e-05,5e-05,5e-05,5e-05,5e-05,5e-05,5e-05,5e-05,5e-05,5e-05,5e-05,5e-05,5e-05,5e-05,5e-05,5e-05,5e-05,5e-05,5e-05,5e-05
0.05,0.05,0.05,0.05,0.05,0.05,0.05,0.05,0.05,0.05,0.05,0.05,0.05,0.05,0.05,0.05,0.05,0.05,0.05,0.05,0.05,0.05,0.05,0.05,0.05,0.05,0.049999,0.049999,0.049999,0.049998,0.049996,0.049994,0.04999,0.049983,0.049972,0.049954,0.049925,0.049876,0.049797,0.049666,0.049451,0.049102,0.048536,0.047631,0.046211,0.044046,0.040888,0.036566,0.031142,0.025025,0.018908,0.013484,0.009162,0.006004,0.003839,0.002419,0.001514,0.000948,0.000599,0.000384,0.000253,0.000174,0.000125,9.6e-05,7.8e-05,6.7e-05,6e-05,5.6e-05,5.4e-05,5.2e-05,5.1e-05,5.1e-05,5.1e-05,5e-05,5e-05,5e-05,5e-05,5e-05,5e-05,5e-05,5e-05,5e-05,5e-05,5e-05,5e-05,5e-05,5e-05,5e-05,5e-05,5e-05,5e-05,5e-05,5e-05,5e-05,5e-05,5e-05,5e-05,5e-05,5e-05,5e-05

