parameters
tas_alpha:10
tas_beta:0.5
tas_gamma:1e-3
sgd_lr:0.05
sgd_momentum:0.9
sgd_weight_decay:0
sgd_dampening:0
sgd_nesterov:False
architecture:vgg19bn_
dataset:cifar10
combine_datasets:False
do_validation_set:False
epochs:100
batch_size:128
test_set_split:0.1666667
validation_set_split:0.0
reduce_train_set:1
executions:3
base_seed:42
training_method:sgd
learning_method:tas

train_loss
2.564,2.219,1.88,1.613,1.296,1.044,0.865,0.74,0.653,0.585,0.524,0.485,0.445,0.415,0.385,0.356,0.334,0.312,0.289,0.269,0.254,0.238,0.224,0.211,0.198,0.183,0.173,0.163,0.151,0.146,0.135,0.121,0.12,0.114,0.105,0.092,0.09,0.084,0.079,0.076,0.068,0.061,0.059,0.05,0.051,0.045,0.041,0.037,0.033,0.03,0.025,0.024,0.022,0.019,0.018,0.016,0.013,0.012,0.011,0.01,0.009,0.008,0.008,0.008,0.006,0.005,0.005,0.005,0.004,0.004,0.004,0.004,0.003,0.003,0.003,0.003,0.003,0.003,0.002,0.003,0.002,0.002,0.002,0.002,0.002,0.002,0.002,0.002,0.002,0.002,0.002,0.002,0.002,0.002,0.002,0.002,0.001,0.002,0.002,0.002
2.335,1.945,1.723,1.533,1.291,1.044,0.882,0.772,0.69,0.626,0.562,0.524,0.485,0.45,0.415,0.389,0.359,0.336,0.318,0.294,0.277,0.261,0.241,0.23,0.211,0.198,0.189,0.174,0.167,0.159,0.142,0.136,0.129,0.123,0.114,0.101,0.096,0.089,0.088,0.081,0.071,0.067,0.063,0.057,0.055,0.05,0.043,0.04,0.037,0.034,0.029,0.028,0.023,0.023,0.017,0.018,0.016,0.013,0.013,0.011,0.01,0.009,0.008,0.007,0.006,0.006,0.006,0.006,0.005,0.005,0.004,0.004,0.003,0.003,0.003,0.003,0.003,0.003,0.003,0.003,0.003,0.002,0.002,0.002,0.003,0.002,0.002,0.002,0.002,0.002,0.002,0.002,0.002,0.003,0.002,0.002,0.002,0.002,0.002,0.002
2.479,1.935,1.728,1.538,1.306,1.102,0.949,0.82,0.722,0.643,0.576,0.529,0.492,0.456,0.421,0.393,0.37,0.341,0.32,0.299,0.284,0.266,0.251,0.233,0.218,0.205,0.194,0.184,0.171,0.16,0.151,0.14,0.136,0.128,0.119,0.105,0.098,0.098,0.091,0.082,0.08,0.069,0.064,0.058,0.056,0.052,0.044,0.044,0.037,0.036,0.032,0.029,0.026,0.024,0.022,0.02,0.015,0.016,0.012,0.011,0.012,0.009,0.009,0.007,0.008,0.006,0.005,0.005,0.005,0.005,0.004,0.004,0.004,0.004,0.004,0.003,0.003,0.003,0.003,0.003,0.004,0.003,0.003,0.003,0.002,0.003,0.002,0.002,0.002,0.002,0.002,0.002,0.002,0.003,0.002,0.002,0.002,0.002,0.003,0.002

train_acc1
10.932,15.816,26.014,38.112,52.774,62.978,69.954,74.566,77.746,80.316,82.3,83.438,84.95,86.006,86.854,88.022,88.664,89.396,90.224,90.928,91.432,92.002,92.442,92.766,93.256,93.726,94.136,94.484,94.78,94.98,95.334,95.834,95.878,96.148,96.474,96.772,96.908,97.146,97.312,97.368,97.642,97.988,97.906,98.244,98.262,98.38,98.586,98.784,98.894,98.958,99.122,99.158,99.246,99.368,99.398,99.446,99.544,99.608,99.622,99.668,99.684,99.722,99.746,99.748,99.82,99.804,99.834,99.82,99.84,99.882,99.872,99.88,99.892,99.904,99.896,99.884,99.922,99.916,99.93,99.922,99.918,99.942,99.924,99.906,99.954,99.934,99.948,99.942,99.926,99.942,99.928,99.926,99.944,99.94,99.964,99.928,99.956,99.956,99.95,99.936
17.634,26.002,34.698,41.986,53.146,62.85,69.102,73.496,76.51,78.886,81.16,82.354,83.708,84.998,86.066,86.85,87.894,88.606,89.138,90.108,90.624,91.204,91.812,92.166,92.91,93.198,93.606,94.03,94.312,94.566,95.15,95.366,95.594,95.772,96.002,96.616,96.67,96.996,96.936,97.23,97.626,97.666,97.78,98.002,98.038,98.302,98.51,98.588,98.706,98.82,99.018,99.038,99.172,99.234,99.404,99.388,99.48,99.56,99.58,99.65,99.66,99.666,99.71,99.75,99.764,99.774,99.808,99.798,99.85,99.816,99.868,99.888,99.902,99.876,99.908,99.89,99.896,99.894,99.898,99.896,99.896,99.918,99.922,99.932,99.918,99.916,99.926,99.928,99.944,99.934,99.952,99.958,99.924,99.922,99.94,99.924,99.932,99.916,99.958,99.932
15.926,26.138,34.084,41.804,52.526,60.656,66.692,71.594,74.982,78.028,80.378,82.08,83.442,84.63,85.718,86.84,87.572,88.444,89.176,89.964,90.538,90.886,91.484,92.056,92.596,92.982,93.29,93.744,94.202,94.506,94.824,95.216,95.34,95.654,95.89,96.386,96.694,96.662,96.98,97.24,97.286,97.67,97.804,97.996,98.012,98.186,98.46,98.536,98.744,98.756,98.916,98.98,99.098,99.138,99.196,99.298,99.474,99.496,99.586,99.626,99.592,99.68,99.706,99.75,99.72,99.804,99.828,99.834,99.828,99.834,99.844,99.858,99.88,99.88,99.884,99.89,99.908,99.898,99.91,99.896,99.876,99.884,99.89,99.904,99.938,99.924,99.938,99.924,99.93,99.924,99.936,99.92,99.914,99.936,99.942,99.936,99.926,99.942,99.912,99.936

val_acc1
12.4,22.64,29.54,43.66,55.46,65.01,69.85,75.66,77.33,79.95,75.47,81.03,80.87,81.64,85.56,83.71,85.15,85.82,86.41,87.08,86.87,87.24,88.3,87.18,87.67,88.54,88.43,87.97,89.07,88.57,88.61,88.58,88.94,89.22,89.28,89.44,89.26,89.61,89.31,90.0,89.75,90.17,90.37,90.23,90.7,90.67,90.3,90.43,90.98,90.55,90.73,90.86,91.2,90.86,91.28,91.38,91.29,91.3,91.63,91.5,91.65,91.49,91.61,91.73,91.71,91.43,91.68,91.64,91.59,91.93,91.87,91.83,91.81,92.07,91.96,91.83,91.87,91.96,92.03,92.16,92.01,92.01,91.88,92.03,92.09,91.99,92.01,92.02,91.94,92.06,92.08,92.01,92.07,92.0,92.02,92.04,92.13,92.04,92.13,92.06
21.24,33.86,37.72,48.26,55.25,64.28,69.23,66.58,77.98,78.74,78.93,81.56,79.54,82.99,83.48,83.12,84.61,85.28,84.93,85.49,86.95,85.35,86.45,87.33,88.54,88.14,88.4,88.5,88.2,88.21,88.8,87.48,88.42,88.9,88.54,89.45,89.5,89.69,89.11,89.6,89.9,89.41,89.71,89.08,89.8,90.52,90.41,90.48,90.14,90.2,90.68,90.96,90.79,90.64,91.06,90.84,91.23,90.75,91.02,91.06,91.03,91.31,91.23,91.32,91.33,91.42,91.43,91.58,91.48,91.41,91.31,91.22,91.34,91.38,91.43,91.46,91.59,91.47,91.4,91.53,91.58,91.7,91.56,91.48,91.56,91.62,91.56,91.5,91.56,91.62,91.52,91.6,91.54,91.48,91.57,91.61,91.61,91.64,91.68,91.68
21.04,30.45,39.43,42.97,55.96,61.01,69.51,72.45,76.16,76.89,79.95,79.46,79.54,79.27,83.62,84.32,84.37,85.66,85.6,85.91,85.47,85.28,87.02,85.26,87.4,87.43,86.54,87.6,87.83,88.66,87.94,88.33,88.21,88.45,88.59,88.45,88.27,88.88,88.17,89.37,89.03,89.37,89.43,89.01,89.83,89.51,89.89,89.77,89.87,89.92,89.76,90.2,90.06,90.71,90.45,90.52,90.7,90.48,91.05,90.6,91.05,90.88,91.15,90.94,90.92,90.95,90.97,90.94,91.03,90.94,91.08,91.15,91.04,91.02,90.83,91.02,91.05,90.94,91.15,91.16,91.11,91.22,91.03,91.16,91.34,91.24,91.3,91.22,91.15,91.29,91.12,91.18,91.11,91.15,91.28,91.22,91.25,91.21,91.13,91.22

val_loss
2.308,2.02,1.801,1.541,1.226,0.997,0.896,0.717,0.691,0.607,0.747,0.57,0.568,0.576,0.448,0.504,0.455,0.439,0.429,0.406,0.428,0.407,0.372,0.416,0.398,0.372,0.392,0.396,0.36,0.39,0.375,0.421,0.393,0.389,0.387,0.394,0.42,0.403,0.431,0.38,0.406,0.395,0.379,0.398,0.376,0.388,0.413,0.426,0.395,0.429,0.447,0.444,0.451,0.452,0.449,0.436,0.455,0.471,0.466,0.476,0.467,0.467,0.466,0.48,0.486,0.484,0.497,0.504,0.491,0.505,0.493,0.492,0.512,0.509,0.517,0.522,0.522,0.52,0.521,0.524,0.52,0.523,0.521,0.522,0.52,0.529,0.521,0.525,0.531,0.518,0.549,0.537,0.527,0.534,0.528,0.534,0.538,0.541,0.546,0.535
2.609,1.847,1.639,1.393,1.226,1.033,0.879,1.106,0.662,0.646,0.644,0.558,0.605,0.519,0.508,0.513,0.471,0.443,0.475,0.454,0.417,0.475,0.427,0.417,0.392,0.383,0.389,0.394,0.387,0.405,0.374,0.449,0.415,0.404,0.418,0.387,0.385,0.374,0.417,0.391,0.394,0.455,0.412,0.468,0.43,0.386,0.43,0.418,0.45,0.432,0.414,0.427,0.454,0.444,0.486,0.48,0.46,0.478,0.474,0.478,0.5,0.496,0.498,0.499,0.527,0.506,0.527,0.511,0.533,0.54,0.545,0.534,0.56,0.551,0.571,0.565,0.557,0.576,0.574,0.578,0.569,0.57,0.572,0.56,0.566,0.565,0.578,0.57,0.598,0.576,0.589,0.596,0.582,0.578,0.57,0.574,0.594,0.575,0.576,0.574
1.996,2.819,1.59,1.516,1.222,1.141,0.869,0.803,0.693,0.667,0.603,0.612,0.623,0.616,0.5,0.484,0.482,0.431,0.44,0.436,0.456,0.456,0.412,0.489,0.395,0.385,0.439,0.413,0.403,0.375,0.38,0.397,0.414,0.429,0.385,0.428,0.445,0.426,0.442,0.407,0.421,0.418,0.419,0.446,0.436,0.409,0.424,0.438,0.455,0.46,0.461,0.451,0.455,0.446,0.475,0.461,0.484,0.465,0.49,0.506,0.496,0.501,0.488,0.516,0.519,0.515,0.538,0.528,0.541,0.546,0.545,0.537,0.547,0.548,0.544,0.546,0.553,0.558,0.574,0.556,0.559,0.561,0.55,0.554,0.551,0.554,0.553,0.558,0.566,0.553,0.575,0.575,0.555,0.562,0.551,0.562,0.569,0.562,0.565,0.56

learning_rate
0.049631,0.049592,0.04955,0.049503,0.049451,0.049394,0.049331,0.049262,0.049186,0.049102,0.049009,0.048907,0.048795,0.048671,0.048536,0.048387,0.048223,0.048044,0.047847,0.047631,0.047395,0.047137,0.046854,0.046547,0.046211,0.045846,0.045448,0.045017,0.044551,0.044046,0.043501,0.042915,0.042284,0.041609,0.040888,0.040119,0.039302,0.038438,0.037525,0.036566,0.035562,0.034514,0.033426,0.032301,0.031142,0.029954,0.028743,0.027514,0.026273,0.025025,0.023777,0.022536,0.021307,0.020096,0.018908,0.017749,0.016624,0.015536,0.014488,0.013484,0.012525,0.011612,0.010748,0.009931,0.009162,0.008441,0.007766,0.007135,0.006549,0.006004,0.005499,0.005033,0.004602,0.004204,0.003839,0.003503,0.003196,0.002913,0.002655,0.002419,0.002203,0.002006,0.001827,0.001663,0.001514,0.001379,0.001255,0.001143,0.001041,0.000948,0.000864,0.000788,0.000719,0.000656,0.000599,0.000547,0.0005,0.000458,0.000419,0.000384
0.049631,0.049592,0.04955,0.049503,0.049451,0.049394,0.049331,0.049262,0.049186,0.049102,0.049009,0.048907,0.048795,0.048671,0.048536,0.048387,0.048223,0.048044,0.047847,0.047631,0.047395,0.047137,0.046854,0.046547,0.046211,0.045846,0.045448,0.045017,0.044551,0.044046,0.043501,0.042915,0.042284,0.041609,0.040888,0.040119,0.039302,0.038438,0.037525,0.036566,0.035562,0.034514,0.033426,0.032301,0.031142,0.029954,0.028743,0.027514,0.026273,0.025025,0.023777,0.022536,0.021307,0.020096,0.018908,0.017749,0.016624,0.015536,0.014488,0.013484,0.012525,0.011612,0.010748,0.009931,0.009162,0.008441,0.007766,0.007135,0.006549,0.006004,0.005499,0.005033,0.004602,0.004204,0.003839,0.003503,0.003196,0.002913,0.002655,0.002419,0.002203,0.002006,0.001827,0.001663,0.001514,0.001379,0.001255,0.001143,0.001041,0.000948,0.000864,0.000788,0.000719,0.000656,0.000599,0.000547,0.0005,0.000458,0.000419,0.000384
0.049631,0.049592,0.04955,0.049503,0.049451,0.049394,0.049331,0.049262,0.049186,0.049102,0.049009,0.048907,0.048795,0.048671,0.048536,0.048387,0.048223,0.048044,0.047847,0.047631,0.047395,0.047137,0.046854,0.046547,0.046211,0.045846,0.045448,0.045017,0.044551,0.044046,0.043501,0.042915,0.042284,0.041609,0.040888,0.040119,0.039302,0.038438,0.037525,0.036566,0.035562,0.034514,0.033426,0.032301,0.031142,0.029954,0.028743,0.027514,0.026273,0.025025,0.023777,0.022536,0.021307,0.020096,0.018908,0.017749,0.016624,0.015536,0.014488,0.013484,0.012525,0.011612,0.010748,0.009931,0.009162,0.008441,0.007766,0.007135,0.006549,0.006004,0.005499,0.005033,0.004602,0.004204,0.003839,0.003503,0.003196,0.002913,0.002655,0.002419,0.002203,0.002006,0.001827,0.001663,0.001514,0.001379,0.001255,0.001143,0.001041,0.000948,0.000864,0.000788,0.000719,0.000656,0.000599,0.000547,0.0005,0.000458,0.000419,0.000384

