parameters
tas_alpha:50
tas_beta:0.3
tas_gamma:1e-3
sgd_lr:0.05
sgd_momentum:0.9
sgd_weight_decay:0
sgd_dampening:0
sgd_nesterov:False
architecture:vgg19bn_
dataset:cifar10
combine_datasets:False
do_validation_set:False
epochs:100
batch_size:128
test_set_split:0.1666667
validation_set_split:0.0
reduce_train_set:1
executions:3
base_seed:42
training_method:sgd
learning_method:tas

train_loss
2.511,2.061,1.856,1.614,1.291,1.012,0.845,0.724,0.644,0.581,0.524,0.484,0.445,0.409,0.382,0.36,0.333,0.313,0.291,0.272,0.257,0.241,0.223,0.208,0.195,0.174,0.159,0.141,0.119,0.1,0.079,0.062,0.052,0.046,0.038,0.035,0.032,0.03,0.031,0.029,0.03,0.029,0.029,0.029,0.029,0.028,0.028,0.028,0.03,0.027,0.028,0.028,0.027,0.029,0.028,0.029,0.027,0.029,0.027,0.028,0.029,0.028,0.027,0.029,0.028,0.028,0.027,0.027,0.029,0.027,0.028,0.027,0.028,0.028,0.027,0.03,0.028,0.027,0.029,0.028,0.028,0.027,0.028,0.028,0.027,0.028,0.027,0.028,0.028,0.028,0.027,0.027,0.027,0.028,0.025,0.028,0.027,0.027,0.028,0.027
2.559,2.203,1.912,1.733,1.477,1.232,0.993,0.833,0.725,0.649,0.583,0.531,0.49,0.455,0.419,0.394,0.366,0.339,0.322,0.297,0.277,0.262,0.25,0.232,0.214,0.193,0.178,0.159,0.138,0.116,0.093,0.074,0.062,0.055,0.047,0.041,0.038,0.04,0.036,0.037,0.038,0.037,0.037,0.036,0.037,0.035,0.036,0.035,0.036,0.037,0.037,0.037,0.035,0.036,0.035,0.037,0.035,0.037,0.036,0.035,0.036,0.036,0.036,0.037,0.035,0.036,0.035,0.035,0.036,0.037,0.035,0.034,0.035,0.034,0.033,0.035,0.036,0.036,0.035,0.035,0.036,0.034,0.036,0.035,0.036,0.036,0.035,0.036,0.035,0.037,0.034,0.034,0.034,0.036,0.035,0.033,0.034,0.034,0.034,0.035
2.467,1.986,1.846,1.623,1.354,1.105,0.936,0.809,0.721,0.647,0.586,0.538,0.497,0.461,0.431,0.398,0.374,0.35,0.33,0.306,0.289,0.269,0.254,0.243,0.226,0.204,0.189,0.165,0.143,0.124,0.101,0.083,0.068,0.06,0.055,0.049,0.044,0.044,0.042,0.043,0.042,0.041,0.04,0.041,0.04,0.042,0.041,0.041,0.04,0.039,0.042,0.04,0.041,0.039,0.039,0.041,0.038,0.04,0.04,0.04,0.039,0.039,0.041,0.04,0.04,0.039,0.041,0.04,0.039,0.041,0.038,0.039,0.04,0.041,0.04,0.041,0.041,0.04,0.04,0.042,0.041,0.04,0.041,0.038,0.041,0.04,0.038,0.041,0.04,0.038,0.038,0.039,0.04,0.038,0.036,0.039,0.039,0.039,0.038,0.038

train_acc1
11.482,21.178,27.192,38.464,52.42,63.836,70.82,75.426,78.202,80.552,82.272,83.86,84.914,86.196,86.95,87.974,88.902,89.352,90.098,90.84,91.378,91.886,92.414,92.942,93.45,94.02,94.588,95.254,95.886,96.52,97.264,97.936,98.196,98.488,98.788,98.832,98.906,98.99,98.954,99.014,99.02,99.014,99.04,99.008,99.086,99.128,99.074,99.064,99.002,99.14,99.07,99.094,99.106,99.06,99.09,99.056,99.114,99.068,99.11,99.026,99.044,99.072,99.07,99.05,99.054,99.03,99.086,99.136,99.032,99.104,99.03,99.094,99.092,99.076,99.136,99.042,99.092,99.06,99.11,99.084,99.09,99.104,99.058,99.126,99.136,99.076,99.088,99.06,99.098,99.048,99.104,99.108,99.098,99.074,99.168,99.104,99.158,99.094,99.088,99.126
10.554,16.172,24.06,31.81,44.29,55.864,65.064,71.03,75.18,78.016,80.274,82.316,83.7,84.792,85.902,86.77,87.672,88.692,89.05,90.084,90.608,91.274,91.726,92.222,92.736,93.514,93.98,94.598,95.352,96.03,96.824,97.58,97.952,98.188,98.476,98.65,98.756,98.648,98.86,98.79,98.75,98.78,98.854,98.792,98.802,98.824,98.846,98.85,98.76,98.78,98.786,98.818,98.908,98.852,98.81,98.79,98.834,98.772,98.782,98.882,98.792,98.826,98.822,98.848,98.854,98.848,98.866,98.924,98.786,98.842,98.854,98.886,98.882,98.89,98.912,98.832,98.816,98.814,98.902,98.878,98.832,98.852,98.796,98.928,98.808,98.84,98.808,98.814,98.816,98.774,98.898,98.94,98.872,98.792,98.88,98.902,98.892,98.864,98.904,98.892
14.132,22.424,28.148,39.036,50.056,60.684,66.866,71.914,75.352,77.932,80.206,81.778,83.222,84.474,85.46,86.756,87.448,88.268,88.888,89.806,90.21,90.93,91.362,91.836,92.372,93.182,93.65,94.402,95.208,95.786,96.522,97.142,97.686,98.008,98.1,98.44,98.552,98.55,98.618,98.556,98.63,98.616,98.706,98.706,98.704,98.642,98.676,98.618,98.622,98.75,98.608,98.666,98.668,98.69,98.722,98.658,98.782,98.636,98.634,98.706,98.74,98.698,98.632,98.67,98.692,98.75,98.63,98.716,98.73,98.646,98.648,98.698,98.67,98.69,98.634,98.592,98.652,98.726,98.686,98.69,98.688,98.718,98.696,98.758,98.622,98.684,98.716,98.648,98.698,98.722,98.736,98.69,98.674,98.704,98.798,98.706,98.67,98.756,98.766,98.726

val_acc1
13.81,25.21,32.8,45.73,55.31,65.99,72.5,75.17,79.09,78.59,79.39,80.82,82.23,82.22,84.21,85.26,84.97,87.43,86.74,86.62,86.69,87.53,88.01,87.24,88.28,88.19,89.04,88.9,89.01,89.59,90.08,90.58,90.48,90.81,90.78,90.78,90.9,90.86,90.83,90.8,90.79,90.92,90.68,90.77,90.91,90.96,90.95,90.89,91.03,90.96,90.95,90.85,90.83,90.93,90.87,90.98,90.93,90.91,90.86,90.96,90.95,90.95,90.85,90.99,90.93,90.91,90.92,90.91,90.91,90.94,90.78,90.84,90.99,90.92,90.96,90.89,90.95,90.95,90.97,91.02,90.98,90.95,90.84,91.01,90.88,90.83,90.9,90.84,90.76,90.88,90.92,90.89,90.9,90.89,90.93,90.95,90.95,90.93,90.95,90.92
11.06,21.0,27.31,38.63,50.42,57.07,64.3,72.21,77.79,77.76,76.97,77.97,81.33,82.33,83.62,83.49,84.19,84.56,86.63,84.98,85.69,85.6,88.06,86.73,88.22,89.0,88.73,88.52,88.89,89.35,90.45,90.57,90.51,90.87,90.92,91.06,90.97,91.08,90.95,90.99,90.89,91.12,91.01,91.06,90.99,91.09,91.03,91.13,91.07,91.03,90.98,90.92,91.06,90.94,91.0,91.05,91.13,90.89,91.08,91.0,91.05,91.13,91.01,91.15,91.02,90.93,90.99,91.09,91.08,91.12,90.98,91.08,91.05,91.05,91.12,91.09,91.05,90.95,91.13,91.09,90.99,90.98,90.98,90.97,91.09,90.97,91.06,91.04,90.98,91.1,91.14,91.1,91.1,91.15,91.11,91.08,90.92,90.99,91.1,91.12
20.52,25.62,32.15,42.08,55.76,62.5,64.97,69.23,73.51,77.72,78.94,77.36,80.63,78.51,83.12,82.5,83.6,84.41,84.13,85.13,85.59,86.25,87.33,87.38,87.99,87.89,87.97,87.96,88.69,89.28,89.35,90.09,89.87,90.12,90.27,90.35,90.32,90.35,90.33,90.25,90.34,90.33,90.35,90.4,90.37,90.3,90.31,90.29,90.33,90.38,90.34,90.38,90.39,90.23,90.32,90.33,90.39,90.28,90.45,90.38,90.36,90.35,90.44,90.38,90.37,90.3,90.42,90.43,90.35,90.28,90.29,90.23,90.36,90.44,90.38,90.36,90.34,90.4,90.29,90.43,90.38,90.28,90.42,90.38,90.31,90.39,90.29,90.36,90.27,90.34,90.32,90.29,90.39,90.45,90.2,90.39,90.32,90.31,90.37,90.43

val_loss
2.28,1.902,1.744,1.479,1.238,0.97,0.8,0.742,0.631,0.652,0.627,0.573,0.52,0.546,0.487,0.459,0.47,0.392,0.413,0.422,0.419,0.396,0.373,0.42,0.382,0.378,0.371,0.377,0.369,0.38,0.369,0.373,0.39,0.388,0.394,0.397,0.405,0.399,0.391,0.406,0.413,0.406,0.403,0.41,0.408,0.406,0.402,0.411,0.407,0.406,0.401,0.414,0.419,0.412,0.427,0.401,0.408,0.41,0.41,0.42,0.407,0.415,0.41,0.406,0.42,0.405,0.411,0.407,0.408,0.412,0.411,0.404,0.418,0.409,0.416,0.408,0.404,0.413,0.412,0.412,0.415,0.412,0.407,0.42,0.411,0.409,0.417,0.412,0.423,0.41,0.422,0.417,0.409,0.423,0.41,0.414,0.426,0.416,0.413,0.419
2.347,1.988,1.888,1.642,1.352,1.245,1.036,0.799,0.667,0.686,0.718,0.661,0.56,0.53,0.502,0.502,0.482,0.468,0.425,0.455,0.467,0.467,0.372,0.439,0.389,0.36,0.365,0.398,0.38,0.383,0.344,0.361,0.365,0.356,0.369,0.367,0.377,0.37,0.374,0.386,0.379,0.373,0.379,0.377,0.38,0.379,0.371,0.379,0.379,0.377,0.381,0.383,0.384,0.372,0.383,0.382,0.38,0.373,0.381,0.379,0.381,0.377,0.376,0.37,0.384,0.371,0.379,0.379,0.378,0.391,0.38,0.382,0.382,0.378,0.388,0.38,0.376,0.391,0.392,0.383,0.379,0.379,0.374,0.384,0.386,0.377,0.386,0.382,0.389,0.377,0.39,0.386,0.373,0.385,0.379,0.376,0.387,0.384,0.381,0.38
1.974,1.888,1.779,1.564,1.218,1.088,0.989,0.885,0.811,0.666,0.643,0.686,0.582,0.648,0.534,0.544,0.485,0.464,0.484,0.478,0.469,0.437,0.394,0.398,0.387,0.395,0.37,0.404,0.383,0.381,0.377,0.386,0.389,0.391,0.386,0.387,0.401,0.397,0.39,0.401,0.402,0.404,0.406,0.405,0.409,0.404,0.396,0.401,0.402,0.401,0.404,0.415,0.407,0.412,0.415,0.399,0.405,0.408,0.404,0.403,0.407,0.407,0.4,0.398,0.409,0.402,0.409,0.408,0.407,0.41,0.406,0.408,0.411,0.404,0.414,0.404,0.4,0.409,0.414,0.408,0.408,0.405,0.401,0.407,0.413,0.404,0.417,0.412,0.408,0.407,0.42,0.411,0.412,0.415,0.414,0.413,0.419,0.41,0.413,0.406

learning_rate
0.05,0.05,0.05,0.05,0.05,0.05,0.049999,0.049999,0.049999,0.049998,0.049996,0.049994,0.04999,0.049983,0.049972,0.049954,0.049925,0.049876,0.049797,0.049666,0.049451,0.049102,0.048536,0.047631,0.046211,0.044046,0.040888,0.036566,0.031142,0.025025,0.018908,0.013484,0.009162,0.006004,0.003839,0.002419,0.001514,0.000948,0.000599,0.000384,0.000253,0.000174,0.000125,9.6e-05,7.8e-05,6.7e-05,6e-05,5.6e-05,5.4e-05,5.2e-05,5.1e-05,5.1e-05,5.1e-05,5e-05,5e-05,5e-05,5e-05,5e-05,5e-05,5e-05,5e-05,5e-05,5e-05,5e-05,5e-05,5e-05,5e-05,5e-05,5e-05,5e-05,5e-05,5e-05,5e-05,5e-05,5e-05,5e-05,5e-05,5e-05,5e-05,5e-05,5e-05,5e-05,5e-05,5e-05,5e-05,5e-05,5e-05,5e-05,5e-05,5e-05,5e-05,5e-05,5e-05,5e-05,5e-05,5e-05,5e-05,5e-05,5e-05,5e-05
0.05,0.05,0.05,0.05,0.05,0.05,0.049999,0.049999,0.049999,0.049998,0.049996,0.049994,0.04999,0.049983,0.049972,0.049954,0.049925,0.049876,0.049797,0.049666,0.049451,0.049102,0.048536,0.047631,0.046211,0.044046,0.040888,0.036566,0.031142,0.025025,0.018908,0.013484,0.009162,0.006004,0.003839,0.002419,0.001514,0.000948,0.000599,0.000384,0.000253,0.000174,0.000125,9.6e-05,7.8e-05,6.7e-05,6e-05,5.6e-05,5.4e-05,5.2e-05,5.1e-05,5.1e-05,5.1e-05,5e-05,5e-05,5e-05,5e-05,5e-05,5e-05,5e-05,5e-05,5e-05,5e-05,5e-05,5e-05,5e-05,5e-05,5e-05,5e-05,5e-05,5e-05,5e-05,5e-05,5e-05,5e-05,5e-05,5e-05,5e-05,5e-05,5e-05,5e-05,5e-05,5e-05,5e-05,5e-05,5e-05,5e-05,5e-05,5e-05,5e-05,5e-05,5e-05,5e-05,5e-05,5e-05,5e-05,5e-05,5e-05,5e-05,5e-05
0.05,0.05,0.05,0.05,0.05,0.05,0.049999,0.049999,0.049999,0.049998,0.049996,0.049994,0.04999,0.049983,0.049972,0.049954,0.049925,0.049876,0.049797,0.049666,0.049451,0.049102,0.048536,0.047631,0.046211,0.044046,0.040888,0.036566,0.031142,0.025025,0.018908,0.013484,0.009162,0.006004,0.003839,0.002419,0.001514,0.000948,0.000599,0.000384,0.000253,0.000174,0.000125,9.6e-05,7.8e-05,6.7e-05,6e-05,5.6e-05,5.4e-05,5.2e-05,5.1e-05,5.1e-05,5.1e-05,5e-05,5e-05,5e-05,5e-05,5e-05,5e-05,5e-05,5e-05,5e-05,5e-05,5e-05,5e-05,5e-05,5e-05,5e-05,5e-05,5e-05,5e-05,5e-05,5e-05,5e-05,5e-05,5e-05,5e-05,5e-05,5e-05,5e-05,5e-05,5e-05,5e-05,5e-05,5e-05,5e-05,5e-05,5e-05,5e-05,5e-05,5e-05,5e-05,5e-05,5e-05,5e-05,5e-05,5e-05,5e-05,5e-05,5e-05

