parameters
sgd_lr:0.05
sgd_momentum:0.3
sgd_weight_decay:0
sgd_dampening:0
sgd_nesterov:False
architecture:vgg19bn_
dataset:cifar10
combine_datasets:False
do_validation_set:False
epochs:100
batch_size:128
test_set_split:0.1666667
validation_set_split:0.0
reduce_train_set:1
executions:3
base_seed:42
training_method:sgd
learning_method:constant

train_loss
1.749,1.148,0.893,0.749,0.658,0.586,0.534,0.489,0.451,0.416,0.386,0.363,0.338,0.32,0.303,0.285,0.269,0.254,0.238,0.223,0.213,0.206,0.19,0.184,0.174,0.162,0.157,0.15,0.143,0.135,0.128,0.124,0.117,0.113,0.108,0.099,0.097,0.091,0.088,0.087,0.084,0.078,0.075,0.071,0.069,0.067,0.066,0.064,0.06,0.055,0.055,0.054,0.053,0.051,0.048,0.046,0.049,0.044,0.039,0.042,0.041,0.04,0.039,0.036,0.036,0.034,0.034,0.033,0.033,0.034,0.029,0.028,0.028,0.027,0.028,0.025,0.028,0.027,0.024,0.028,0.022,0.021,0.025,0.023,0.023,0.022,0.023,0.022,0.022,0.023,0.019,0.02,0.018,0.019,0.018,0.019,0.017,0.02,0.017,0.019
1.735,1.11,0.856,0.723,0.637,0.57,0.526,0.483,0.447,0.414,0.382,0.361,0.34,0.316,0.301,0.281,0.264,0.248,0.24,0.222,0.213,0.202,0.187,0.184,0.174,0.163,0.159,0.147,0.138,0.135,0.125,0.12,0.115,0.112,0.106,0.1,0.094,0.09,0.09,0.086,0.085,0.077,0.076,0.068,0.071,0.064,0.066,0.06,0.06,0.055,0.056,0.056,0.051,0.053,0.047,0.046,0.044,0.047,0.042,0.041,0.039,0.038,0.039,0.037,0.036,0.037,0.035,0.031,0.034,0.032,0.032,0.03,0.027,0.028,0.028,0.028,0.025,0.026,0.027,0.025,0.025,0.025,0.023,0.023,0.02,0.02,0.02,0.023,0.019,0.023,0.018,0.021,0.02,0.019,0.018,0.017,0.019,0.018,0.017,0.016
1.772,1.154,0.902,0.757,0.662,0.591,0.536,0.492,0.455,0.42,0.387,0.363,0.344,0.321,0.301,0.287,0.269,0.25,0.237,0.223,0.215,0.2,0.189,0.18,0.173,0.159,0.157,0.144,0.141,0.131,0.125,0.12,0.115,0.11,0.107,0.096,0.092,0.093,0.086,0.084,0.079,0.078,0.074,0.07,0.069,0.067,0.063,0.065,0.057,0.056,0.053,0.055,0.048,0.051,0.049,0.048,0.045,0.041,0.041,0.043,0.038,0.038,0.037,0.035,0.034,0.035,0.034,0.032,0.032,0.03,0.032,0.031,0.029,0.025,0.029,0.028,0.025,0.025,0.027,0.025,0.022,0.024,0.021,0.023,0.02,0.019,0.021,0.023,0.019,0.02,0.02,0.019,0.02,0.017,0.017,0.02,0.017,0.019,0.02,0.016

train_acc1
35.24,58.538,68.344,73.796,76.964,79.7,81.488,82.974,84.374,85.682,86.7,87.314,88.174,88.902,89.49,90.326,90.56,91.2,91.602,92.26,92.448,92.768,93.284,93.452,93.996,94.36,94.47,94.724,94.988,95.168,95.53,95.662,95.842,96.018,96.226,96.558,96.566,96.76,96.86,96.928,97.116,97.206,97.364,97.512,97.532,97.694,97.634,97.764,97.93,98.074,98.026,98.098,98.084,98.246,98.282,98.354,98.296,98.458,98.576,98.546,98.552,98.624,98.618,98.8,98.742,98.778,98.824,98.804,98.836,98.776,99.04,99.074,99.026,99.09,99.024,99.12,99.028,99.11,99.132,99.02,99.244,99.256,99.116,99.2,99.272,99.23,99.154,99.224,99.232,99.166,99.354,99.29,99.436,99.348,99.4,99.346,99.412,99.294,99.41,99.338
35.79,60.166,69.854,74.932,77.818,80.194,81.852,83.258,84.49,85.682,86.658,87.368,88.172,88.932,89.458,90.188,90.748,91.362,91.778,92.326,92.608,92.912,93.43,93.446,93.852,94.308,94.474,94.848,95.204,95.18,95.582,95.734,95.936,95.986,96.234,96.406,96.67,96.828,96.854,96.97,96.986,97.204,97.332,97.662,97.5,97.728,97.714,97.844,97.902,98.084,98.004,98.034,98.216,98.244,98.4,98.32,98.544,98.384,98.554,98.568,98.666,98.732,98.642,98.666,98.706,98.726,98.782,98.916,98.752,98.848,98.922,98.944,99.096,99.008,99.014,99.006,99.144,99.112,99.032,99.122,99.16,99.104,99.144,99.21,99.27,99.37,99.274,99.198,99.292,99.218,99.354,99.31,99.36,99.358,99.396,99.418,99.338,99.368,99.396,99.464
34.616,58.698,68.008,73.918,77.084,79.536,81.592,82.962,84.322,85.494,86.518,87.31,88.098,88.814,89.526,90.188,90.528,91.35,91.662,92.246,92.632,93.022,93.376,93.722,94.014,94.51,94.466,94.96,95.04,95.434,95.644,95.8,95.972,96.118,96.33,96.632,96.736,96.68,97.04,97.128,97.192,97.266,97.362,97.568,97.562,97.636,97.72,97.72,98.008,98.07,98.126,98.034,98.292,98.19,98.272,98.346,98.47,98.546,98.508,98.512,98.688,98.66,98.702,98.754,98.826,98.786,98.832,98.85,98.864,98.954,98.858,98.826,99.062,99.082,98.958,99.01,99.134,99.11,99.078,99.156,99.224,99.134,99.3,99.208,99.328,99.326,99.278,99.23,99.312,99.284,99.292,99.3,99.328,99.414,99.364,99.308,99.422,99.35,99.316,99.448

val_acc1
43.77,56.54,70.17,72.28,72.46,69.08,75.71,80.29,79.07,79.37,80.96,83.84,83.63,83.91,82.97,83.11,84.63,85.11,84.74,86.63,85.95,86.58,85.13,86.56,86.78,87.16,85.82,87.4,86.16,83.03,87.84,86.21,86.97,88.25,88.04,87.93,86.19,88.35,86.6,87.26,87.48,88.69,88.2,88.94,84.77,88.0,89.22,87.79,88.79,88.52,88.9,87.27,88.88,88.13,89.09,88.72,89.36,89.64,89.65,88.6,89.18,88.76,89.7,89.01,89.82,89.37,89.42,89.98,89.26,89.63,89.33,90.04,89.7,89.74,89.9,89.76,89.32,89.71,89.17,89.81,89.99,89.37,89.64,89.65,89.99,89.81,89.74,89.87,89.77,89.84,90.14,89.73,89.99,89.84,89.6,90.38,89.95,90.11,89.7,90.38
39.24,59.89,70.82,70.46,70.62,78.02,75.96,80.7,81.12,81.83,81.47,84.47,83.66,83.85,85.22,78.47,85.61,85.39,84.68,85.85,86.05,85.57,86.32,87.2,84.52,86.41,86.49,86.25,86.71,85.75,88.45,88.2,87.05,87.99,88.14,87.51,88.28,87.92,87.46,88.11,87.75,88.86,88.47,88.48,86.94,88.53,88.61,89.61,88.24,88.73,86.86,87.81,88.27,89.43,88.14,88.49,89.21,89.89,88.9,89.31,89.48,89.2,88.67,89.7,88.88,88.69,89.35,89.63,89.68,89.1,90.2,89.84,89.87,89.63,88.94,89.87,90.02,89.73,89.33,89.34,89.69,89.82,89.58,90.02,90.07,90.41,89.74,89.98,89.86,90.37,89.89,90.55,90.46,89.9,89.58,90.73,90.27,90.25,90.15,89.93
45.28,57.49,71.1,68.63,73.55,76.29,77.76,80.24,81.59,81.78,81.69,83.84,82.6,84.86,83.16,80.12,83.04,85.18,83.71,87.16,86.08,85.65,85.52,87.5,86.62,87.8,86.81,86.54,87.37,85.84,88.21,87.94,88.52,87.67,88.27,88.1,87.56,87.84,85.17,88.12,87.67,88.93,87.85,88.89,88.21,87.11,88.29,87.08,87.73,88.63,88.69,88.18,87.99,88.46,88.46,88.62,88.71,89.26,88.62,89.3,89.0,88.86,88.63,87.9,89.63,89.87,89.52,89.0,89.18,89.3,89.86,89.0,89.86,89.84,89.59,89.42,89.7,89.71,90.04,90.14,89.87,89.46,89.21,89.7,89.46,89.92,89.55,89.73,89.75,90.01,90.26,90.67,90.32,90.22,89.9,89.64,90.18,89.55,90.34,90.36

val_loss
1.708,1.265,0.878,0.825,0.811,1.002,0.724,0.563,0.628,0.616,0.579,0.482,0.489,0.47,0.517,0.523,0.474,0.459,0.479,0.421,0.442,0.428,0.506,0.434,0.437,0.419,0.479,0.444,0.5,0.597,0.428,0.493,0.471,0.432,0.416,0.465,0.508,0.466,0.523,0.521,0.488,0.438,0.495,0.459,0.666,0.48,0.421,0.489,0.464,0.479,0.492,0.586,0.493,0.525,0.475,0.483,0.453,0.46,0.473,0.522,0.486,0.506,0.473,0.501,0.463,0.486,0.463,0.481,0.507,0.522,0.53,0.462,0.495,0.492,0.5,0.515,0.53,0.511,0.533,0.469,0.504,0.565,0.532,0.521,0.525,0.518,0.509,0.521,0.534,0.503,0.553,0.544,0.516,0.533,0.556,0.473,0.536,0.49,0.538,0.494
2.085,1.139,0.845,0.906,0.921,0.641,0.744,0.571,0.576,0.533,0.575,0.476,0.487,0.496,0.46,0.743,0.443,0.463,0.483,0.449,0.431,0.454,0.454,0.416,0.544,0.472,0.454,0.494,0.459,0.513,0.405,0.412,0.489,0.435,0.431,0.478,0.445,0.469,0.456,0.459,0.459,0.421,0.456,0.467,0.56,0.451,0.433,0.432,0.47,0.486,0.576,0.534,0.544,0.454,0.554,0.528,0.46,0.441,0.497,0.474,0.468,0.475,0.503,0.485,0.51,0.511,0.499,0.495,0.472,0.524,0.46,0.478,0.474,0.464,0.528,0.471,0.48,0.515,0.521,0.523,0.503,0.497,0.523,0.481,0.512,0.479,0.521,0.497,0.52,0.478,0.558,0.478,0.473,0.51,0.536,0.481,0.489,0.514,0.521,0.537
1.617,1.183,0.831,0.942,0.772,0.711,0.665,0.569,0.547,0.542,0.56,0.503,0.526,0.459,0.521,0.654,0.529,0.473,0.531,0.418,0.425,0.451,0.479,0.42,0.47,0.399,0.453,0.491,0.436,0.504,0.413,0.442,0.407,0.487,0.421,0.44,0.497,0.474,0.61,0.452,0.464,0.431,0.492,0.453,0.488,0.506,0.486,0.523,0.515,0.523,0.472,0.521,0.549,0.493,0.511,0.506,0.506,0.483,0.5,0.482,0.502,0.513,0.547,0.579,0.481,0.461,0.482,0.518,0.519,0.544,0.493,0.497,0.483,0.476,0.505,0.508,0.489,0.506,0.495,0.494,0.502,0.525,0.554,0.528,0.549,0.497,0.551,0.512,0.504,0.508,0.507,0.499,0.49,0.512,0.533,0.563,0.514,0.549,0.497,0.512

learning_rate
0.05,0.05,0.05,0.05,0.05,0.05,0.05,0.05,0.05,0.05,0.05,0.05,0.05,0.05,0.05,0.05,0.05,0.05,0.05,0.05,0.05,0.05,0.05,0.05,0.05,0.05,0.05,0.05,0.05,0.05,0.05,0.05,0.05,0.05,0.05,0.05,0.05,0.05,0.05,0.05,0.05,0.05,0.05,0.05,0.05,0.05,0.05,0.05,0.05,0.05,0.05,0.05,0.05,0.05,0.05,0.05,0.05,0.05,0.05,0.05,0.05,0.05,0.05,0.05,0.05,0.05,0.05,0.05,0.05,0.05,0.05,0.05,0.05,0.05,0.05,0.05,0.05,0.05,0.05,0.05,0.05,0.05,0.05,0.05,0.05,0.05,0.05,0.05,0.05,0.05,0.05,0.05,0.05,0.05,0.05,0.05,0.05,0.05,0.05,0.05
0.05,0.05,0.05,0.05,0.05,0.05,0.05,0.05,0.05,0.05,0.05,0.05,0.05,0.05,0.05,0.05,0.05,0.05,0.05,0.05,0.05,0.05,0.05,0.05,0.05,0.05,0.05,0.05,0.05,0.05,0.05,0.05,0.05,0.05,0.05,0.05,0.05,0.05,0.05,0.05,0.05,0.05,0.05,0.05,0.05,0.05,0.05,0.05,0.05,0.05,0.05,0.05,0.05,0.05,0.05,0.05,0.05,0.05,0.05,0.05,0.05,0.05,0.05,0.05,0.05,0.05,0.05,0.05,0.05,0.05,0.05,0.05,0.05,0.05,0.05,0.05,0.05,0.05,0.05,0.05,0.05,0.05,0.05,0.05,0.05,0.05,0.05,0.05,0.05,0.05,0.05,0.05,0.05,0.05,0.05,0.05,0.05,0.05,0.05,0.05
0.05,0.05,0.05,0.05,0.05,0.05,0.05,0.05,0.05,0.05,0.05,0.05,0.05,0.05,0.05,0.05,0.05,0.05,0.05,0.05,0.05,0.05,0.05,0.05,0.05,0.05,0.05,0.05,0.05,0.05,0.05,0.05,0.05,0.05,0.05,0.05,0.05,0.05,0.05,0.05,0.05,0.05,0.05,0.05,0.05,0.05,0.05,0.05,0.05,0.05,0.05,0.05,0.05,0.05,0.05,0.05,0.05,0.05,0.05,0.05,0.05,0.05,0.05,0.05,0.05,0.05,0.05,0.05,0.05,0.05,0.05,0.05,0.05,0.05,0.05,0.05,0.05,0.05,0.05,0.05,0.05,0.05,0.05,0.05,0.05,0.05,0.05,0.05,0.05,0.05,0.05,0.05,0.05,0.05,0.05,0.05,0.05,0.05,0.05,0.05

