parameters
sgd_lr:0.05
sgd_momentum:0.5
sgd_weight_decay:0
sgd_dampening:0
sgd_nesterov:False
architecture:vgg19bn_
dataset:cifar10
combine_datasets:False
do_validation_set:False
epochs:100
batch_size:128
test_set_split:0.1666667
validation_set_split:0.0
reduce_train_set:1
executions:3
base_seed:42
training_method:sgd
learning_method:constant

train_loss
1.783,1.126,0.851,0.712,0.624,0.555,0.504,0.463,0.423,0.393,0.357,0.336,0.315,0.294,0.278,0.263,0.25,0.23,0.22,0.203,0.195,0.187,0.172,0.168,0.158,0.144,0.143,0.134,0.124,0.12,0.114,0.109,0.105,0.1,0.095,0.09,0.084,0.082,0.08,0.076,0.072,0.071,0.067,0.063,0.061,0.059,0.059,0.059,0.054,0.049,0.052,0.045,0.047,0.046,0.042,0.044,0.042,0.037,0.037,0.038,0.036,0.033,0.037,0.032,0.032,0.033,0.029,0.03,0.031,0.027,0.029,0.027,0.027,0.023,0.025,0.026,0.026,0.024,0.023,0.024,0.022,0.021,0.02,0.02,0.021,0.021,0.016,0.022,0.02,0.017,0.016,0.018,0.019,0.019,0.015,0.015,0.016,0.017,0.014,0.017
1.807,1.131,0.846,0.707,0.618,0.549,0.5,0.457,0.424,0.391,0.358,0.336,0.314,0.297,0.279,0.266,0.249,0.23,0.219,0.205,0.196,0.182,0.173,0.163,0.158,0.147,0.143,0.131,0.124,0.12,0.112,0.109,0.102,0.098,0.096,0.089,0.085,0.083,0.08,0.075,0.072,0.069,0.067,0.061,0.063,0.06,0.057,0.059,0.052,0.049,0.05,0.05,0.047,0.043,0.042,0.043,0.038,0.042,0.037,0.036,0.036,0.032,0.035,0.034,0.033,0.033,0.032,0.028,0.029,0.025,0.03,0.026,0.025,0.025,0.027,0.024,0.022,0.025,0.023,0.023,0.024,0.021,0.018,0.023,0.02,0.023,0.019,0.019,0.019,0.017,0.018,0.017,0.018,0.017,0.017,0.019,0.018,0.017,0.017,0.014
1.816,1.125,0.847,0.706,0.618,0.55,0.504,0.459,0.427,0.388,0.363,0.339,0.321,0.297,0.281,0.265,0.251,0.231,0.22,0.207,0.199,0.189,0.173,0.165,0.162,0.145,0.141,0.135,0.126,0.125,0.113,0.109,0.106,0.103,0.096,0.09,0.087,0.086,0.078,0.078,0.074,0.071,0.067,0.067,0.061,0.061,0.057,0.055,0.053,0.052,0.05,0.048,0.045,0.043,0.045,0.043,0.039,0.037,0.038,0.039,0.035,0.035,0.034,0.032,0.03,0.036,0.03,0.028,0.026,0.028,0.026,0.025,0.028,0.025,0.026,0.027,0.024,0.022,0.022,0.022,0.024,0.02,0.02,0.021,0.021,0.022,0.02,0.017,0.017,0.019,0.017,0.018,0.018,0.015,0.016,0.015,0.019,0.018,0.015,0.015

train_acc1
34.732,59.668,69.804,75.3,78.422,80.726,82.674,83.984,85.48,86.526,87.74,88.298,88.792,89.722,90.426,90.916,91.294,92.002,92.356,92.944,93.116,93.418,94.058,94.17,94.488,94.98,94.922,95.244,95.624,95.7,96.022,96.188,96.204,96.45,96.72,96.818,96.998,97.118,97.262,97.37,97.526,97.542,97.74,97.78,97.894,97.946,97.952,97.94,98.142,98.284,98.172,98.442,98.308,98.408,98.514,98.46,98.536,98.714,98.64,98.71,98.726,98.808,98.666,98.86,98.878,98.792,99.034,98.924,98.954,99.082,99.012,99.076,99.058,99.214,99.144,99.122,99.072,99.162,99.168,99.156,99.196,99.228,99.284,99.31,99.286,99.296,99.456,99.228,99.316,99.464,99.47,99.406,99.352,99.302,99.506,99.484,99.454,99.408,99.486,99.414
33.742,59.83,70.328,75.574,78.588,81.148,82.62,84.306,85.196,86.57,87.618,88.16,89.026,89.746,90.424,90.858,91.308,92.0,92.348,92.868,93.174,93.706,94.062,94.366,94.448,94.814,95.03,95.422,95.664,95.774,96.12,96.218,96.466,96.596,96.63,96.826,97.058,97.118,97.156,97.4,97.51,97.55,97.646,97.852,97.742,97.918,98.048,97.878,98.164,98.264,98.284,98.222,98.36,98.472,98.522,98.522,98.692,98.546,98.648,98.774,98.776,98.876,98.746,98.83,98.842,98.834,98.92,99.006,99.01,99.12,98.946,99.096,99.156,99.14,99.002,99.172,99.264,99.076,99.224,99.148,99.222,99.262,99.42,99.244,99.308,99.198,99.344,99.338,99.334,99.42,99.374,99.396,99.422,99.424,99.394,99.316,99.362,99.408,99.434,99.534
32.916,59.952,70.436,75.612,78.57,80.988,82.518,84.134,85.278,86.63,87.446,88.098,88.946,89.664,90.316,90.93,91.332,91.932,92.34,92.694,93.146,93.414,93.984,94.176,94.404,94.92,95.016,95.356,95.64,95.61,96.034,96.15,96.332,96.314,96.58,96.88,96.978,97.006,97.224,97.222,97.338,97.438,97.678,97.646,97.78,97.87,98.048,98.046,98.104,98.162,98.214,98.292,98.464,98.49,98.512,98.462,98.636,98.722,98.692,98.61,98.812,98.78,98.842,98.892,98.942,98.74,99.006,99.028,99.066,99.014,99.112,99.118,99.04,99.132,99.08,99.098,99.156,99.242,99.228,99.244,99.174,99.338,99.326,99.3,99.284,99.188,99.308,99.412,99.436,99.382,99.42,99.388,99.386,99.486,99.446,99.514,99.384,99.376,99.444,99.458

val_acc1
42.0,62.09,70.14,74.97,74.43,75.89,75.46,81.87,83.78,82.56,83.39,83.94,84.61,82.84,83.52,83.56,86.67,86.4,85.9,86.7,86.15,87.41,86.2,88.16,86.03,87.18,87.28,88.17,88.75,87.39,88.53,88.57,88.15,86.09,88.61,88.53,88.49,87.8,88.54,89.46,88.31,88.48,88.63,89.14,89.43,88.18,88.93,88.89,89.21,88.57,89.24,88.1,89.22,89.19,88.71,89.6,89.81,89.76,88.62,90.01,89.86,89.15,87.54,89.71,90.03,89.57,89.84,89.83,89.48,89.58,89.33,89.99,90.79,90.23,90.41,90.35,89.65,90.37,89.14,90.65,90.25,89.51,89.61,90.19,90.18,90.52,90.42,90.4,90.61,90.61,90.67,90.41,90.45,90.83,90.11,90.29,90.25,90.92,90.66,90.46
52.92,66.03,72.36,69.96,75.62,82.35,74.06,81.37,81.39,83.1,83.52,82.61,83.84,84.46,84.61,83.79,85.91,86.16,85.92,85.74,87.57,87.13,85.42,87.37,87.78,87.68,87.63,87.97,88.82,87.05,88.31,88.99,87.96,88.12,88.84,88.48,89.22,87.89,88.69,89.41,89.09,88.96,89.17,89.15,89.25,89.6,88.89,89.11,88.16,89.65,89.06,89.18,89.28,89.11,89.85,88.63,89.57,89.32,89.78,89.57,90.29,90.32,89.75,90.03,90.24,90.2,90.22,90.19,90.27,89.94,90.38,89.79,89.87,89.67,90.01,90.44,90.08,89.92,90.74,90.47,90.6,90.14,90.41,89.48,90.47,90.01,90.48,90.07,89.27,89.64,90.74,90.7,90.28,89.98,89.73,90.17,90.32,89.97,90.47,90.58
49.62,59.62,71.31,69.83,72.03,80.39,74.84,81.83,83.27,82.95,81.24,84.6,83.52,83.79,84.03,85.98,86.08,87.32,82.1,87.31,85.89,84.08,85.14,87.93,87.12,87.49,86.71,88.63,87.58,86.27,86.69,86.28,88.26,87.79,88.75,88.68,88.65,88.83,88.37,87.9,88.94,89.1,88.72,88.15,88.36,89.26,88.83,89.64,89.51,90.05,89.23,88.35,89.88,89.41,89.84,89.71,88.84,89.03,88.89,90.05,88.79,90.15,90.49,90.39,90.14,89.43,89.58,89.49,90.09,89.91,90.14,90.18,90.31,90.35,90.08,90.1,90.06,90.38,90.55,89.88,90.45,90.17,90.47,90.06,90.1,90.4,90.91,90.58,89.61,90.4,90.59,89.93,90.32,89.97,89.77,90.45,90.12,90.66,90.55,90.51

val_loss
1.814,1.071,0.887,0.724,0.755,0.73,0.762,0.523,0.491,0.527,0.512,0.481,0.481,0.543,0.517,0.533,0.41,0.427,0.47,0.427,0.453,0.41,0.478,0.384,0.491,0.446,0.429,0.421,0.4,0.46,0.411,0.411,0.423,0.513,0.403,0.441,0.449,0.5,0.437,0.405,0.466,0.467,0.456,0.46,0.447,0.521,0.457,0.466,0.443,0.496,0.48,0.547,0.486,0.484,0.52,0.46,0.456,0.457,0.494,0.437,0.436,0.514,0.618,0.476,0.437,0.478,0.478,0.487,0.492,0.54,0.524,0.489,0.468,0.485,0.502,0.476,0.479,0.486,0.547,0.467,0.494,0.574,0.521,0.494,0.496,0.463,0.506,0.485,0.482,0.502,0.481,0.519,0.477,0.482,0.544,0.505,0.51,0.477,0.47,0.495
1.32,0.95,0.808,0.903,0.727,0.536,0.845,0.549,0.564,0.485,0.495,0.554,0.488,0.477,0.48,0.521,0.443,0.447,0.449,0.472,0.391,0.415,0.511,0.43,0.41,0.44,0.417,0.434,0.393,0.47,0.418,0.402,0.453,0.44,0.409,0.434,0.412,0.463,0.445,0.429,0.444,0.436,0.432,0.427,0.456,0.44,0.476,0.442,0.513,0.447,0.479,0.475,0.499,0.5,0.483,0.509,0.485,0.454,0.457,0.496,0.448,0.461,0.475,0.461,0.463,0.456,0.439,0.493,0.476,0.512,0.451,0.493,0.496,0.516,0.495,0.464,0.479,0.47,0.477,0.493,0.483,0.491,0.509,0.529,0.487,0.513,0.498,0.533,0.572,0.535,0.508,0.494,0.512,0.524,0.534,0.524,0.532,0.541,0.504,0.511
1.39,1.143,0.843,0.914,0.829,0.576,0.789,0.512,0.51,0.513,0.583,0.453,0.508,0.492,0.494,0.428,0.423,0.398,0.614,0.407,0.448,0.544,0.5,0.39,0.448,0.437,0.467,0.399,0.421,0.481,0.479,0.49,0.426,0.472,0.418,0.402,0.459,0.438,0.439,0.505,0.422,0.43,0.437,0.472,0.468,0.417,0.454,0.412,0.42,0.42,0.465,0.532,0.436,0.461,0.43,0.438,0.515,0.48,0.509,0.447,0.543,0.447,0.443,0.427,0.467,0.464,0.478,0.481,0.456,0.495,0.462,0.459,0.444,0.464,0.49,0.46,0.46,0.465,0.481,0.487,0.481,0.499,0.475,0.482,0.496,0.474,0.466,0.48,0.512,0.489,0.484,0.503,0.475,0.494,0.512,0.517,0.492,0.475,0.489,0.49

learning_rate
0.05,0.05,0.05,0.05,0.05,0.05,0.05,0.05,0.05,0.05,0.05,0.05,0.05,0.05,0.05,0.05,0.05,0.05,0.05,0.05,0.05,0.05,0.05,0.05,0.05,0.05,0.05,0.05,0.05,0.05,0.05,0.05,0.05,0.05,0.05,0.05,0.05,0.05,0.05,0.05,0.05,0.05,0.05,0.05,0.05,0.05,0.05,0.05,0.05,0.05,0.05,0.05,0.05,0.05,0.05,0.05,0.05,0.05,0.05,0.05,0.05,0.05,0.05,0.05,0.05,0.05,0.05,0.05,0.05,0.05,0.05,0.05,0.05,0.05,0.05,0.05,0.05,0.05,0.05,0.05,0.05,0.05,0.05,0.05,0.05,0.05,0.05,0.05,0.05,0.05,0.05,0.05,0.05,0.05,0.05,0.05,0.05,0.05,0.05,0.05
0.05,0.05,0.05,0.05,0.05,0.05,0.05,0.05,0.05,0.05,0.05,0.05,0.05,0.05,0.05,0.05,0.05,0.05,0.05,0.05,0.05,0.05,0.05,0.05,0.05,0.05,0.05,0.05,0.05,0.05,0.05,0.05,0.05,0.05,0.05,0.05,0.05,0.05,0.05,0.05,0.05,0.05,0.05,0.05,0.05,0.05,0.05,0.05,0.05,0.05,0.05,0.05,0.05,0.05,0.05,0.05,0.05,0.05,0.05,0.05,0.05,0.05,0.05,0.05,0.05,0.05,0.05,0.05,0.05,0.05,0.05,0.05,0.05,0.05,0.05,0.05,0.05,0.05,0.05,0.05,0.05,0.05,0.05,0.05,0.05,0.05,0.05,0.05,0.05,0.05,0.05,0.05,0.05,0.05,0.05,0.05,0.05,0.05,0.05,0.05
0.05,0.05,0.05,0.05,0.05,0.05,0.05,0.05,0.05,0.05,0.05,0.05,0.05,0.05,0.05,0.05,0.05,0.05,0.05,0.05,0.05,0.05,0.05,0.05,0.05,0.05,0.05,0.05,0.05,0.05,0.05,0.05,0.05,0.05,0.05,0.05,0.05,0.05,0.05,0.05,0.05,0.05,0.05,0.05,0.05,0.05,0.05,0.05,0.05,0.05,0.05,0.05,0.05,0.05,0.05,0.05,0.05,0.05,0.05,0.05,0.05,0.05,0.05,0.05,0.05,0.05,0.05,0.05,0.05,0.05,0.05,0.05,0.05,0.05,0.05,0.05,0.05,0.05,0.05,0.05,0.05,0.05,0.05,0.05,0.05,0.05,0.05,0.05,0.05,0.05,0.05,0.05,0.05,0.05,0.05,0.05,0.05,0.05,0.05,0.05

