parameters
sgd_lr:0.05
sgd_momentum:0.99
sgd_weight_decay:0
sgd_dampening:0
sgd_nesterov:False
architecture:vgg19bn_
dataset:cifar10
combine_datasets:False
do_validation_set:False
epochs:100
batch_size:128
test_set_split:0.1666667
validation_set_split:0.0
reduce_train_set:1
executions:3
base_seed:42
training_method:sgd
learning_method:constant

train_loss
2.577,2.3,2.302,2.302,2.294,2.3,2.294,2.284,2.274,2.263,2.269,2.146,1.985,1.958,1.932,1.949,1.928,1.894,1.861,1.858,1.826,1.785,1.803,1.709,1.751,1.673,1.693,1.776,1.744,1.688,1.601,1.614,1.538,1.59,1.562,1.608,1.5,1.423,1.459,1.399,1.375,1.475,1.491,1.471,1.381,1.339,1.377,1.407,1.318,1.269,1.258,1.298,1.277,1.27,1.246,1.227,1.27,1.277,1.272,1.292,1.18,1.164,1.262,1.122,1.205,1.161,1.204,1.162,1.134,1.142,1.132,1.105,1.041,1.037,1.054,1.168,1.076,1.066,0.992,1.042,1.143,1.051,0.955,0.979,1.02,1.06,0.962,1.078,0.953,0.987,0.974,0.918,0.918,0.895,0.876,0.88,0.932,0.888,0.909,0.926
2.63,2.31,2.311,2.312,2.308,2.315,2.309,2.311,2.311,2.314,2.31,2.312,2.313,2.311,2.311,2.311,2.313,2.31,2.312,2.311,2.311,2.309,2.312,2.312,2.312,2.311,2.309,2.314,2.31,2.311,2.314,2.31,2.312,2.308,2.312,2.31,2.311,2.312,2.309,2.31,2.311,2.311,2.312,2.31,2.312,2.311,2.309,2.313,2.31,2.31,2.313,2.311,2.31,2.308,2.313,2.313,2.312,2.312,2.312,2.31,2.312,2.312,2.314,2.317,2.312,2.312,2.312,2.31,2.31,2.313,2.31,2.316,2.312,2.308,2.312,2.311,2.309,2.312,2.314,2.31,2.312,2.311,2.31,2.315,2.312,2.308,2.312,2.311,2.311,2.313,2.312,2.311,2.315,2.313,2.312,2.311,2.311,2.309,2.312,2.311
2.647,2.305,2.302,2.308,2.297,2.305,2.293,2.285,2.282,2.276,2.181,2.03,1.956,1.901,1.902,1.887,1.91,1.877,1.862,1.892,1.853,1.839,1.784,1.709,1.665,1.56,1.494,1.458,1.433,1.344,1.343,1.248,1.181,1.211,1.104,1.077,0.996,0.943,0.926,0.876,0.849,0.801,0.828,0.752,0.69,0.697,0.677,0.719,0.667,0.705,0.582,0.552,0.598,0.554,0.569,0.535,0.522,0.515,0.459,0.429,0.419,0.405,0.387,0.383,0.402,0.389,0.354,0.344,0.327,0.325,0.357,0.326,0.324,0.309,0.294,0.294,0.277,0.274,0.279,0.268,0.257,0.24,0.232,0.235,0.224,0.241,0.228,0.237,0.221,0.202,0.194,0.197,0.196,0.198,0.204,0.184,0.201,0.178,0.162,0.164

train_acc1
10.204,10.81,10.556,10.696,11.216,11.198,10.954,11.502,11.712,12.536,12.026,15.696,18.602,18.646,19.414,19.4,19.77,21.162,22.676,23.052,24.17,25.564,25.172,27.866,27.34,29.468,29.578,27.86,28.078,31.544,34.756,34.144,37.734,37.112,36.974,35.958,39.04,42.286,40.562,44.456,45.552,42.43,40.928,41.93,44.962,47.626,45.228,46.606,48.22,51.108,51.266,49.224,50.392,51.388,51.72,53.52,50.012,51.92,51.308,51.624,56.272,56.828,52.608,57.694,55.33,55.266,54.54,56.738,57.726,57.598,57.99,59.726,61.948,62.388,61.236,56.038,61.46,60.458,64.328,61.28,57.5,60.504,66.068,64.66,62.198,59.962,65.532,60.372,66.12,63.7,65.126,66.71,67.192,67.722,68.08,69.498,65.534,68.064,65.88,67.054
10.182,10.108,9.944,9.912,10.278,9.888,9.664,9.818,9.842,10.104,9.992,10.156,9.95,10.038,10.068,9.93,10.032,9.822,9.858,9.986,9.82,10.004,10.006,9.85,10.004,10.12,9.996,9.834,10.25,10.066,9.866,10.114,9.96,9.736,9.988,10.102,10.008,9.99,9.944,9.856,9.998,9.614,10.002,10.21,9.966,10.016,9.788,10.004,10.074,9.868,10.096,10.168,10.05,9.752,9.818,10.048,9.924,9.898,10.002,9.908,10.06,9.862,9.858,9.862,9.888,9.982,9.924,9.87,9.96,10.056,9.954,10.132,10.016,10.11,10.074,10.03,9.85,9.858,10.034,9.626,9.916,10.214,9.966,10.144,9.954,10.12,9.89,9.998,9.978,10.216,9.85,9.754,10.012,10.056,9.898,9.914,10.2,10.028,9.964,10.05
10.294,10.356,10.612,10.546,10.994,10.68,10.862,11.256,11.53,12.168,14.378,18.256,19.764,20.76,21.338,22.244,22.166,22.846,23.844,22.956,23.976,25.226,28.772,32.042,34.424,38.38,41.962,43.814,45.642,50.31,50.798,54.826,57.922,57.07,60.456,60.942,63.88,66.222,67.696,70.022,71.718,73.124,73.426,75.912,77.568,78.004,78.546,77.998,79.52,78.692,81.56,82.86,81.814,82.902,82.54,83.488,83.896,84.264,85.722,86.688,86.85,87.14,87.978,87.834,87.58,88.144,88.924,89.074,89.506,89.86,88.986,89.772,89.698,90.362,90.632,90.67,91.39,91.328,91.338,91.636,91.942,92.24,92.588,92.484,92.872,92.432,92.74,92.532,93.136,93.43,93.86,93.736,93.748,93.774,93.724,94.144,93.85,94.346,94.734,94.728

val_acc1
10.35,10.86,10.0,10.89,11.17,10.51,11.53,12.13,11.57,11.97,11.56,18.62,18.85,22.17,21.76,21.85,21.41,22.78,24.37,24.24,24.49,25.5,26.92,29.0,25.65,31.83,29.65,29.32,30.52,37.9,32.28,38.55,41.31,41.34,41.8,32.33,36.1,34.69,42.08,44.39,50.42,40.57,42.37,44.09,45.88,38.92,51.35,49.11,50.65,50.3,49.79,41.66,52.08,55.76,46.89,49.32,46.41,44.7,42.99,48.28,51.49,52.77,50.79,57.99,50.13,56.81,59.22,59.96,62.4,45.99,58.46,53.0,63.48,63.75,45.5,50.88,64.93,61.92,61.08,52.18,58.67,65.96,65.58,51.23,67.17,60.4,62.19,66.74,65.41,51.98,60.36,62.24,61.97,64.08,67.57,64.05,61.67,66.7,62.62,66.4
9.97,10.04,10.0,10.04,10.01,10.0,10.07,10.18,10.01,10.02,10.01,10.0,10.0,10.0,10.0,10.13,10.15,10.01,10.0,9.97,10.0,10.22,9.99,9.99,10.11,10.0,9.99,10.0,10.0,10.12,10.08,10.01,10.02,9.99,10.0,10.0,10.0,10.08,10.03,10.0,10.0,10.02,10.0,10.01,10.01,10.0,10.19,10.02,10.07,10.0,10.0,10.03,10.03,10.08,10.0,10.13,9.99,10.0,10.02,10.08,9.99,10.13,10.0,10.0,10.12,9.95,10.0,9.85,10.07,10.0,10.0,10.0,9.98,10.0,10.0,10.06,10.0,10.01,10.01,10.13,9.99,10.01,10.0,10.01,10.01,10.21,10.01,10.11,9.99,10.05,10.01,10.0,10.01,9.97,10.01,10.0,9.98,10.01,10.21,10.04
10.25,10.64,10.73,10.52,10.39,10.53,11.26,11.87,11.68,11.83,16.98,17.8,21.3,22.67,22.62,24.6,21.45,22.37,24.43,23.29,26.8,28.92,30.36,31.47,37.73,39.58,41.83,43.47,48.46,52.79,50.28,53.33,54.38,57.58,60.92,64.16,66.16,69.7,65.71,68.3,70.6,72.69,76.02,77.53,77.4,77.98,78.06,78.47,77.53,74.27,81.82,79.35,80.45,80.28,78.18,81.88,81.58,82.46,84.52,81.6,84.09,83.67,84.5,84.26,82.78,84.72,83.4,84.19,85.5,84.48,84.02,84.06,85.41,85.47,84.84,85.9,86.58,84.82,84.91,86.01,86.12,86.18,85.29,86.47,86.38,86.79,85.73,86.24,86.42,86.98,86.57,87.03,86.8,85.47,86.28,86.84,85.87,87.2,87.22,87.41

val_loss
2.306,2.293,2.311,2.293,2.297,2.298,2.286,2.273,2.276,2.279,2.254,2.028,2.014,1.923,1.864,1.883,1.91,1.849,1.807,1.807,1.787,1.792,1.709,1.75,1.749,1.675,1.74,1.654,1.648,1.564,1.664,1.517,1.496,1.476,1.466,1.665,1.559,1.597,1.419,1.404,1.296,1.479,1.564,1.388,1.374,1.587,1.426,1.431,1.331,1.382,1.354,1.524,1.339,1.263,1.438,1.385,1.477,1.711,1.62,1.325,1.246,1.334,1.255,1.277,1.277,1.252,1.263,1.23,1.377,1.436,1.191,1.233,1.209,1.177,1.425,1.331,1.21,1.182,1.27,1.49,1.228,1.242,1.25,1.432,1.155,1.261,1.235,1.152,1.27,1.395,1.302,1.364,1.221,1.328,1.159,1.257,1.215,1.226,1.303,1.268
2.312,2.304,2.313,2.308,2.313,2.309,2.307,2.306,2.308,2.309,2.317,2.311,2.306,2.31,2.313,2.309,2.305,2.308,2.317,2.306,2.306,2.312,2.318,2.313,2.309,2.307,2.308,2.316,2.306,2.308,2.313,2.307,2.306,2.308,2.312,2.309,2.308,2.311,2.307,2.305,2.312,2.31,2.309,2.307,2.309,2.307,2.314,2.305,2.306,2.316,2.31,2.306,2.306,2.307,2.314,2.32,2.314,2.312,2.318,2.316,2.311,2.312,2.321,2.31,2.307,2.308,2.308,2.305,2.315,2.309,2.31,2.321,2.308,2.309,2.311,2.312,2.312,2.315,2.307,2.311,2.314,2.308,2.309,2.314,2.307,2.313,2.313,2.305,2.313,2.308,2.306,2.308,2.312,2.312,2.313,2.319,2.306,2.312,2.31,2.312
2.307,2.299,2.322,2.303,2.303,2.307,2.294,2.272,2.276,2.266,2.058,1.984,1.889,1.872,1.858,1.854,1.882,1.862,1.893,1.849,1.802,1.779,1.743,1.851,1.541,1.529,1.519,1.481,1.379,1.353,1.419,1.298,1.43,1.195,1.063,1.025,0.959,0.868,1.001,0.89,0.855,0.837,0.768,0.757,0.767,0.708,0.755,0.755,0.824,0.79,0.596,0.814,0.662,0.75,0.759,0.637,0.649,0.63,0.538,0.653,0.565,0.569,0.543,0.622,0.63,0.529,0.59,0.575,0.518,0.586,0.6,0.56,0.542,0.535,0.509,0.513,0.497,0.621,0.593,0.533,0.516,0.526,0.584,0.495,0.574,0.508,0.58,0.578,0.541,0.533,0.559,0.558,0.56,0.736,0.596,0.569,0.598,0.513,0.578,0.541

learning_rate
0.05,0.05,0.05,0.05,0.05,0.05,0.05,0.05,0.05,0.05,0.05,0.05,0.05,0.05,0.05,0.05,0.05,0.05,0.05,0.05,0.05,0.05,0.05,0.05,0.05,0.05,0.05,0.05,0.05,0.05,0.05,0.05,0.05,0.05,0.05,0.05,0.05,0.05,0.05,0.05,0.05,0.05,0.05,0.05,0.05,0.05,0.05,0.05,0.05,0.05,0.05,0.05,0.05,0.05,0.05,0.05,0.05,0.05,0.05,0.05,0.05,0.05,0.05,0.05,0.05,0.05,0.05,0.05,0.05,0.05,0.05,0.05,0.05,0.05,0.05,0.05,0.05,0.05,0.05,0.05,0.05,0.05,0.05,0.05,0.05,0.05,0.05,0.05,0.05,0.05,0.05,0.05,0.05,0.05,0.05,0.05,0.05,0.05,0.05,0.05
0.05,0.05,0.05,0.05,0.05,0.05,0.05,0.05,0.05,0.05,0.05,0.05,0.05,0.05,0.05,0.05,0.05,0.05,0.05,0.05,0.05,0.05,0.05,0.05,0.05,0.05,0.05,0.05,0.05,0.05,0.05,0.05,0.05,0.05,0.05,0.05,0.05,0.05,0.05,0.05,0.05,0.05,0.05,0.05,0.05,0.05,0.05,0.05,0.05,0.05,0.05,0.05,0.05,0.05,0.05,0.05,0.05,0.05,0.05,0.05,0.05,0.05,0.05,0.05,0.05,0.05,0.05,0.05,0.05,0.05,0.05,0.05,0.05,0.05,0.05,0.05,0.05,0.05,0.05,0.05,0.05,0.05,0.05,0.05,0.05,0.05,0.05,0.05,0.05,0.05,0.05,0.05,0.05,0.05,0.05,0.05,0.05,0.05,0.05,0.05
0.05,0.05,0.05,0.05,0.05,0.05,0.05,0.05,0.05,0.05,0.05,0.05,0.05,0.05,0.05,0.05,0.05,0.05,0.05,0.05,0.05,0.05,0.05,0.05,0.05,0.05,0.05,0.05,0.05,0.05,0.05,0.05,0.05,0.05,0.05,0.05,0.05,0.05,0.05,0.05,0.05,0.05,0.05,0.05,0.05,0.05,0.05,0.05,0.05,0.05,0.05,0.05,0.05,0.05,0.05,0.05,0.05,0.05,0.05,0.05,0.05,0.05,0.05,0.05,0.05,0.05,0.05,0.05,0.05,0.05,0.05,0.05,0.05,0.05,0.05,0.05,0.05,0.05,0.05,0.05,0.05,0.05,0.05,0.05,0.05,0.05,0.05,0.05,0.05,0.05,0.05,0.05,0.05,0.05,0.05,0.05,0.05,0.05,0.05,0.05

