parameters
sgd_lr:0.05
sgd_momentum:0.1
sgd_weight_decay:0
sgd_dampening:0
sgd_nesterov:False
architecture:vgg19bn_
dataset:cifar10
combine_datasets:False
do_validation_set:False
epochs:100
batch_size:128
test_set_split:0.1666667
validation_set_split:0.0
reduce_train_set:1
executions:3
base_seed:42
training_method:sgd
learning_method:constant

train_loss
1.73,1.164,0.916,0.77,0.682,0.607,0.559,0.514,0.47,0.437,0.407,0.384,0.359,0.337,0.321,0.304,0.283,0.271,0.256,0.237,0.227,0.218,0.205,0.198,0.185,0.175,0.171,0.16,0.153,0.146,0.137,0.13,0.128,0.122,0.12,0.111,0.103,0.1,0.096,0.095,0.091,0.087,0.083,0.075,0.074,0.073,0.067,0.069,0.065,0.061,0.059,0.059,0.058,0.055,0.052,0.052,0.051,0.046,0.047,0.043,0.042,0.042,0.04,0.042,0.037,0.038,0.038,0.036,0.032,0.036,0.034,0.032,0.031,0.032,0.029,0.03,0.028,0.026,0.028,0.025,0.027,0.027,0.026,0.024,0.024,0.023,0.022,0.024,0.024,0.022,0.019,0.024,0.02,0.021,0.018,0.021,0.02,0.018,0.02,0.017
1.738,1.16,0.907,0.762,0.672,0.599,0.553,0.502,0.468,0.435,0.402,0.379,0.356,0.337,0.317,0.304,0.283,0.268,0.256,0.24,0.229,0.214,0.206,0.196,0.189,0.175,0.168,0.162,0.15,0.146,0.14,0.134,0.129,0.124,0.118,0.108,0.104,0.1,0.097,0.096,0.09,0.084,0.081,0.077,0.075,0.076,0.069,0.072,0.067,0.065,0.061,0.061,0.059,0.057,0.052,0.054,0.049,0.049,0.046,0.044,0.042,0.046,0.041,0.04,0.037,0.039,0.036,0.036,0.033,0.034,0.034,0.031,0.03,0.034,0.03,0.03,0.025,0.031,0.029,0.029,0.026,0.026,0.024,0.022,0.024,0.023,0.025,0.026,0.023,0.022,0.021,0.021,0.021,0.021,0.022,0.02,0.017,0.018,0.02,0.019
1.776,1.19,0.925,0.778,0.681,0.606,0.557,0.51,0.472,0.438,0.406,0.382,0.362,0.339,0.322,0.301,0.284,0.271,0.255,0.241,0.23,0.218,0.205,0.196,0.192,0.177,0.172,0.16,0.154,0.148,0.139,0.132,0.13,0.121,0.115,0.114,0.106,0.104,0.096,0.096,0.093,0.086,0.082,0.079,0.075,0.075,0.072,0.068,0.067,0.066,0.061,0.06,0.059,0.055,0.052,0.053,0.05,0.049,0.046,0.044,0.044,0.039,0.039,0.041,0.04,0.038,0.039,0.037,0.032,0.032,0.034,0.031,0.034,0.028,0.032,0.027,0.03,0.028,0.029,0.025,0.027,0.028,0.027,0.023,0.021,0.028,0.023,0.025,0.021,0.02,0.017,0.023,0.02,0.02,0.019,0.018,0.024,0.019,0.018,0.017

train_acc1
35.778,57.916,67.494,72.934,76.08,78.998,80.762,81.952,83.626,84.762,85.724,86.592,87.544,88.394,88.82,89.482,90.172,90.482,91.154,91.716,92.144,92.408,92.838,92.952,93.446,93.796,93.902,94.406,94.516,94.764,95.144,95.336,95.408,95.73,95.724,96.054,96.35,96.502,96.644,96.654,96.742,96.896,97.054,97.33,97.384,97.416,97.582,97.536,97.726,97.79,97.854,97.886,97.918,98.05,98.164,98.188,98.27,98.398,98.318,98.472,98.514,98.53,98.58,98.582,98.676,98.684,98.712,98.756,98.872,98.724,98.89,98.916,98.902,98.892,98.96,98.948,98.988,99.096,99.022,99.104,99.072,99.086,99.108,99.14,99.15,99.226,99.218,99.166,99.186,99.242,99.316,99.084,99.29,99.276,99.426,99.27,99.33,99.372,99.3,99.4
35.732,58.52,67.836,73.154,76.364,79.3,80.99,82.668,83.85,84.932,86.056,86.818,87.624,88.476,88.968,89.43,90.182,90.676,90.966,91.604,91.986,92.626,92.854,93.146,93.302,93.916,94.108,94.352,94.772,94.78,95.088,95.224,95.506,95.548,95.782,96.186,96.296,96.57,96.564,96.706,96.822,97.094,97.176,97.246,97.354,97.334,97.512,97.52,97.608,97.674,97.866,97.868,97.872,97.998,98.164,98.046,98.224,98.202,98.398,98.464,98.592,98.358,98.576,98.638,98.698,98.594,98.798,98.736,98.812,98.86,98.788,98.896,98.946,98.796,98.976,98.958,99.134,98.914,98.98,98.982,99.094,99.098,99.244,99.222,99.166,99.226,99.112,99.118,99.156,99.238,99.268,99.296,99.272,99.262,99.256,99.344,99.398,99.348,99.31,99.338
33.648,57.06,67.188,72.68,76.314,78.856,80.656,82.314,83.528,84.794,85.844,86.662,87.446,88.384,88.84,89.534,89.956,90.406,91.068,91.514,91.992,92.318,92.838,93.052,93.248,93.796,94.06,94.392,94.612,94.796,95.086,95.422,95.5,95.736,95.944,95.942,96.188,96.358,96.652,96.632,96.654,96.992,97.084,97.212,97.372,97.324,97.508,97.61,97.54,97.684,97.856,97.84,97.912,98.054,98.144,98.084,98.262,98.266,98.412,98.446,98.428,98.668,98.638,98.618,98.566,98.614,98.64,98.694,98.838,98.872,98.838,98.926,98.834,99.014,98.916,99.062,98.916,99.044,99.038,99.168,99.064,98.996,99.036,99.184,99.256,99.034,99.188,99.1,99.316,99.284,99.406,99.21,99.32,99.32,99.334,99.336,99.154,99.352,99.386,99.43

val_acc1
43.03,57.8,70.28,70.89,72.35,75.18,72.94,80.55,80.59,80.8,81.98,83.76,81.09,83.64,81.16,83.33,84.04,84.62,78.41,85.63,85.57,85.38,85.91,85.97,85.1,86.97,85.91,85.86,85.51,86.87,87.36,85.77,87.57,86.91,87.35,86.0,86.72,86.49,84.81,85.32,87.43,87.76,87.14,88.4,83.42,88.7,87.01,86.22,88.5,87.66,87.97,87.47,87.2,88.35,86.9,87.81,87.94,89.43,88.52,88.93,87.0,89.14,88.62,89.38,89.04,89.67,89.78,89.36,89.43,89.21,88.92,89.08,88.91,90.0,89.54,89.17,89.38,89.21,89.12,89.27,88.55,88.97,89.55,89.61,90.06,89.46,90.26,89.56,89.27,90.09,89.65,90.02,90.16,89.53,89.68,89.57,89.91,89.82,89.84,89.54
45.36,52.36,73.48,70.81,72.74,77.01,72.75,79.86,82.37,81.57,79.34,82.77,82.03,84.46,83.38,83.04,84.03,84.18,83.84,86.82,83.27,87.42,85.89,84.53,86.86,87.33,84.99,85.88,87.02,85.12,87.2,84.76,87.05,87.37,87.17,88.46,88.4,85.78,87.6,88.05,87.49,88.66,88.42,87.71,86.45,87.93,88.6,86.94,88.26,85.43,88.38,87.38,86.86,89.21,87.64,87.95,88.92,88.52,87.15,88.81,89.08,88.5,87.92,89.21,89.39,89.28,89.67,89.08,88.9,89.3,89.46,89.37,89.81,88.67,89.78,88.83,89.38,89.2,89.23,89.39,89.66,89.18,89.73,90.11,89.85,89.38,89.83,89.81,88.55,90.03,87.08,89.17,89.71,88.75,89.96,89.14,89.73,89.82,88.99,89.61
44.09,60.09,70.79,67.46,72.6,73.18,72.69,79.37,80.93,80.58,80.58,82.22,82.17,83.54,83.59,82.23,84.5,83.72,83.33,84.74,83.16,85.75,85.15,86.51,86.17,86.06,85.86,85.54,85.25,86.01,87.12,85.5,86.23,86.55,87.27,85.17,87.14,84.81,87.63,87.59,87.85,87.73,86.83,87.39,84.11,88.17,85.12,85.09,87.43,86.27,88.76,88.58,88.15,88.49,87.32,89.2,88.68,88.14,88.15,88.76,87.94,88.94,89.25,86.64,89.21,88.74,88.11,87.12,88.79,89.0,86.99,88.29,88.72,88.85,88.87,89.27,89.3,89.87,89.48,89.23,89.27,89.42,89.5,89.63,89.67,89.34,89.14,89.22,89.07,89.9,89.52,89.28,89.87,88.89,89.58,87.94,89.42,88.66,89.12,89.15

val_loss
1.776,1.179,0.871,0.854,0.808,0.739,0.804,0.568,0.596,0.582,0.53,0.487,0.579,0.496,0.581,0.52,0.497,0.481,0.807,0.477,0.473,0.462,0.469,0.46,0.499,0.426,0.481,0.492,0.506,0.445,0.442,0.5,0.446,0.493,0.47,0.533,0.486,0.519,0.616,0.586,0.486,0.484,0.521,0.467,0.734,0.455,0.547,0.604,0.477,0.522,0.519,0.52,0.546,0.495,0.61,0.516,0.52,0.459,0.48,0.497,0.599,0.511,0.505,0.472,0.52,0.483,0.465,0.491,0.509,0.493,0.526,0.54,0.524,0.456,0.488,0.506,0.52,0.543,0.51,0.535,0.569,0.554,0.529,0.509,0.517,0.529,0.508,0.516,0.554,0.495,0.549,0.518,0.497,0.547,0.536,0.529,0.521,0.526,0.537,0.535
1.599,1.397,0.771,0.896,0.803,0.678,0.834,0.59,0.524,0.533,0.65,0.516,0.537,0.474,0.518,0.53,0.512,0.498,0.52,0.425,0.548,0.4,0.466,0.54,0.441,0.421,0.525,0.476,0.441,0.512,0.438,0.542,0.442,0.445,0.465,0.418,0.437,0.555,0.446,0.49,0.483,0.449,0.454,0.51,0.595,0.489,0.452,0.544,0.486,0.627,0.498,0.57,0.566,0.452,0.555,0.536,0.476,0.512,0.576,0.502,0.492,0.518,0.564,0.489,0.485,0.497,0.489,0.502,0.521,0.522,0.519,0.502,0.512,0.537,0.494,0.549,0.526,0.522,0.559,0.535,0.517,0.541,0.511,0.504,0.524,0.535,0.5,0.507,0.599,0.512,0.686,0.573,0.527,0.601,0.502,0.542,0.557,0.55,0.59,0.574
1.598,1.128,0.843,0.956,0.789,0.801,0.814,0.597,0.572,0.571,0.583,0.531,0.538,0.489,0.499,0.567,0.474,0.53,0.563,0.477,0.54,0.447,0.514,0.445,0.48,0.466,0.489,0.511,0.521,0.487,0.43,0.515,0.478,0.507,0.463,0.583,0.495,0.59,0.476,0.489,0.472,0.485,0.552,0.511,0.695,0.45,0.652,0.621,0.497,0.607,0.475,0.496,0.527,0.509,0.575,0.474,0.511,0.51,0.525,0.536,0.548,0.503,0.516,0.627,0.523,0.534,0.564,0.612,0.523,0.554,0.678,0.555,0.525,0.538,0.519,0.537,0.516,0.487,0.534,0.525,0.535,0.52,0.504,0.52,0.511,0.527,0.545,0.533,0.572,0.507,0.559,0.56,0.537,0.556,0.548,0.643,0.54,0.585,0.547,0.581

learning_rate
0.05,0.05,0.05,0.05,0.05,0.05,0.05,0.05,0.05,0.05,0.05,0.05,0.05,0.05,0.05,0.05,0.05,0.05,0.05,0.05,0.05,0.05,0.05,0.05,0.05,0.05,0.05,0.05,0.05,0.05,0.05,0.05,0.05,0.05,0.05,0.05,0.05,0.05,0.05,0.05,0.05,0.05,0.05,0.05,0.05,0.05,0.05,0.05,0.05,0.05,0.05,0.05,0.05,0.05,0.05,0.05,0.05,0.05,0.05,0.05,0.05,0.05,0.05,0.05,0.05,0.05,0.05,0.05,0.05,0.05,0.05,0.05,0.05,0.05,0.05,0.05,0.05,0.05,0.05,0.05,0.05,0.05,0.05,0.05,0.05,0.05,0.05,0.05,0.05,0.05,0.05,0.05,0.05,0.05,0.05,0.05,0.05,0.05,0.05,0.05
0.05,0.05,0.05,0.05,0.05,0.05,0.05,0.05,0.05,0.05,0.05,0.05,0.05,0.05,0.05,0.05,0.05,0.05,0.05,0.05,0.05,0.05,0.05,0.05,0.05,0.05,0.05,0.05,0.05,0.05,0.05,0.05,0.05,0.05,0.05,0.05,0.05,0.05,0.05,0.05,0.05,0.05,0.05,0.05,0.05,0.05,0.05,0.05,0.05,0.05,0.05,0.05,0.05,0.05,0.05,0.05,0.05,0.05,0.05,0.05,0.05,0.05,0.05,0.05,0.05,0.05,0.05,0.05,0.05,0.05,0.05,0.05,0.05,0.05,0.05,0.05,0.05,0.05,0.05,0.05,0.05,0.05,0.05,0.05,0.05,0.05,0.05,0.05,0.05,0.05,0.05,0.05,0.05,0.05,0.05,0.05,0.05,0.05,0.05,0.05
0.05,0.05,0.05,0.05,0.05,0.05,0.05,0.05,0.05,0.05,0.05,0.05,0.05,0.05,0.05,0.05,0.05,0.05,0.05,0.05,0.05,0.05,0.05,0.05,0.05,0.05,0.05,0.05,0.05,0.05,0.05,0.05,0.05,0.05,0.05,0.05,0.05,0.05,0.05,0.05,0.05,0.05,0.05,0.05,0.05,0.05,0.05,0.05,0.05,0.05,0.05,0.05,0.05,0.05,0.05,0.05,0.05,0.05,0.05,0.05,0.05,0.05,0.05,0.05,0.05,0.05,0.05,0.05,0.05,0.05,0.05,0.05,0.05,0.05,0.05,0.05,0.05,0.05,0.05,0.05,0.05,0.05,0.05,0.05,0.05,0.05,0.05,0.05,0.05,0.05,0.05,0.05,0.05,0.05,0.05,0.05,0.05,0.05,0.05,0.05

