parameters
sgd_lr:0.05
sgd_momentum:0.7
sgd_weight_decay:0
sgd_dampening:0
sgd_nesterov:False
architecture:vgg19bn_
dataset:cifar10
combine_datasets:False
do_validation_set:False
epochs:100
batch_size:128
test_set_split:0.1666667
validation_set_split:0.0
reduce_train_set:1
executions:3
base_seed:42
training_method:sgd
learning_method:constant

train_loss
1.932,1.211,0.896,0.733,0.632,0.554,0.506,0.46,0.419,0.384,0.355,0.334,0.309,0.288,0.271,0.255,0.24,0.22,0.211,0.195,0.187,0.175,0.166,0.157,0.147,0.139,0.131,0.125,0.117,0.113,0.105,0.102,0.096,0.093,0.091,0.082,0.08,0.076,0.077,0.068,0.068,0.064,0.062,0.059,0.056,0.056,0.051,0.048,0.05,0.048,0.042,0.044,0.041,0.04,0.039,0.041,0.035,0.037,0.034,0.033,0.032,0.033,0.032,0.031,0.026,0.026,0.027,0.027,0.027,0.025,0.025,0.024,0.022,0.023,0.025,0.02,0.023,0.021,0.019,0.021,0.021,0.018,0.02,0.018,0.018,0.019,0.019,0.019,0.017,0.015,0.014,0.017,0.018,0.015,0.013,0.014,0.014,0.017,0.014,0.013
1.935,1.209,0.871,0.71,0.614,0.541,0.494,0.449,0.409,0.377,0.345,0.329,0.303,0.282,0.267,0.253,0.237,0.22,0.211,0.196,0.183,0.174,0.161,0.155,0.148,0.138,0.131,0.123,0.12,0.109,0.104,0.102,0.097,0.093,0.087,0.085,0.077,0.075,0.071,0.069,0.065,0.064,0.061,0.059,0.055,0.055,0.054,0.051,0.049,0.046,0.045,0.042,0.042,0.04,0.041,0.037,0.039,0.035,0.034,0.032,0.03,0.032,0.03,0.028,0.027,0.029,0.03,0.028,0.025,0.026,0.028,0.025,0.021,0.024,0.02,0.026,0.022,0.024,0.02,0.023,0.019,0.019,0.02,0.021,0.018,0.017,0.018,0.018,0.016,0.013,0.016,0.017,0.018,0.016,0.015,0.015,0.013,0.019,0.014,0.013
2.018,1.261,0.895,0.726,0.624,0.549,0.499,0.452,0.416,0.378,0.347,0.324,0.307,0.286,0.266,0.251,0.238,0.222,0.21,0.195,0.185,0.174,0.163,0.157,0.147,0.136,0.131,0.124,0.121,0.112,0.105,0.1,0.093,0.095,0.088,0.086,0.079,0.074,0.07,0.07,0.067,0.061,0.061,0.062,0.057,0.056,0.052,0.051,0.045,0.048,0.044,0.043,0.044,0.042,0.039,0.037,0.038,0.036,0.032,0.033,0.033,0.033,0.031,0.03,0.031,0.031,0.028,0.025,0.028,0.025,0.027,0.022,0.023,0.022,0.024,0.022,0.023,0.02,0.019,0.024,0.017,0.017,0.018,0.019,0.019,0.018,0.017,0.021,0.017,0.015,0.016,0.018,0.015,0.016,0.015,0.014,0.015,0.013,0.014,0.015

train_acc1
29.298,56.752,68.454,74.7,78.148,80.936,82.556,84.212,85.558,86.942,87.782,88.432,89.284,90.008,90.412,91.254,91.742,92.354,92.612,93.31,93.444,93.964,94.17,94.512,94.784,95.104,95.436,95.624,95.85,95.998,96.298,96.35,96.65,96.688,96.768,97.144,97.164,97.314,97.312,97.572,97.636,97.744,97.838,97.85,98.066,98.156,98.222,98.316,98.272,98.31,98.55,98.48,98.56,98.612,98.638,98.562,98.764,98.674,98.792,98.898,98.954,98.864,98.868,98.94,99.112,99.048,99.068,99.052,99.086,99.1,99.148,99.15,99.26,99.178,99.108,99.274,99.232,99.256,99.342,99.262,99.288,99.31,99.316,99.338,99.41,99.33,99.362,99.364,99.43,99.466,99.538,99.448,99.39,99.442,99.568,99.536,99.56,99.426,99.538,99.56
29.882,57.33,69.606,75.636,78.956,81.472,83.126,84.652,85.902,87.038,88.136,88.618,89.48,90.322,90.804,91.258,91.678,92.424,92.708,93.194,93.656,93.97,94.366,94.482,94.85,95.158,95.436,95.75,95.862,96.18,96.32,96.43,96.674,96.77,96.91,97.022,97.324,97.372,97.51,97.556,97.754,97.704,97.794,97.912,98.006,98.106,98.122,98.18,98.298,98.376,98.498,98.512,98.516,98.566,98.604,98.694,98.678,98.8,98.844,98.87,98.986,98.888,98.972,99.048,99.112,98.992,98.922,99.078,99.144,99.026,99.008,99.144,99.302,99.17,99.318,99.098,99.244,99.132,99.306,99.218,99.326,99.32,99.31,99.304,99.362,99.41,99.418,99.41,99.48,99.572,99.474,99.41,99.404,99.43,99.472,99.52,99.548,99.328,99.494,99.572
25.698,55.5,68.698,74.848,78.448,81.27,82.744,84.56,85.732,87.098,88.062,88.85,89.47,90.25,90.774,91.472,91.686,92.27,92.57,93.202,93.472,93.948,94.36,94.45,94.844,95.392,95.46,95.612,95.742,96.028,96.306,96.55,96.776,96.776,96.868,96.976,97.232,97.328,97.624,97.572,97.614,97.904,97.856,97.828,97.994,98.092,98.176,98.194,98.432,98.32,98.464,98.548,98.482,98.574,98.602,98.71,98.736,98.752,98.916,98.872,98.85,98.83,98.866,98.952,98.93,98.898,99.03,99.136,99.034,99.106,99.034,99.198,99.178,99.254,99.138,99.202,99.234,99.35,99.384,99.168,99.438,99.442,99.348,99.332,99.346,99.374,99.374,99.282,99.41,99.458,99.426,99.37,99.452,99.436,99.476,99.502,99.478,99.546,99.522,99.478

val_acc1
45.57,63.83,72.54,71.41,74.57,81.19,82.01,82.22,84.21,83.31,83.94,84.25,83.53,84.74,84.13,84.08,86.16,86.09,85.94,86.11,87.58,86.76,87.57,88.93,87.29,88.22,88.43,88.55,89.35,89.33,87.73,88.25,89.18,86.84,88.17,89.19,89.36,88.23,89.49,89.37,89.4,89.86,89.47,89.61,88.67,90.0,89.9,90.12,89.69,89.94,89.98,89.32,90.29,89.39,90.58,90.79,89.38,90.19,89.68,90.51,89.85,89.59,89.31,90.12,90.55,90.44,90.23,90.23,90.07,90.4,90.23,90.6,90.59,90.05,90.85,90.78,90.14,90.86,90.89,90.61,90.42,90.43,90.83,90.57,90.36,90.25,90.62,90.46,90.55,90.86,90.64,90.83,90.87,90.49,90.88,91.12,90.21,90.52,90.78,91.14
43.09,62.35,70.26,72.61,76.75,80.23,76.17,83.73,81.35,83.83,81.95,83.48,84.36,82.09,84.55,85.71,87.14,87.16,85.76,87.7,87.01,86.73,87.89,88.47,87.48,86.99,87.85,89.13,88.86,86.79,88.63,88.74,88.44,87.41,88.72,88.71,89.55,88.11,89.06,89.63,88.65,89.83,89.87,88.86,89.78,89.43,88.25,89.62,89.59,89.73,89.93,89.52,88.88,89.96,89.51,90.1,89.95,89.99,89.75,90.67,90.13,89.85,89.62,89.66,90.33,90.6,90.07,90.16,90.55,90.37,90.64,90.14,90.62,90.13,88.81,90.39,90.78,90.22,90.42,89.81,90.88,90.61,90.82,90.02,90.81,90.97,90.45,90.68,89.9,90.87,90.3,91.01,90.65,90.8,90.1,89.78,90.68,91.08,90.71,91.29
40.26,63.05,72.13,71.79,75.49,80.08,72.94,82.56,82.76,84.96,84.3,82.62,84.21,85.75,85.9,87.12,86.64,87.59,86.76,86.36,86.38,87.88,86.88,87.34,88.3,87.58,88.21,87.64,88.82,87.0,88.36,88.13,87.54,88.24,89.36,88.65,89.38,89.75,89.35,89.14,89.4,89.28,88.92,89.78,89.75,89.74,89.6,89.33,89.69,89.65,89.08,89.59,89.36,89.91,89.91,90.24,90.68,89.78,90.06,89.19,90.52,89.84,89.22,90.0,89.68,89.8,90.25,90.25,90.54,90.25,90.55,90.05,90.42,90.29,90.39,90.03,90.51,90.96,89.79,90.02,90.56,90.63,90.79,90.34,90.77,90.98,90.09,90.81,90.79,90.45,90.34,90.4,90.84,90.8,90.87,90.83,91.03,90.56,90.77,90.28

val_loss
1.652,1.008,0.8,0.862,0.741,0.557,0.527,0.526,0.478,0.498,0.473,0.476,0.502,0.466,0.51,0.502,0.456,0.441,0.462,0.455,0.401,0.433,0.432,0.367,0.439,0.392,0.39,0.385,0.369,0.374,0.447,0.431,0.393,0.511,0.444,0.408,0.417,0.47,0.412,0.43,0.428,0.404,0.416,0.424,0.517,0.401,0.42,0.423,0.435,0.425,0.441,0.478,0.428,0.457,0.444,0.399,0.488,0.438,0.475,0.408,0.478,0.492,0.51,0.436,0.453,0.45,0.468,0.467,0.421,0.463,0.457,0.458,0.478,0.512,0.434,0.458,0.474,0.448,0.484,0.477,0.484,0.498,0.454,0.477,0.512,0.475,0.468,0.463,0.471,0.476,0.528,0.491,0.466,0.489,0.47,0.482,0.526,0.484,0.478,0.491
1.602,1.064,0.859,0.85,0.697,0.572,0.748,0.473,0.575,0.474,0.56,0.509,0.459,0.566,0.498,0.443,0.401,0.415,0.468,0.391,0.426,0.445,0.411,0.385,0.411,0.45,0.41,0.374,0.386,0.487,0.396,0.392,0.436,0.49,0.435,0.429,0.385,0.464,0.417,0.394,0.459,0.404,0.408,0.441,0.424,0.439,0.482,0.428,0.441,0.425,0.431,0.475,0.491,0.437,0.482,0.45,0.418,0.448,0.453,0.425,0.443,0.447,0.485,0.507,0.443,0.429,0.453,0.439,0.452,0.474,0.435,0.448,0.468,0.478,0.588,0.464,0.466,0.467,0.502,0.501,0.454,0.476,0.472,0.504,0.458,0.446,0.47,0.461,0.507,0.495,0.527,0.468,0.468,0.471,0.497,0.557,0.52,0.44,0.491,0.471
1.641,1.06,0.829,0.849,0.722,0.588,0.864,0.516,0.521,0.442,0.469,0.533,0.475,0.432,0.457,0.409,0.412,0.388,0.419,0.431,0.434,0.384,0.439,0.425,0.406,0.433,0.416,0.453,0.382,0.465,0.406,0.425,0.482,0.442,0.398,0.431,0.419,0.406,0.417,0.442,0.436,0.449,0.461,0.431,0.428,0.397,0.43,0.462,0.443,0.429,0.471,0.489,0.476,0.447,0.44,0.446,0.409,0.441,0.448,0.507,0.434,0.464,0.513,0.467,0.488,0.448,0.439,0.479,0.452,0.491,0.444,0.5,0.468,0.456,0.457,0.503,0.463,0.463,0.556,0.508,0.475,0.502,0.481,0.503,0.476,0.473,0.521,0.473,0.481,0.493,0.525,0.511,0.489,0.488,0.455,0.468,0.494,0.521,0.501,0.548

learning_rate
0.05,0.05,0.05,0.05,0.05,0.05,0.05,0.05,0.05,0.05,0.05,0.05,0.05,0.05,0.05,0.05,0.05,0.05,0.05,0.05,0.05,0.05,0.05,0.05,0.05,0.05,0.05,0.05,0.05,0.05,0.05,0.05,0.05,0.05,0.05,0.05,0.05,0.05,0.05,0.05,0.05,0.05,0.05,0.05,0.05,0.05,0.05,0.05,0.05,0.05,0.05,0.05,0.05,0.05,0.05,0.05,0.05,0.05,0.05,0.05,0.05,0.05,0.05,0.05,0.05,0.05,0.05,0.05,0.05,0.05,0.05,0.05,0.05,0.05,0.05,0.05,0.05,0.05,0.05,0.05,0.05,0.05,0.05,0.05,0.05,0.05,0.05,0.05,0.05,0.05,0.05,0.05,0.05,0.05,0.05,0.05,0.05,0.05,0.05,0.05
0.05,0.05,0.05,0.05,0.05,0.05,0.05,0.05,0.05,0.05,0.05,0.05,0.05,0.05,0.05,0.05,0.05,0.05,0.05,0.05,0.05,0.05,0.05,0.05,0.05,0.05,0.05,0.05,0.05,0.05,0.05,0.05,0.05,0.05,0.05,0.05,0.05,0.05,0.05,0.05,0.05,0.05,0.05,0.05,0.05,0.05,0.05,0.05,0.05,0.05,0.05,0.05,0.05,0.05,0.05,0.05,0.05,0.05,0.05,0.05,0.05,0.05,0.05,0.05,0.05,0.05,0.05,0.05,0.05,0.05,0.05,0.05,0.05,0.05,0.05,0.05,0.05,0.05,0.05,0.05,0.05,0.05,0.05,0.05,0.05,0.05,0.05,0.05,0.05,0.05,0.05,0.05,0.05,0.05,0.05,0.05,0.05,0.05,0.05,0.05
0.05,0.05,0.05,0.05,0.05,0.05,0.05,0.05,0.05,0.05,0.05,0.05,0.05,0.05,0.05,0.05,0.05,0.05,0.05,0.05,0.05,0.05,0.05,0.05,0.05,0.05,0.05,0.05,0.05,0.05,0.05,0.05,0.05,0.05,0.05,0.05,0.05,0.05,0.05,0.05,0.05,0.05,0.05,0.05,0.05,0.05,0.05,0.05,0.05,0.05,0.05,0.05,0.05,0.05,0.05,0.05,0.05,0.05,0.05,0.05,0.05,0.05,0.05,0.05,0.05,0.05,0.05,0.05,0.05,0.05,0.05,0.05,0.05,0.05,0.05,0.05,0.05,0.05,0.05,0.05,0.05,0.05,0.05,0.05,0.05,0.05,0.05,0.05,0.05,0.05,0.05,0.05,0.05,0.05,0.05,0.05,0.05,0.05,0.05,0.05

