parameters
rmsprop_lr:0.005
rmsprop_momentum:0
rmsprop_alpha:0.99
rmsprop_eps:1e-8
rmsprop_centered:False
rmsprop_weight_decay:0
architecture:vgg19bn_
dataset:cifar10
combine_datasets:False
do_validation_set:False
epochs:100
batch_size:128
test_set_split:0.1666667
validation_set_split:0.0
reduce_train_set:1
executions:2
base_seed:1230
training_method:rmsprop
learning_method:constant

train_loss
2.492,1.942,1.801,1.566,1.33,1.12,0.959,0.832,0.732,0.657,0.592,0.539,0.496,0.46,0.43,0.407,0.377,0.356,0.332,0.311,0.294,0.283,0.265,0.25,0.237,0.226,0.21,0.205,0.191,0.182,0.177,0.169,0.159,0.157,0.147,0.141,0.133,0.125,0.129,0.121,0.118,0.108,0.109,0.108,0.101,0.098,0.095,0.094,0.087,0.089,0.084,0.081,0.08,0.077,0.075,0.072,0.071,0.068,0.07,0.063,0.066,0.067,0.06,0.061,0.059,0.058,0.057,0.055,0.054,0.054,0.054,0.052,0.048,0.051,0.049,0.05,0.048,0.048,0.048,0.046,0.045,0.043,0.043,0.043,0.045,0.041,0.04,0.041,0.043,0.04,0.039,0.037,0.042,0.036,0.039,0.037,0.036,0.038,0.035,0.032
2.458,1.911,1.614,1.386,1.14,0.952,0.818,0.726,0.651,0.588,0.54,0.501,0.463,0.431,0.397,0.381,0.352,0.334,0.311,0.298,0.279,0.267,0.25,0.239,0.231,0.216,0.206,0.197,0.184,0.177,0.168,0.162,0.155,0.148,0.145,0.137,0.134,0.127,0.123,0.119,0.114,0.11,0.11,0.103,0.099,0.097,0.095,0.092,0.087,0.086,0.087,0.076,0.078,0.078,0.076,0.072,0.07,0.071,0.072,0.065,0.065,0.067,0.062,0.064,0.06,0.058,0.059,0.055,0.056,0.058,0.052,0.051,0.048,0.048,0.049,0.052,0.047,0.049,0.047,0.045,0.045,0.046,0.043,0.042,0.043,0.041,0.041,0.041,0.039,0.039,0.039,0.039,0.039,0.037,0.039,0.038,0.035,0.037,0.034,0.035

train_acc1
12.558,23.236,29.316,39.22,50.654,60.588,66.744,71.272,75.318,77.932,80.228,82.044,83.544,84.81,85.77,86.482,87.706,88.324,89.076,89.796,90.272,90.752,91.142,91.73,92.274,92.504,92.99,93.18,93.732,94.058,94.206,94.346,94.852,94.706,95.196,95.326,95.608,95.82,95.776,96.008,96.064,96.376,96.412,96.402,96.74,96.826,96.92,96.942,97.16,97.016,97.292,97.332,97.414,97.524,97.564,97.664,97.686,97.77,97.656,97.964,97.88,97.896,98.01,98.016,98.046,98.07,98.19,98.224,98.22,98.26,98.294,98.314,98.45,98.366,98.366,98.332,98.452,98.412,98.47,98.518,98.57,98.62,98.678,98.64,98.544,98.678,98.732,98.69,98.624,98.782,98.746,98.784,98.686,98.838,98.742,98.848,98.876,98.79,98.896,98.922
11.842,23.876,35.162,47.078,58.7,66.642,71.436,75.054,77.776,80.358,81.888,83.232,84.626,85.754,86.796,87.322,88.194,88.892,89.548,90.138,90.646,91.12,91.738,91.968,92.626,92.89,93.054,93.45,93.88,94.098,94.384,94.552,94.828,94.962,95.148,95.424,95.63,95.806,95.946,96.14,96.254,96.334,96.212,96.548,96.634,96.826,96.936,97.014,97.05,97.126,97.114,97.434,97.41,97.466,97.502,97.662,97.694,97.7,97.77,97.79,97.932,97.858,97.968,97.876,98.052,98.138,98.164,98.272,98.226,98.114,98.302,98.316,98.424,98.392,98.406,98.336,98.498,98.39,98.454,98.578,98.596,98.554,98.65,98.652,98.61,98.66,98.664,98.668,98.742,98.744,98.706,98.728,98.794,98.818,98.698,98.79,98.914,98.816,98.878,98.876

val_acc1
18.82,18.89,27.1,37.82,50.53,56.17,56.99,69.45,66.95,73.56,76.27,79.92,77.61,66.0,80.63,82.71,84.79,81.74,83.3,86.97,82.23,86.08,86.48,85.69,85.55,86.8,85.5,87.7,88.1,83.16,87.19,86.02,86.71,88.64,86.32,87.66,87.22,85.6,88.06,87.17,88.88,88.77,88.6,89.16,89.24,88.76,88.31,88.23,89.11,88.93,89.28,86.7,89.2,89.05,88.15,89.66,86.83,88.41,89.99,89.81,89.51,88.56,89.59,88.68,89.53,89.61,89.19,89.0,89.11,90.23,89.33,89.04,87.4,89.67,89.77,89.65,89.82,89.93,89.49,89.53,88.49,89.16,89.76,90.12,89.43,89.72,89.23,89.62,89.4,88.9,86.32,89.66,89.94,89.42,89.49,90.19,87.89,89.57,90.2,89.76
17.96,28.26,26.41,46.87,51.57,51.92,70.79,68.55,66.4,76.99,72.23,81.19,81.6,75.88,83.54,82.11,83.62,82.84,85.86,84.58,78.59,85.81,80.65,84.94,86.86,86.81,85.48,86.42,86.42,87.06,87.78,86.79,86.28,88.24,87.71,86.28,88.13,86.56,88.65,87.66,87.42,88.76,88.92,85.83,88.86,87.36,89.14,88.2,89.31,86.74,88.91,87.39,88.29,89.32,87.48,86.92,88.5,89.13,88.76,88.67,89.67,88.55,88.94,88.51,89.89,88.78,89.61,89.33,89.75,89.38,89.54,89.22,88.51,88.56,88.8,89.46,88.04,89.73,89.25,89.12,89.92,89.2,89.73,89.23,89.32,89.75,89.24,89.98,89.45,89.11,89.2,89.61,88.95,86.11,89.88,89.85,89.43,90.22,89.56,89.38

val_loss
2.147,2.273,2.061,1.643,1.425,1.358,1.242,0.916,1.125,0.784,0.751,0.605,0.731,1.457,0.64,0.54,0.495,0.588,0.562,0.421,0.578,0.439,0.442,0.473,0.484,0.442,0.512,0.415,0.416,0.715,0.466,0.484,0.469,0.413,0.54,0.465,0.506,0.577,0.472,0.512,0.456,0.458,0.466,0.424,0.461,0.463,0.462,0.467,0.431,0.493,0.473,0.651,0.481,0.476,0.526,0.431,0.598,0.511,0.445,0.456,0.477,0.552,0.492,0.56,0.471,0.507,0.542,0.543,0.503,0.502,0.526,0.543,0.705,0.528,0.538,0.555,0.522,0.542,0.524,0.493,0.585,0.593,0.508,0.521,0.547,0.575,0.594,0.536,0.611,0.607,0.871,0.605,0.539,0.594,0.552,0.551,0.63,0.586,0.485,0.643
2.2,1.947,2.327,1.482,1.378,1.753,0.851,0.962,1.206,0.709,0.893,0.578,0.571,0.817,0.527,0.568,0.503,0.562,0.454,0.514,0.825,0.493,0.716,0.484,0.425,0.467,0.52,0.502,0.502,0.448,0.438,0.48,0.532,0.448,0.479,0.519,0.455,0.561,0.442,0.466,0.552,0.425,0.443,0.629,0.477,0.508,0.451,0.469,0.45,0.622,0.487,0.559,0.489,0.459,0.648,0.617,0.527,0.499,0.538,0.536,0.497,0.508,0.512,0.513,0.451,0.494,0.483,0.499,0.482,0.493,0.503,0.485,0.646,0.619,0.578,0.483,0.65,0.545,0.592,0.554,0.506,0.542,0.543,0.617,0.577,0.594,0.587,0.602,0.536,0.541,0.578,0.554,0.622,0.959,0.558,0.583,0.579,0.54,0.575,0.628

learning_rate
0.005,0.005,0.005,0.005,0.005,0.005,0.005,0.005,0.005,0.005,0.005,0.005,0.005,0.005,0.005,0.005,0.005,0.005,0.005,0.005,0.005,0.005,0.005,0.005,0.005,0.005,0.005,0.005,0.005,0.005,0.005,0.005,0.005,0.005,0.005,0.005,0.005,0.005,0.005,0.005,0.005,0.005,0.005,0.005,0.005,0.005,0.005,0.005,0.005,0.005,0.005,0.005,0.005,0.005,0.005,0.005,0.005,0.005,0.005,0.005,0.005,0.005,0.005,0.005,0.005,0.005,0.005,0.005,0.005,0.005,0.005,0.005,0.005,0.005,0.005,0.005,0.005,0.005,0.005,0.005,0.005,0.005,0.005,0.005,0.005,0.005,0.005,0.005,0.005,0.005,0.005,0.005,0.005,0.005,0.005,0.005,0.005,0.005,0.005,0.005
0.005,0.005,0.005,0.005,0.005,0.005,0.005,0.005,0.005,0.005,0.005,0.005,0.005,0.005,0.005,0.005,0.005,0.005,0.005,0.005,0.005,0.005,0.005,0.005,0.005,0.005,0.005,0.005,0.005,0.005,0.005,0.005,0.005,0.005,0.005,0.005,0.005,0.005,0.005,0.005,0.005,0.005,0.005,0.005,0.005,0.005,0.005,0.005,0.005,0.005,0.005,0.005,0.005,0.005,0.005,0.005,0.005,0.005,0.005,0.005,0.005,0.005,0.005,0.005,0.005,0.005,0.005,0.005,0.005,0.005,0.005,0.005,0.005,0.005,0.005,0.005,0.005,0.005,0.005,0.005,0.005,0.005,0.005,0.005,0.005,0.005,0.005,0.005,0.005,0.005,0.005,0.005,0.005,0.005,0.005,0.005,0.005,0.005,0.005,0.005

