parameters
sgd_lr:2
sgd_momentum:0.9
sgd_weight_decay:0
sgd_dampening:0
sgd_nesterov:False
architecture:vgg19bn_
dataset:cifar10
combine_datasets:False
do_validation_set:False
epochs:100
batch_size:128
test_set_split:0.1666667
validation_set_split:0.0
reduce_train_set:1
executions:2
base_seed:1230
training_method:sgd
learning_method:constant

train_loss
3.537,2.339,2.338,2.346,2.343,2.345,2.343,2.339,2.339,2.342,2.338,2.342,2.341,2.344,2.345,2.339,2.335,2.341,2.339,2.339,2.341,2.347,2.342,2.337,2.342,2.341,2.342,2.338,2.337,2.342,2.339,2.338,2.338,2.345,2.34,2.343,2.343,2.345,2.338,2.342,2.335,2.343,2.342,2.343,2.341,2.334,2.343,2.34,2.342,2.345,2.345,2.344,2.339,2.344,2.347,2.343,2.345,2.348,2.344,2.342,2.341,2.345,2.336,2.344,2.336,2.342,2.347,2.342,2.336,2.338,2.343,2.344,2.342,2.342,2.341,2.338,2.34,2.34,2.334,2.338,2.338,2.337,2.34,2.343,2.338,2.341,2.341,2.345,2.345,2.343,2.339,2.341,2.341,2.34,2.338,2.345,2.34,2.344,2.335,2.338
3.809,2.339,2.338,2.346,2.343,2.345,2.343,2.339,2.339,2.342,2.338,2.342,2.341,2.344,2.345,2.339,2.335,2.341,2.339,2.339,2.341,2.347,2.342,2.337,2.342,2.341,2.342,2.338,2.337,2.342,2.339,2.338,2.338,2.345,2.34,2.343,2.343,2.345,2.338,2.342,2.335,2.343,2.342,2.343,2.341,2.334,2.343,2.34,2.342,2.345,2.345,2.344,2.339,2.344,2.347,2.343,2.345,2.348,2.344,2.342,2.341,2.345,2.336,2.344,2.336,2.342,2.347,2.342,2.336,2.338,2.343,2.344,2.342,2.342,2.341,2.338,2.34,2.34,2.334,2.338,2.338,2.337,2.34,2.343,2.338,2.341,2.341,2.345,2.345,2.343,2.339,2.341,2.341,2.34,2.338,2.345,2.34,2.344,2.335,2.338

train_acc1
10.092,9.824,9.882,9.906,9.644,9.91,9.834,10.038,10.062,10.066,10.11,9.866,10.212,9.982,9.928,10.11,10.028,9.854,9.934,9.792,10.024,10.046,9.944,10.024,10.102,10.096,9.992,10.06,9.894,10.004,10.012,9.982,10.068,10.026,10.056,9.898,10.142,10.034,10.118,10.008,10.136,10.14,9.772,10.038,10.134,9.852,9.954,10.134,9.914,10.056,9.882,9.83,9.706,9.978,9.712,10.032,10.054,9.984,10.018,10.028,9.972,10.116,10.118,10.062,9.81,9.912,9.944,10.158,10.042,9.91,9.942,9.952,9.752,10.09,9.98,9.806,10.02,10.078,9.858,9.914,10.024,9.826,10.092,9.828,10.108,9.722,10.04,9.886,10.036,10.084,10.104,9.718,10.054,10.208,10.082,9.918,9.956,9.778,10.026,10.04
9.996,9.824,9.882,9.906,9.644,9.91,9.834,10.038,10.062,10.066,10.11,9.866,10.212,9.982,9.928,10.11,10.028,9.854,9.934,9.792,10.024,10.046,9.944,10.024,10.102,10.096,9.992,10.06,9.894,10.004,10.012,9.982,10.068,10.026,10.056,9.898,10.142,10.034,10.118,10.008,10.136,10.14,9.772,10.038,10.134,9.852,9.954,10.134,9.914,10.056,9.882,9.83,9.706,9.978,9.712,10.032,10.054,9.984,10.018,10.028,9.972,10.116,10.118,10.062,9.81,9.912,9.944,10.158,10.042,9.91,9.942,9.952,9.752,10.09,9.98,9.806,10.02,10.078,9.858,9.914,10.024,9.826,10.092,9.828,10.108,9.722,10.04,9.886,10.036,10.084,10.104,9.718,10.054,10.208,10.082,9.918,9.956,9.778,10.026,10.04

val_acc1
9.97,10.03,10.05,10.01,9.98,10.03,10.0,9.97,9.99,10.03,10.04,10.0,10.04,10.02,10.01,9.97,10.0,10.03,10.03,10.0,10.05,10.06,9.98,9.97,10.02,10.02,9.97,10.0,10.03,10.03,10.01,10.03,10.02,10.03,9.97,10.0,9.97,9.93,9.97,10.01,10.01,9.99,10.0,10.03,10.03,9.97,9.96,10.0,10.0,10.04,9.97,10.03,10.02,10.05,10.0,10.01,9.98,10.03,10.01,10.03,10.02,10.07,10.04,9.97,10.0,10.03,9.99,10.01,9.97,10.01,10.01,9.96,10.01,10.05,10.02,9.98,9.98,10.02,10.02,10.05,10.01,9.98,9.99,9.96,10.0,10.05,10.04,10.02,10.01,10.04,10.05,10.03,10.01,9.98,10.03,10.02,10.02,9.97,10.03,9.98
10.12,10.06,10.0,10.12,10.15,10.0,10.07,10.09,10.13,9.82,10.12,10.08,9.89,10.13,10.12,10.07,10.03,9.83,9.84,10.08,9.87,10.18,10.14,10.09,10.05,10.09,10.14,10.05,10.11,10.0,10.13,10.15,10.07,9.83,10.07,10.04,10.07,10.17,10.04,10.09,10.2,10.1,10.04,9.85,10.05,10.04,10.09,10.04,10.09,9.84,10.07,10.05,10.04,10.13,10.04,10.04,10.15,10.0,10.08,10.12,10.03,9.85,10.0,10.21,10.06,10.12,10.17,10.05,10.03,10.04,10.05,10.07,10.11,10.12,9.81,10.05,10.04,10.05,10.0,9.89,10.14,10.17,10.14,10.07,10.14,9.84,10.11,10.06,10.19,10.05,9.79,10.07,10.05,10.2,10.05,10.11,10.05,10.2,10.02,10.19

val_loss
2.54,3.296,2.566,2.684,2.711,2.733,2.491,2.681,2.647,2.789,2.989,2.598,2.503,2.701,3.05,3.031,2.982,2.55,2.524,2.631,2.476,2.471,2.531,2.765,2.768,2.593,2.763,2.523,2.481,2.67,2.907,2.403,2.763,2.785,2.684,2.908,2.866,3.073,2.574,2.712,2.664,2.516,2.41,2.654,2.45,2.576,2.723,2.461,2.806,2.426,2.609,2.534,2.671,2.514,2.766,2.576,2.655,2.597,2.55,2.938,2.467,2.902,2.552,2.566,2.732,2.634,2.981,2.603,2.606,2.497,2.639,2.745,2.667,2.43,2.394,2.677,2.655,2.751,2.605,2.761,2.803,2.934,2.642,2.623,2.685,2.475,2.939,2.759,2.556,2.454,2.807,2.638,2.552,2.52,2.483,2.709,2.62,2.53,2.713,2.584
3.207,2.633,2.97,3.158,3.528,2.949,2.69,3.15,3.2,3.192,3.104,3.526,2.637,3.566,3.107,3.158,3.061,3.158,2.755,3.012,2.71,3.754,3.218,2.997,2.82,3.333,3.295,2.772,3.053,3.421,3.782,3.369,2.949,3.26,2.721,2.848,2.649,3.591,2.704,2.969,3.694,2.982,2.767,3.066,2.756,4.229,2.963,2.915,3.49,3.0,2.922,2.954,2.882,3.347,2.97,2.971,3.43,3.016,3.128,3.185,3.093,2.885,3.155,3.654,2.905,3.08,3.596,2.934,3.236,2.887,2.73,2.982,3.095,3.206,3.084,3.149,2.926,2.992,3.269,2.664,3.387,3.365,3.245,2.997,3.274,3.349,3.341,3.077,4.403,2.818,3.061,2.858,2.603,3.876,3.217,3.013,2.765,3.674,2.965,3.643

learning_rate
2.0,2.0,2.0,2.0,2.0,2.0,2.0,2.0,2.0,2.0,2.0,2.0,2.0,2.0,2.0,2.0,2.0,2.0,2.0,2.0,2.0,2.0,2.0,2.0,2.0,2.0,2.0,2.0,2.0,2.0,2.0,2.0,2.0,2.0,2.0,2.0,2.0,2.0,2.0,2.0,2.0,2.0,2.0,2.0,2.0,2.0,2.0,2.0,2.0,2.0,2.0,2.0,2.0,2.0,2.0,2.0,2.0,2.0,2.0,2.0,2.0,2.0,2.0,2.0,2.0,2.0,2.0,2.0,2.0,2.0,2.0,2.0,2.0,2.0,2.0,2.0,2.0,2.0,2.0,2.0,2.0,2.0,2.0,2.0,2.0,2.0,2.0,2.0,2.0,2.0,2.0,2.0,2.0,2.0,2.0,2.0,2.0,2.0,2.0,2.0
2.0,2.0,2.0,2.0,2.0,2.0,2.0,2.0,2.0,2.0,2.0,2.0,2.0,2.0,2.0,2.0,2.0,2.0,2.0,2.0,2.0,2.0,2.0,2.0,2.0,2.0,2.0,2.0,2.0,2.0,2.0,2.0,2.0,2.0,2.0,2.0,2.0,2.0,2.0,2.0,2.0,2.0,2.0,2.0,2.0,2.0,2.0,2.0,2.0,2.0,2.0,2.0,2.0,2.0,2.0,2.0,2.0,2.0,2.0,2.0,2.0,2.0,2.0,2.0,2.0,2.0,2.0,2.0,2.0,2.0,2.0,2.0,2.0,2.0,2.0,2.0,2.0,2.0,2.0,2.0,2.0,2.0,2.0,2.0,2.0,2.0,2.0,2.0,2.0,2.0,2.0,2.0,2.0,2.0,2.0,2.0,2.0,2.0,2.0,2.0

