parameters
adam_lr:0.00005
adam_beta1:0.9
adam_beta2:0.99
adam_eps:1e-8
adam_weight_decay:0
adam_amsgrad:False
architecture:vgg19bn_
dataset:cifar10
combine_datasets:False
do_validation_set:False
epochs:100
batch_size:128
test_set_split:0.1666667
validation_set_split:0.0
reduce_train_set:1
executions:2
base_seed:1230
training_method:adam
learning_method:constant

train_loss
1.692,1.252,1.075,0.972,0.89,0.818,0.756,0.705,0.664,0.625,0.592,0.562,0.532,0.501,0.486,0.463,0.433,0.419,0.395,0.381,0.361,0.347,0.332,0.317,0.301,0.291,0.276,0.268,0.254,0.243,0.238,0.225,0.218,0.207,0.199,0.188,0.181,0.174,0.167,0.165,0.16,0.151,0.146,0.146,0.134,0.132,0.128,0.125,0.122,0.113,0.118,0.107,0.106,0.103,0.101,0.097,0.093,0.094,0.089,0.087,0.085,0.086,0.082,0.078,0.078,0.076,0.075,0.072,0.071,0.069,0.07,0.067,0.068,0.062,0.063,0.063,0.063,0.061,0.057,0.059,0.056,0.054,0.057,0.054,0.056,0.05,0.053,0.051,0.049,0.05,0.049,0.048,0.05,0.046,0.046,0.047,0.044,0.045,0.043,0.041
1.657,1.247,1.086,0.989,0.907,0.828,0.767,0.714,0.67,0.635,0.601,0.567,0.535,0.509,0.489,0.467,0.437,0.418,0.396,0.389,0.37,0.351,0.337,0.324,0.305,0.296,0.286,0.267,0.257,0.247,0.241,0.227,0.219,0.207,0.201,0.191,0.187,0.174,0.173,0.166,0.163,0.155,0.15,0.142,0.137,0.135,0.13,0.127,0.124,0.116,0.115,0.111,0.104,0.108,0.101,0.1,0.095,0.091,0.094,0.089,0.085,0.087,0.077,0.079,0.078,0.075,0.073,0.074,0.071,0.069,0.073,0.068,0.067,0.065,0.066,0.061,0.061,0.06,0.06,0.059,0.059,0.056,0.056,0.054,0.054,0.051,0.054,0.051,0.051,0.049,0.053,0.049,0.05,0.046,0.047,0.048,0.045,0.048,0.042,0.044

train_acc1
35.134,54.296,61.188,65.366,68.296,71.192,73.276,74.958,76.582,78.078,79.37,80.504,81.344,82.568,83.102,83.948,84.81,85.388,86.14,86.78,87.408,87.894,88.4,88.836,89.4,89.766,90.234,90.542,91.152,91.488,91.516,92.042,92.308,92.736,92.996,93.49,93.572,93.8,94.23,94.172,94.368,94.68,94.966,94.762,95.268,95.388,95.588,95.526,95.708,95.998,95.822,96.252,96.23,96.322,96.412,96.54,96.678,96.65,96.838,96.892,96.996,96.886,97.122,97.282,97.256,97.204,97.37,97.434,97.544,97.538,97.478,97.61,97.652,97.724,97.77,97.852,97.77,97.896,97.974,97.924,98.026,98.056,97.958,98.068,98.08,98.258,98.154,98.226,98.24,98.276,98.314,98.284,98.19,98.378,98.376,98.346,98.396,98.49,98.498,98.58
37.704,54.536,60.716,64.55,67.62,70.766,72.932,74.898,76.414,77.722,79.18,80.274,81.326,82.22,82.99,83.8,84.702,85.41,86.092,86.474,86.99,87.632,88.266,88.682,89.174,89.64,89.86,90.56,90.922,91.368,91.424,92.038,92.392,92.694,92.972,93.32,93.354,93.876,93.872,94.082,94.286,94.486,94.76,94.954,95.17,95.28,95.37,95.546,95.608,95.996,95.9,96.136,96.314,96.144,96.432,96.472,96.604,96.674,96.716,96.814,97.05,96.836,97.264,97.334,97.302,97.37,97.348,97.374,97.494,97.554,97.48,97.6,97.68,97.694,97.6,97.812,97.85,97.846,97.876,97.882,97.918,98.052,97.998,98.118,98.136,98.132,98.028,98.166,98.194,98.338,98.206,98.284,98.282,98.422,98.332,98.3,98.418,98.372,98.56,98.49

val_acc1
49.0,58.95,63.65,67.0,70.46,72.39,72.41,73.05,76.72,76.34,78.38,78.29,77.44,79.13,78.59,80.37,79.91,80.39,80.98,80.0,80.89,81.93,82.76,82.41,82.86,83.35,82.33,82.81,82.54,82.99,81.94,83.66,83.06,83.75,83.7,83.5,83.35,83.69,84.05,84.15,83.69,84.55,84.12,84.39,84.53,84.89,84.02,84.92,84.26,84.62,83.23,84.72,84.57,85.33,84.98,84.06,84.88,85.34,84.21,85.12,84.49,84.63,84.52,85.15,84.85,85.27,85.41,85.39,85.56,85.3,85.07,85.39,85.44,85.03,84.97,85.85,85.35,85.62,85.84,85.74,85.41,85.16,86.09,84.83,85.51,85.84,85.7,86.19,85.53,85.26,85.12,85.2,86.45,85.46,86.38,86.34,85.79,86.17,85.65,85.78
51.9,58.29,63.06,67.28,69.32,71.15,73.3,73.18,75.98,76.74,76.2,78.27,77.5,79.31,79.42,80.52,79.12,80.52,80.51,81.44,81.09,81.75,81.01,81.87,82.17,82.82,81.12,82.57,82.34,82.08,82.86,81.3,82.41,83.13,83.55,83.39,83.22,82.49,83.91,84.28,83.93,83.87,84.0,84.19,84.5,84.78,84.06,84.42,84.63,83.83,84.01,84.24,84.08,84.36,85.04,84.64,84.84,84.82,84.76,84.67,85.11,84.64,84.78,85.32,84.9,84.7,85.09,85.65,85.06,84.9,85.39,85.17,85.42,85.14,85.52,85.76,85.05,85.33,84.9,85.22,85.07,86.08,84.98,85.62,86.08,86.22,85.9,85.66,85.43,85.89,84.87,85.67,85.3,85.7,86.0,84.71,85.64,86.16,85.59,85.79

val_loss
1.353,1.13,1.0,0.924,0.84,0.795,0.774,0.775,0.687,0.679,0.628,0.627,0.671,0.606,0.648,0.586,0.601,0.581,0.566,0.613,0.57,0.562,0.524,0.532,0.54,0.52,0.573,0.542,0.564,0.547,0.597,0.556,0.551,0.547,0.544,0.572,0.583,0.558,0.569,0.573,0.577,0.582,0.587,0.566,0.595,0.572,0.617,0.585,0.598,0.604,0.653,0.597,0.628,0.574,0.613,0.645,0.61,0.63,0.66,0.631,0.651,0.633,0.639,0.633,0.637,0.629,0.65,0.654,0.625,0.627,0.642,0.626,0.638,0.674,0.651,0.623,0.68,0.655,0.643,0.643,0.67,0.692,0.632,0.732,0.662,0.677,0.665,0.629,0.666,0.67,0.689,0.722,0.623,0.664,0.631,0.639,0.661,0.65,0.669,0.701
1.297,1.146,1.021,0.918,0.858,0.834,0.765,0.787,0.692,0.664,0.679,0.626,0.665,0.61,0.606,0.589,0.607,0.577,0.585,0.562,0.571,0.565,0.577,0.557,0.559,0.538,0.62,0.552,0.579,0.582,0.558,0.638,0.574,0.579,0.555,0.59,0.587,0.634,0.57,0.566,0.58,0.577,0.604,0.616,0.599,0.605,0.626,0.599,0.593,0.619,0.623,0.614,0.655,0.615,0.615,0.61,0.602,0.623,0.619,0.657,0.623,0.641,0.64,0.633,0.633,0.653,0.64,0.628,0.642,0.667,0.616,0.619,0.65,0.659,0.617,0.61,0.681,0.656,0.708,0.662,0.678,0.655,0.712,0.654,0.651,0.679,0.65,0.671,0.678,0.67,0.698,0.652,0.696,0.693,0.655,0.727,0.68,0.671,0.707,0.673

learning_rate
5e-05,5e-05,5e-05,5e-05,5e-05,5e-05,5e-05,5e-05,5e-05,5e-05,5e-05,5e-05,5e-05,5e-05,5e-05,5e-05,5e-05,5e-05,5e-05,5e-05,5e-05,5e-05,5e-05,5e-05,5e-05,5e-05,5e-05,5e-05,5e-05,5e-05,5e-05,5e-05,5e-05,5e-05,5e-05,5e-05,5e-05,5e-05,5e-05,5e-05,5e-05,5e-05,5e-05,5e-05,5e-05,5e-05,5e-05,5e-05,5e-05,5e-05,5e-05,5e-05,5e-05,5e-05,5e-05,5e-05,5e-05,5e-05,5e-05,5e-05,5e-05,5e-05,5e-05,5e-05,5e-05,5e-05,5e-05,5e-05,5e-05,5e-05,5e-05,5e-05,5e-05,5e-05,5e-05,5e-05,5e-05,5e-05,5e-05,5e-05,5e-05,5e-05,5e-05,5e-05,5e-05,5e-05,5e-05,5e-05,5e-05,5e-05,5e-05,5e-05,5e-05,5e-05,5e-05,5e-05,5e-05,5e-05,5e-05,5e-05
5e-05,5e-05,5e-05,5e-05,5e-05,5e-05,5e-05,5e-05,5e-05,5e-05,5e-05,5e-05,5e-05,5e-05,5e-05,5e-05,5e-05,5e-05,5e-05,5e-05,5e-05,5e-05,5e-05,5e-05,5e-05,5e-05,5e-05,5e-05,5e-05,5e-05,5e-05,5e-05,5e-05,5e-05,5e-05,5e-05,5e-05,5e-05,5e-05,5e-05,5e-05,5e-05,5e-05,5e-05,5e-05,5e-05,5e-05,5e-05,5e-05,5e-05,5e-05,5e-05,5e-05,5e-05,5e-05,5e-05,5e-05,5e-05,5e-05,5e-05,5e-05,5e-05,5e-05,5e-05,5e-05,5e-05,5e-05,5e-05,5e-05,5e-05,5e-05,5e-05,5e-05,5e-05,5e-05,5e-05,5e-05,5e-05,5e-05,5e-05,5e-05,5e-05,5e-05,5e-05,5e-05,5e-05,5e-05,5e-05,5e-05,5e-05,5e-05,5e-05,5e-05,5e-05,5e-05,5e-05,5e-05,5e-05,5e-05,5e-05

