parameters
adam_lr:0.0005
adam_beta1:0.9
adam_beta2:0.99
adam_eps:1e-8
adam_weight_decay:0
adam_amsgrad:True
architecture:vgg19bn_
dataset:cifar10
combine_datasets:False
do_validation_set:False
epochs:100
batch_size:128
test_set_split:0.1666667
validation_set_split:0.0
reduce_train_set:1
executions:2
base_seed:1230
training_method:adam
learning_method:constant

train_loss
1.624,1.131,0.89,0.765,0.684,0.602,0.556,0.503,0.464,0.432,0.398,0.37,0.343,0.32,0.301,0.288,0.263,0.251,0.238,0.229,0.211,0.202,0.19,0.177,0.171,0.162,0.151,0.146,0.133,0.125,0.123,0.116,0.111,0.105,0.102,0.095,0.09,0.084,0.084,0.077,0.077,0.073,0.069,0.069,0.065,0.061,0.056,0.057,0.052,0.048,0.049,0.05,0.044,0.045,0.045,0.043,0.041,0.04,0.037,0.033,0.038,0.034,0.032,0.031,0.03,0.03,0.028,0.032,0.026,0.026,0.027,0.022,0.026,0.024,0.023,0.024,0.025,0.021,0.018,0.019,0.022,0.021,0.017,0.021,0.019,0.017,0.018,0.016,0.017,0.015,0.019,0.018,0.015,0.016,0.02,0.016,0.014,0.013,0.014,0.016
1.605,1.125,0.874,0.737,0.646,0.576,0.519,0.475,0.442,0.406,0.381,0.352,0.328,0.304,0.282,0.275,0.249,0.236,0.219,0.215,0.195,0.185,0.178,0.165,0.155,0.151,0.143,0.133,0.124,0.117,0.112,0.11,0.099,0.095,0.09,0.088,0.08,0.079,0.076,0.074,0.069,0.068,0.063,0.062,0.059,0.055,0.056,0.053,0.049,0.046,0.05,0.04,0.043,0.043,0.038,0.039,0.038,0.033,0.035,0.028,0.036,0.03,0.031,0.027,0.028,0.029,0.026,0.028,0.025,0.027,0.026,0.022,0.021,0.021,0.026,0.021,0.02,0.021,0.018,0.019,0.021,0.021,0.018,0.018,0.018,0.016,0.017,0.018,0.016,0.016,0.016,0.017,0.014,0.013,0.014,0.015,0.013,0.013,0.012,0.013

train_acc1
36.256,58.684,68.288,73.444,76.602,79.788,81.344,83.152,84.766,85.714,86.92,87.854,88.582,89.196,90.0,90.488,91.18,91.59,92.22,92.316,92.992,93.256,93.704,94.126,94.346,94.584,95.024,95.158,95.564,95.838,95.862,96.026,96.222,96.51,96.586,96.846,96.99,97.188,97.172,97.432,97.4,97.528,97.728,97.642,97.794,98.018,98.138,98.046,98.208,98.386,98.362,98.336,98.464,98.51,98.512,98.604,98.588,98.694,98.756,98.884,98.692,98.856,98.944,98.986,99.018,98.96,99.028,98.992,99.074,99.1,99.112,99.268,99.178,99.208,99.244,99.19,99.184,99.306,99.418,99.336,99.262,99.346,99.398,99.298,99.344,99.368,99.404,99.466,99.404,99.528,99.354,99.416,99.516,99.452,99.308,99.442,99.508,99.566,99.536,99.456
37.322,59.766,69.45,74.652,77.968,80.532,82.512,84.096,85.164,86.288,87.134,88.256,88.996,89.848,90.486,90.778,91.492,92.092,92.534,92.78,93.318,93.804,93.978,94.364,94.714,94.864,95.148,95.444,95.758,96.048,96.148,96.232,96.598,96.77,96.986,96.978,97.268,97.282,97.44,97.506,97.674,97.644,97.834,97.862,98.04,98.096,98.07,98.214,98.356,98.452,98.27,98.64,98.528,98.476,98.734,98.602,98.714,98.91,98.796,99.034,98.714,98.978,98.914,99.062,99.04,99.01,99.11,99.11,99.142,99.106,99.124,99.264,99.352,99.324,99.156,99.276,99.342,99.246,99.374,99.386,99.322,99.268,99.374,99.382,99.4,99.484,99.408,99.4,99.45,99.48,99.466,99.416,99.572,99.556,99.546,99.526,99.53,99.562,99.6,99.57

val_acc1
49.57,65.95,69.31,75.44,76.53,76.31,80.96,81.35,82.48,83.45,84.19,83.85,85.43,87.32,85.92,87.36,86.09,86.94,86.11,86.99,86.83,87.8,88.1,87.26,88.66,88.06,88.37,87.64,89.12,89.5,89.18,89.11,88.76,89.32,88.8,89.69,89.03,89.46,90.27,89.87,89.33,89.2,89.24,89.98,89.66,89.88,90.12,90.05,89.68,90.28,90.29,90.17,90.29,90.32,90.46,89.82,90.37,89.92,90.3,89.98,90.27,90.09,90.28,90.51,90.22,90.41,90.59,90.3,90.58,90.71,90.44,90.71,90.67,90.79,90.49,90.45,90.74,90.54,90.96,90.78,90.72,90.77,90.36,90.61,90.87,90.91,90.4,91.04,91.02,90.83,91.04,90.63,90.84,90.79,90.67,90.76,91.11,90.71,90.94,90.91
52.25,64.87,67.96,76.82,78.06,77.12,79.74,81.8,82.39,84.24,84.05,86.36,86.67,86.7,86.52,86.51,86.85,88.33,86.95,86.56,87.74,88.72,88.24,88.59,88.2,88.87,88.34,88.79,89.12,88.62,88.35,89.79,89.31,89.22,88.55,90.16,89.56,89.45,89.59,89.94,90.19,90.04,90.1,89.66,90.1,89.91,90.24,89.57,90.62,89.96,90.41,90.53,90.76,90.59,90.75,90.09,90.49,90.61,90.14,90.39,90.35,90.73,90.27,90.99,90.77,90.61,90.87,90.77,90.51,90.84,91.01,90.78,90.97,90.61,90.88,91.09,90.87,90.71,90.61,91.23,90.94,90.95,91.07,90.79,91.37,91.49,91.12,90.71,90.85,91.09,91.04,91.4,91.34,91.26,91.14,90.66,90.41,90.83,90.65,91.22

val_loss
1.335,0.956,0.893,0.731,0.692,0.727,0.592,0.559,0.547,0.525,0.481,0.503,0.441,0.397,0.442,0.396,0.446,0.418,0.474,0.414,0.454,0.391,0.393,0.431,0.383,0.409,0.411,0.425,0.387,0.378,0.385,0.401,0.396,0.394,0.413,0.396,0.412,0.401,0.37,0.39,0.422,0.436,0.456,0.409,0.453,0.431,0.421,0.427,0.434,0.42,0.426,0.414,0.426,0.425,0.419,0.448,0.423,0.459,0.435,0.468,0.434,0.453,0.441,0.445,0.461,0.451,0.484,0.465,0.452,0.441,0.46,0.458,0.457,0.442,0.461,0.459,0.474,0.462,0.459,0.464,0.454,0.438,0.486,0.466,0.44,0.461,0.497,0.459,0.454,0.487,0.461,0.488,0.465,0.487,0.466,0.47,0.471,0.476,0.472,0.453
1.28,1.034,0.961,0.687,0.654,0.69,0.624,0.536,0.539,0.495,0.475,0.413,0.412,0.407,0.416,0.417,0.421,0.359,0.437,0.428,0.398,0.38,0.38,0.387,0.389,0.38,0.4,0.38,0.385,0.393,0.424,0.375,0.41,0.4,0.441,0.37,0.4,0.405,0.388,0.393,0.394,0.38,0.437,0.408,0.415,0.436,0.407,0.419,0.389,0.436,0.413,0.414,0.42,0.416,0.399,0.422,0.423,0.429,0.442,0.441,0.429,0.432,0.44,0.423,0.419,0.426,0.441,0.438,0.439,0.427,0.414,0.424,0.415,0.456,0.413,0.435,0.461,0.462,0.466,0.442,0.427,0.442,0.437,0.449,0.431,0.443,0.456,0.469,0.457,0.451,0.461,0.428,0.436,0.457,0.449,0.472,0.466,0.484,0.5,0.453

learning_rate
0.0005,0.0005,0.0005,0.0005,0.0005,0.0005,0.0005,0.0005,0.0005,0.0005,0.0005,0.0005,0.0005,0.0005,0.0005,0.0005,0.0005,0.0005,0.0005,0.0005,0.0005,0.0005,0.0005,0.0005,0.0005,0.0005,0.0005,0.0005,0.0005,0.0005,0.0005,0.0005,0.0005,0.0005,0.0005,0.0005,0.0005,0.0005,0.0005,0.0005,0.0005,0.0005,0.0005,0.0005,0.0005,0.0005,0.0005,0.0005,0.0005,0.0005,0.0005,0.0005,0.0005,0.0005,0.0005,0.0005,0.0005,0.0005,0.0005,0.0005,0.0005,0.0005,0.0005,0.0005,0.0005,0.0005,0.0005,0.0005,0.0005,0.0005,0.0005,0.0005,0.0005,0.0005,0.0005,0.0005,0.0005,0.0005,0.0005,0.0005,0.0005,0.0005,0.0005,0.0005,0.0005,0.0005,0.0005,0.0005,0.0005,0.0005,0.0005,0.0005,0.0005,0.0005,0.0005,0.0005,0.0005,0.0005,0.0005,0.0005
0.0005,0.0005,0.0005,0.0005,0.0005,0.0005,0.0005,0.0005,0.0005,0.0005,0.0005,0.0005,0.0005,0.0005,0.0005,0.0005,0.0005,0.0005,0.0005,0.0005,0.0005,0.0005,0.0005,0.0005,0.0005,0.0005,0.0005,0.0005,0.0005,0.0005,0.0005,0.0005,0.0005,0.0005,0.0005,0.0005,0.0005,0.0005,0.0005,0.0005,0.0005,0.0005,0.0005,0.0005,0.0005,0.0005,0.0005,0.0005,0.0005,0.0005,0.0005,0.0005,0.0005,0.0005,0.0005,0.0005,0.0005,0.0005,0.0005,0.0005,0.0005,0.0005,0.0005,0.0005,0.0005,0.0005,0.0005,0.0005,0.0005,0.0005,0.0005,0.0005,0.0005,0.0005,0.0005,0.0005,0.0005,0.0005,0.0005,0.0005,0.0005,0.0005,0.0005,0.0005,0.0005,0.0005,0.0005,0.0005,0.0005,0.0005,0.0005,0.0005,0.0005,0.0005,0.0005,0.0005,0.0005,0.0005,0.0005,0.0005

