parameters
adam_lr:0.001
adam_beta1:0.9
adam_beta2:0.99
adam_eps:1e-8
adam_weight_decay:0
adam_amsgrad:True
architecture:vgg19bn_
dataset:cifar10
combine_datasets:False
do_validation_set:False
epochs:100
batch_size:128
test_set_split:0.1666667
validation_set_split:0.0
reduce_train_set:1
executions:2
base_seed:1230
training_method:adam
learning_method:constant

train_loss
1.788,1.374,1.054,0.877,0.766,0.676,0.612,0.558,0.517,0.478,0.441,0.415,0.393,0.362,0.342,0.328,0.305,0.293,0.269,0.256,0.243,0.231,0.222,0.205,0.197,0.189,0.179,0.165,0.158,0.15,0.144,0.137,0.133,0.125,0.116,0.111,0.104,0.104,0.098,0.095,0.09,0.083,0.078,0.075,0.071,0.071,0.065,0.062,0.062,0.056,0.054,0.056,0.053,0.053,0.049,0.049,0.046,0.044,0.048,0.038,0.039,0.037,0.034,0.034,0.035,0.033,0.031,0.03,0.032,0.033,0.028,0.029,0.027,0.027,0.027,0.025,0.025,0.024,0.022,0.027,0.021,0.024,0.024,0.018,0.021,0.018,0.021,0.016,0.018,0.02,0.02,0.017,0.02,0.017,0.015,0.015,0.014,0.018,0.013,0.017
1.8,1.383,1.048,0.882,0.773,0.683,0.62,0.565,0.521,0.487,0.45,0.421,0.392,0.374,0.347,0.338,0.312,0.291,0.274,0.264,0.248,0.238,0.227,0.209,0.204,0.19,0.178,0.176,0.161,0.15,0.147,0.139,0.134,0.125,0.118,0.116,0.104,0.102,0.1,0.095,0.091,0.086,0.079,0.079,0.07,0.073,0.071,0.067,0.064,0.06,0.058,0.056,0.049,0.051,0.049,0.048,0.042,0.045,0.043,0.042,0.04,0.039,0.039,0.038,0.034,0.035,0.031,0.03,0.03,0.029,0.028,0.027,0.03,0.027,0.026,0.025,0.025,0.021,0.023,0.025,0.022,0.023,0.022,0.019,0.021,0.019,0.019,0.02,0.019,0.02,0.018,0.019,0.019,0.017,0.017,0.018,0.014,0.015,0.015,0.018

train_acc1
28.276,47.492,62.112,69.158,73.302,76.998,79.304,81.384,82.716,84.234,85.278,86.26,86.922,88.246,88.806,89.19,89.934,90.434,91.168,91.588,91.996,92.406,92.86,93.216,93.586,93.912,94.116,94.578,94.85,95.094,95.284,95.452,95.684,96.028,96.302,96.462,96.646,96.602,96.804,96.962,97.018,97.294,97.474,97.636,97.656,97.67,97.904,98.006,97.982,98.19,98.292,98.218,98.274,98.3,98.384,98.422,98.458,98.558,98.43,98.78,98.802,98.794,98.884,98.9,98.872,98.946,99.006,99.018,98.964,98.948,99.108,99.048,99.106,99.13,99.13,99.212,99.186,99.238,99.306,99.106,99.36,99.218,99.256,99.362,99.338,99.418,99.314,99.49,99.458,99.342,99.374,99.432,99.354,99.454,99.472,99.554,99.526,99.37,99.548,99.442
28.362,47.314,62.992,69.188,73.312,76.862,78.972,81.248,82.744,84.03,85.204,86.114,87.174,87.748,88.604,88.948,89.75,90.444,91.114,91.436,91.886,92.198,92.638,93.184,93.324,93.774,94.3,94.242,94.82,95.108,95.228,95.344,95.706,95.936,96.142,96.274,96.632,96.736,96.718,96.916,97.038,97.174,97.42,97.426,97.708,97.628,97.744,97.77,97.958,98.048,98.082,98.196,98.37,98.32,98.388,98.504,98.63,98.502,98.548,98.614,98.712,98.724,98.682,98.78,98.84,98.84,98.986,99.054,99.066,99.032,99.072,99.114,99.008,99.12,99.12,99.198,99.222,99.318,99.234,99.172,99.282,99.234,99.316,99.388,99.362,99.404,99.41,99.306,99.38,99.36,99.39,99.37,99.386,99.464,99.432,99.452,99.532,99.488,99.548,99.424

val_acc1
40.02,49.91,64.23,71.61,74.8,75.03,78.32,78.65,80.45,82.88,84.05,82.15,84.9,85.61,84.11,85.37,84.81,87.48,87.15,86.38,87.3,87.51,87.85,87.79,87.34,87.49,87.88,88.94,89.14,88.96,89.32,89.33,88.54,89.65,89.53,89.91,89.68,89.39,89.87,89.9,89.8,89.99,90.06,90.11,90.13,89.94,90.43,90.5,89.74,89.83,90.45,90.36,90.1,90.32,90.34,90.36,89.66,89.86,90.73,90.05,90.65,90.27,90.5,90.63,90.18,90.17,90.41,90.57,90.56,90.74,90.67,90.49,90.27,90.4,90.67,90.53,90.5,90.6,90.42,90.4,90.45,90.37,90.65,89.86,90.73,90.7,90.94,90.26,90.56,90.67,90.75,90.89,90.53,90.92,90.9,90.72,90.71,90.76,90.81,90.44
37.97,54.35,64.94,71.07,74.53,77.23,79.17,76.83,79.23,83.06,83.02,84.71,84.53,85.48,83.34,86.85,86.2,86.81,86.57,87.37,86.49,88.28,87.78,87.03,89.35,89.14,88.01,87.72,88.38,88.92,88.69,88.19,88.59,89.27,88.75,89.73,89.18,89.28,89.91,89.33,89.94,90.15,89.88,90.31,90.1,89.99,89.37,90.2,90.54,90.47,90.65,90.54,90.22,90.07,90.22,90.83,90.02,90.1,90.32,90.38,90.52,90.73,90.55,89.91,89.77,90.63,90.3,90.58,90.45,90.67,90.39,90.44,90.81,90.83,90.67,90.55,90.79,91.05,90.36,91.0,90.53,90.51,89.54,90.76,90.65,90.62,90.82,91.11,91.16,90.69,90.79,90.89,90.98,91.11,90.78,90.51,90.83,91.3,90.85,90.9

val_loss
1.525,1.46,1.036,0.806,0.738,0.752,0.658,0.626,0.595,0.535,0.478,0.574,0.468,0.455,0.506,0.484,0.483,0.4,0.425,0.447,0.418,0.418,0.386,0.411,0.43,0.438,0.417,0.393,0.382,0.398,0.383,0.392,0.421,0.374,0.398,0.377,0.386,0.43,0.39,0.395,0.393,0.402,0.411,0.398,0.406,0.414,0.379,0.393,0.436,0.417,0.436,0.433,0.417,0.415,0.434,0.394,0.452,0.461,0.409,0.443,0.414,0.437,0.451,0.464,0.46,0.454,0.471,0.461,0.44,0.441,0.474,0.45,0.474,0.463,0.445,0.47,0.449,0.453,0.475,0.476,0.492,0.493,0.472,0.512,0.469,0.499,0.455,0.491,0.478,0.495,0.455,0.501,0.49,0.486,0.485,0.497,0.525,0.48,0.512,0.509
1.582,1.3,1.003,0.824,0.764,0.674,0.624,0.738,0.654,0.537,0.538,0.473,0.492,0.451,0.53,0.421,0.444,0.424,0.461,0.422,0.448,0.392,0.396,0.427,0.351,0.363,0.414,0.435,0.41,0.405,0.419,0.45,0.395,0.391,0.424,0.389,0.41,0.424,0.371,0.412,0.397,0.379,0.428,0.372,0.409,0.431,0.442,0.397,0.384,0.396,0.417,0.397,0.435,0.415,0.429,0.41,0.43,0.442,0.414,0.437,0.419,0.438,0.434,0.482,0.458,0.43,0.457,0.448,0.438,0.426,0.442,0.43,0.42,0.456,0.441,0.472,0.44,0.458,0.472,0.436,0.441,0.479,0.501,0.45,0.475,0.46,0.468,0.449,0.458,0.478,0.475,0.459,0.447,0.465,0.47,0.465,0.463,0.453,0.464,0.459

learning_rate
0.001,0.001,0.001,0.001,0.001,0.001,0.001,0.001,0.001,0.001,0.001,0.001,0.001,0.001,0.001,0.001,0.001,0.001,0.001,0.001,0.001,0.001,0.001,0.001,0.001,0.001,0.001,0.001,0.001,0.001,0.001,0.001,0.001,0.001,0.001,0.001,0.001,0.001,0.001,0.001,0.001,0.001,0.001,0.001,0.001,0.001,0.001,0.001,0.001,0.001,0.001,0.001,0.001,0.001,0.001,0.001,0.001,0.001,0.001,0.001,0.001,0.001,0.001,0.001,0.001,0.001,0.001,0.001,0.001,0.001,0.001,0.001,0.001,0.001,0.001,0.001,0.001,0.001,0.001,0.001,0.001,0.001,0.001,0.001,0.001,0.001,0.001,0.001,0.001,0.001,0.001,0.001,0.001,0.001,0.001,0.001,0.001,0.001,0.001,0.001
0.001,0.001,0.001,0.001,0.001,0.001,0.001,0.001,0.001,0.001,0.001,0.001,0.001,0.001,0.001,0.001,0.001,0.001,0.001,0.001,0.001,0.001,0.001,0.001,0.001,0.001,0.001,0.001,0.001,0.001,0.001,0.001,0.001,0.001,0.001,0.001,0.001,0.001,0.001,0.001,0.001,0.001,0.001,0.001,0.001,0.001,0.001,0.001,0.001,0.001,0.001,0.001,0.001,0.001,0.001,0.001,0.001,0.001,0.001,0.001,0.001,0.001,0.001,0.001,0.001,0.001,0.001,0.001,0.001,0.001,0.001,0.001,0.001,0.001,0.001,0.001,0.001,0.001,0.001,0.001,0.001,0.001,0.001,0.001,0.001,0.001,0.001,0.001,0.001,0.001,0.001,0.001,0.001,0.001,0.001,0.001,0.001,0.001,0.001,0.001

