parameters
sgd_lr:0.25
sgd_momentum:0.9
sgd_weight_decay:0
sgd_dampening:0
sgd_nesterov:True
architecture:vgg19bn_
dataset:cifar10
combine_datasets:False
do_validation_set:False
epochs:100
batch_size:128
test_set_split:0.1666667
validation_set_split:0.0
reduce_train_set:1
executions:2
base_seed:1230
training_method:sgd
learning_method:constant

train_loss
2.67,2.303,2.302,2.303,2.302,2.301,2.301,2.3,2.299,2.297,2.271,2.128,1.954,1.908,1.883,1.876,1.859,1.848,1.818,1.772,1.734,1.707,1.678,1.655,1.63,1.6,1.584,1.557,1.534,1.511,1.486,1.469,1.453,1.428,1.412,1.396,1.37,1.358,1.343,1.329,1.314,1.288,1.279,1.268,1.279,1.251,1.225,1.216,1.183,1.176,1.237,1.177,1.171,1.161,1.141,1.15,1.106,1.13,1.075,1.118,1.064,1.058,1.15,1.062,1.046,1.036,1.035,1.029,1.037,0.995,1.041,0.983,0.945,0.956,0.951,0.945,0.957,0.938,0.863,0.703,0.574,0.523,0.473,0.435,0.408,0.392,0.367,0.348,0.337,0.33,0.31,0.3,0.282,0.28,0.263,0.267,0.248,0.235,0.245,0.225
2.617,2.304,2.302,2.296,2.263,2.102,1.955,1.909,1.897,1.883,1.873,1.856,1.826,1.795,1.753,1.728,1.686,1.669,1.638,1.617,1.589,1.567,1.553,1.523,1.522,1.49,1.468,1.46,1.435,1.422,1.393,1.378,1.376,1.354,1.331,1.333,1.296,1.321,1.268,1.275,1.29,1.247,1.239,1.234,1.205,1.233,1.213,1.186,1.158,1.169,1.141,1.132,1.161,1.114,0.891,0.774,0.724,0.695,0.665,0.648,0.642,0.619,0.601,0.571,0.571,0.557,0.55,0.522,0.514,0.491,0.476,0.476,0.461,0.436,0.4,0.362,0.355,0.361,0.341,0.309,0.296,0.285,0.272,0.271,0.264,0.262,0.245,0.24,0.227,0.219,0.217,0.202,0.199,0.2,0.198,0.193,0.179,0.178,0.172,0.159

train_acc1
10.2,10.16,10.184,10.152,10.34,10.302,10.36,10.592,10.36,10.972,12.342,17.096,19.882,20.986,21.71,22.176,23.478,24.534,26.772,29.004,30.404,31.204,32.042,32.776,34.164,35.278,35.74,37.146,38.12,39.424,40.346,41.384,43.57,45.51,46.228,47.692,48.462,49.574,50.51,50.948,51.706,52.972,53.566,53.956,53.902,54.706,55.9,56.304,58.106,57.986,56.176,58.244,58.764,59.108,59.464,59.64,61.662,60.572,62.348,61.188,62.794,63.224,60.34,63.116,63.848,64.498,64.402,64.478,64.698,65.74,64.724,66.372,67.136,67.224,67.354,67.694,67.278,67.89,69.732,75.4,80.254,82.378,84.194,85.05,86.366,86.88,87.722,88.46,88.878,89.072,89.66,90.014,90.676,90.676,91.122,91.158,91.71,92.252,92.218,92.606
10.188,9.964,10.408,10.466,11.962,17.366,19.278,20.47,21.146,21.874,22.55,23.424,26.012,28.192,29.698,30.45,31.746,32.298,33.202,34.152,35.438,36.53,37.274,38.63,39.342,40.812,41.922,42.916,45.134,46.56,48.524,49.482,49.848,51.404,52.352,52.58,53.862,52.908,55.282,54.96,54.77,56.428,57.01,57.188,58.418,57.256,57.372,59.08,60.526,59.582,60.936,61.024,60.288,61.946,67.452,71.37,74.88,76.502,78.344,79.204,79.676,80.852,81.674,82.49,82.822,83.388,83.596,84.574,84.764,85.236,86.0,85.814,86.432,86.92,87.692,88.606,88.988,88.638,89.036,90.138,90.536,90.848,91.322,91.454,91.664,91.708,92.26,92.47,92.814,93.032,93.058,93.562,93.584,93.76,93.608,93.832,94.282,94.28,94.426,94.9

val_acc1
10.29,10.14,10.58,10.77,10.7,10.96,10.0,10.64,10.0,11.46,14.32,18.78,20.27,20.75,24.84,19.33,22.79,24.3,29.64,28.78,20.71,29.69,31.22,34.7,33.71,34.85,36.02,38.62,40.54,42.87,32.05,39.01,44.38,49.97,48.94,49.19,49.31,54.25,51.53,52.03,51.7,53.42,47.32,50.17,53.67,47.79,55.0,48.12,52.07,57.43,56.36,52.52,54.03,57.81,57.99,60.66,57.8,60.09,64.0,58.55,62.39,58.29,63.38,63.36,63.76,60.51,63.21,62.75,65.6,63.73,64.38,65.45,60.94,62.51,64.06,67.3,64.52,65.2,70.33,76.19,78.52,79.79,81.06,82.51,82.17,83.51,84.02,83.16,84.48,84.43,85.42,84.75,84.66,85.74,84.79,85.68,85.92,85.66,85.36,85.98
10.0,10.54,10.28,11.41,13.4,16.28,20.76,20.68,19.83,19.9,21.84,22.79,27.12,29.13,33.37,28.65,27.81,28.03,32.63,38.56,31.19,31.36,39.05,40.31,43.0,37.95,42.08,45.79,45.4,47.57,48.43,38.41,52.97,51.07,52.48,55.93,56.58,55.0,52.99,53.11,57.78,51.78,50.59,54.2,59.34,41.46,54.4,45.02,52.44,59.49,64.11,60.35,61.68,55.42,69.6,69.75,69.88,76.12,75.77,76.34,78.3,78.01,79.33,78.03,79.79,79.22,81.25,81.49,81.89,82.78,81.72,81.31,80.86,83.65,84.46,83.59,84.13,82.93,84.66,84.87,86.1,85.7,85.18,84.79,85.82,85.45,85.0,85.85,85.74,85.9,85.94,86.11,85.58,86.08,85.66,85.66,85.94,85.51,85.5,86.15

val_loss
2.305,2.304,2.302,2.308,2.306,2.302,2.308,2.306,2.297,2.296,2.221,1.997,1.892,1.918,1.849,2.005,1.879,1.858,1.768,1.774,2.134,1.678,1.687,1.66,1.689,1.589,1.579,1.577,1.5,1.478,1.592,1.496,1.423,1.424,1.434,1.412,1.375,1.363,1.354,1.33,1.408,1.325,1.435,1.42,1.366,1.387,1.423,1.417,1.499,1.298,1.336,1.417,1.332,1.386,1.286,1.233,1.277,1.252,1.148,1.378,1.204,1.203,1.21,1.211,1.157,1.242,1.21,1.297,1.227,1.234,1.311,1.127,1.263,1.405,1.281,1.219,1.234,1.16,1.018,0.82,0.73,0.691,0.671,0.608,0.632,0.639,0.561,0.629,0.556,0.587,0.544,0.574,0.569,0.524,0.575,0.546,0.525,0.543,0.562,0.585
2.302,2.304,2.301,2.287,2.232,2.042,1.902,1.97,2.014,1.928,1.862,1.873,1.809,1.749,1.721,1.754,1.821,1.67,1.819,1.585,1.643,1.613,1.546,1.546,1.466,1.5,1.506,1.433,1.42,1.478,1.451,1.575,1.363,1.428,1.398,1.375,1.375,1.413,1.321,1.321,1.276,1.306,1.365,1.343,1.31,1.495,1.441,1.391,1.264,1.288,1.221,1.26,1.212,1.234,0.876,0.885,0.897,0.794,0.806,0.8,0.824,0.798,0.77,0.878,0.742,0.742,0.706,0.715,0.79,0.737,0.718,0.699,0.81,0.634,0.604,0.643,0.659,0.659,0.593,0.591,0.566,0.563,0.614,0.595,0.567,0.576,0.623,0.563,0.579,0.568,0.599,0.584,0.612,0.586,0.577,0.62,0.597,0.603,0.594,0.647

learning_rate
0.25,0.25,0.25,0.25,0.25,0.25,0.25,0.25,0.25,0.25,0.25,0.25,0.25,0.25,0.25,0.25,0.25,0.25,0.25,0.25,0.25,0.25,0.25,0.25,0.25,0.25,0.25,0.25,0.25,0.25,0.25,0.25,0.25,0.25,0.25,0.25,0.25,0.25,0.25,0.25,0.25,0.25,0.25,0.25,0.25,0.25,0.25,0.25,0.25,0.25,0.25,0.25,0.25,0.25,0.25,0.25,0.25,0.25,0.25,0.25,0.25,0.25,0.25,0.25,0.25,0.25,0.25,0.25,0.25,0.25,0.25,0.25,0.25,0.25,0.25,0.25,0.25,0.25,0.25,0.25,0.25,0.25,0.25,0.25,0.25,0.25,0.25,0.25,0.25,0.25,0.25,0.25,0.25,0.25,0.25,0.25,0.25,0.25,0.25,0.25
0.25,0.25,0.25,0.25,0.25,0.25,0.25,0.25,0.25,0.25,0.25,0.25,0.25,0.25,0.25,0.25,0.25,0.25,0.25,0.25,0.25,0.25,0.25,0.25,0.25,0.25,0.25,0.25,0.25,0.25,0.25,0.25,0.25,0.25,0.25,0.25,0.25,0.25,0.25,0.25,0.25,0.25,0.25,0.25,0.25,0.25,0.25,0.25,0.25,0.25,0.25,0.25,0.25,0.25,0.25,0.25,0.25,0.25,0.25,0.25,0.25,0.25,0.25,0.25,0.25,0.25,0.25,0.25,0.25,0.25,0.25,0.25,0.25,0.25,0.25,0.25,0.25,0.25,0.25,0.25,0.25,0.25,0.25,0.25,0.25,0.25,0.25,0.25,0.25,0.25,0.25,0.25,0.25,0.25,0.25,0.25,0.25,0.25,0.25,0.25

