parameters
sgd_lr:0.5
sgd_momentum:0.9
sgd_weight_decay:0
sgd_dampening:0
sgd_nesterov:False
architecture:vgg19bn_
dataset:cifar10
combine_datasets:False
do_validation_set:False
epochs:100
batch_size:128
test_set_split:0.1666667
validation_set_split:0.0
reduce_train_set:1
executions:2
base_seed:1230
training_method:sgd
learning_method:constant

train_loss
2.714,2.312,2.311,2.312,2.31,2.311,2.312,2.311,2.311,2.312,2.311,2.311,2.312,2.312,2.312,2.312,2.312,2.312,2.313,2.312,2.311,2.312,2.312,2.311,2.312,2.312,2.312,2.313,2.311,2.311,2.311,2.312,2.312,2.312,2.312,2.311,2.312,2.312,2.311,2.311,2.314,2.313,2.311,2.312,2.312,2.311,2.311,2.312,2.311,2.312,2.311,2.312,2.312,2.311,2.312,2.312,2.312,2.313,2.311,2.311,2.312,2.311,2.31,2.312,2.312,2.312,2.313,2.313,2.311,2.31,2.312,2.311,2.312,2.312,2.312,2.311,2.312,2.311,2.31,2.312,2.311,2.31,2.311,2.311,2.311,2.312,2.312,2.311,2.311,2.312,2.311,2.312,2.312,2.311,2.312,2.314,2.311,2.311,2.31,2.311
2.708,2.291,2.273,2.248,2.234,2.199,2.111,2.061,2.045,2.012,1.998,1.983,1.973,1.972,1.956,1.945,1.931,1.939,1.922,1.929,1.921,1.937,1.925,1.905,1.895,1.897,1.889,1.879,1.872,1.858,1.849,1.85,1.822,1.845,1.81,1.815,1.81,1.791,1.803,1.785,1.772,1.766,1.752,1.737,1.728,1.721,1.725,1.715,1.702,1.688,1.695,1.699,1.699,1.667,1.689,1.664,1.66,1.658,1.609,1.613,1.598,1.639,1.572,1.592,1.567,1.568,1.577,1.621,1.531,1.574,1.555,1.519,1.54,1.553,1.558,1.515,1.533,1.498,1.513,1.478,1.504,1.476,1.462,1.487,1.458,1.517,1.477,1.492,1.488,1.441,1.456,1.418,1.412,1.398,1.399,1.419,1.387,1.387,1.396,1.356

train_acc1
10.302,9.898,9.944,9.994,9.942,9.62,9.828,10.076,9.79,10.186,9.78,9.954,9.9,9.734,9.958,9.998,10.058,9.94,9.78,10.194,9.866,9.74,9.97,10.13,10.304,10.04,9.758,9.94,9.898,10.222,10.184,9.618,10.024,10.024,9.788,9.88,10.02,10.0,9.654,9.926,9.838,9.93,9.984,9.926,10.182,10.022,9.85,10.156,10.194,10.024,9.844,9.822,10.04,10.066,9.93,10.012,10.118,9.948,9.776,9.99,10.006,9.976,9.956,9.93,9.898,10.264,9.892,9.956,9.968,9.782,10.024,9.732,9.908,10.068,9.812,9.85,9.976,9.948,9.986,10.032,9.968,10.314,10.156,9.824,9.918,9.696,9.992,9.878,9.84,9.826,9.992,10.024,9.932,10.146,10.124,9.99,9.918,10.068,10.212,9.872
11.55,12.292,13.048,14.528,14.984,15.968,18.006,18.42,18.41,18.462,18.148,18.312,18.728,18.688,19.166,19.584,20.138,19.846,20.286,20.99,20.426,20.242,20.78,21.304,22.326,21.848,22.252,22.768,22.772,23.772,24.032,24.24,25.194,24.584,25.624,25.566,25.842,26.292,26.11,26.906,27.206,28.182,29.206,30.152,30.498,31.426,31.284,31.478,32.0,31.962,32.152,32.058,32.1,32.71,32.586,32.846,33.514,33.134,35.066,34.94,35.824,34.054,36.224,35.412,36.188,36.42,36.064,34.682,36.842,36.008,36.818,38.194,37.246,36.698,36.652,37.86,37.746,38.636,39.178,39.47,38.666,39.364,40.034,39.224,40.288,38.76,39.072,39.454,39.178,40.662,40.26,41.964,41.724,42.148,42.132,41.752,42.614,42.58,42.364,43.964

val_acc1
10.1,10.02,10.0,10.1,10.05,10.1,10.0,10.0,9.96,10.02,10.12,10.1,10.09,9.88,10.12,10.2,10.06,10.03,10.0,10.01,10.02,10.03,10.02,10.04,10.03,10.09,9.96,10.03,9.9,10.2,10.07,10.14,10.0,10.16,10.02,10.02,9.82,10.07,10.07,10.01,10.02,10.09,10.19,10.06,9.91,10.15,9.95,10.1,9.86,10.1,10.14,10.0,10.01,9.87,10.14,10.02,10.11,10.02,10.03,10.03,9.9,10.03,9.91,10.03,10.0,10.01,10.16,9.94,9.94,10.05,10.0,10.0,10.15,10.09,9.87,10.05,10.14,10.06,10.04,10.07,10.07,10.03,10.13,10.0,10.0,10.01,10.1,10.06,10.11,10.02,9.91,10.1,10.03,10.0,9.89,10.0,10.1,10.12,10.08,9.79
11.82,10.38,13.94,14.93,15.1,18.45,18.06,16.74,15.67,17.54,18.8,17.84,17.76,21.32,19.29,19.65,18.53,21.12,22.99,18.68,22.52,20.47,18.69,21.31,22.93,22.03,20.52,24.87,24.78,25.04,22.74,24.02,26.99,28.15,27.9,25.78,24.67,27.8,27.28,28.12,28.76,29.21,30.52,33.35,28.26,32.04,33.08,32.39,37.9,33.62,31.86,34.47,33.86,33.49,34.62,36.52,35.5,38.4,34.35,38.37,38.25,34.08,36.24,36.8,30.98,36.44,28.75,36.63,36.37,35.67,40.33,37.93,42.68,35.57,31.59,41.51,39.29,40.11,43.4,33.95,33.95,41.33,38.62,43.87,27.16,26.37,18.85,35.18,42.06,40.76,45.59,42.97,39.77,47.49,48.04,46.58,42.18,40.13,44.33,43.92

val_loss
2.308,2.312,2.307,2.312,2.304,2.304,2.317,2.321,2.306,2.313,2.307,2.308,2.308,2.312,2.304,2.301,2.308,2.31,2.317,2.308,2.307,2.315,2.306,2.319,2.316,2.312,2.323,2.315,2.315,2.311,2.309,2.317,2.308,2.311,2.305,2.309,2.317,2.311,2.308,2.311,2.307,2.309,2.311,2.311,2.315,2.304,2.315,2.305,2.309,2.315,2.309,2.313,2.308,2.306,2.31,2.314,2.306,2.307,2.314,2.31,2.311,2.308,2.305,2.308,2.307,2.309,2.307,2.31,2.303,2.308,2.309,2.309,2.307,2.307,2.31,2.312,2.318,2.311,2.311,2.313,2.308,2.312,2.311,2.308,2.312,2.31,2.309,2.31,2.316,2.315,2.31,2.308,2.307,2.308,2.311,2.307,2.308,2.31,2.31,2.31
2.281,2.298,2.236,2.222,2.216,2.105,2.088,2.062,2.132,2.028,1.947,2.005,1.966,1.978,1.889,1.987,1.899,1.9,1.863,1.931,1.864,1.99,2.032,1.862,1.866,1.826,1.883,1.82,1.813,1.812,1.861,1.806,1.819,1.752,1.761,1.811,2.047,1.73,1.763,1.804,1.872,1.859,1.732,1.696,1.721,1.71,1.736,1.71,1.646,1.657,1.833,1.664,1.66,1.712,1.592,1.614,1.584,1.662,1.557,1.58,1.5,1.541,1.74,1.566,1.662,1.57,1.649,1.5,1.54,1.586,1.485,1.549,1.511,1.619,1.656,1.501,1.578,1.602,1.452,1.587,1.545,1.587,1.549,1.455,1.712,1.961,2.166,1.519,1.486,1.425,1.381,1.379,1.493,1.375,1.478,1.423,1.411,1.406,1.411,1.368

learning_rate
0.5,0.5,0.5,0.5,0.5,0.5,0.5,0.5,0.5,0.5,0.5,0.5,0.5,0.5,0.5,0.5,0.5,0.5,0.5,0.5,0.5,0.5,0.5,0.5,0.5,0.5,0.5,0.5,0.5,0.5,0.5,0.5,0.5,0.5,0.5,0.5,0.5,0.5,0.5,0.5,0.5,0.5,0.5,0.5,0.5,0.5,0.5,0.5,0.5,0.5,0.5,0.5,0.5,0.5,0.5,0.5,0.5,0.5,0.5,0.5,0.5,0.5,0.5,0.5,0.5,0.5,0.5,0.5,0.5,0.5,0.5,0.5,0.5,0.5,0.5,0.5,0.5,0.5,0.5,0.5,0.5,0.5,0.5,0.5,0.5,0.5,0.5,0.5,0.5,0.5,0.5,0.5,0.5,0.5,0.5,0.5,0.5,0.5,0.5,0.5
0.5,0.5,0.5,0.5,0.5,0.5,0.5,0.5,0.5,0.5,0.5,0.5,0.5,0.5,0.5,0.5,0.5,0.5,0.5,0.5,0.5,0.5,0.5,0.5,0.5,0.5,0.5,0.5,0.5,0.5,0.5,0.5,0.5,0.5,0.5,0.5,0.5,0.5,0.5,0.5,0.5,0.5,0.5,0.5,0.5,0.5,0.5,0.5,0.5,0.5,0.5,0.5,0.5,0.5,0.5,0.5,0.5,0.5,0.5,0.5,0.5,0.5,0.5,0.5,0.5,0.5,0.5,0.5,0.5,0.5,0.5,0.5,0.5,0.5,0.5,0.5,0.5,0.5,0.5,0.5,0.5,0.5,0.5,0.5,0.5,0.5,0.5,0.5,0.5,0.5,0.5,0.5,0.5,0.5,0.5,0.5,0.5,0.5,0.5,0.5

