parameters
adam_lr:0.0005
adam_beta1:0.9
adam_beta2:0.99
adam_eps:1e-8
adam_weight_decay:0
adam_amsgrad:False
architecture:vgg19bn_
dataset:cifar10
combine_datasets:False
do_validation_set:False
epochs:100
batch_size:128
test_set_split:0.1666667
validation_set_split:0.0
reduce_train_set:1
executions:2
base_seed:1230
training_method:adam
learning_method:constant

train_loss
1.63,1.151,0.902,0.775,0.694,0.615,0.563,0.51,0.471,0.437,0.405,0.382,0.356,0.329,0.305,0.298,0.27,0.262,0.241,0.236,0.219,0.208,0.196,0.188,0.175,0.17,0.162,0.154,0.144,0.138,0.133,0.126,0.123,0.113,0.114,0.105,0.105,0.099,0.091,0.092,0.088,0.081,0.084,0.08,0.075,0.07,0.07,0.067,0.066,0.066,0.064,0.06,0.057,0.057,0.056,0.055,0.056,0.053,0.051,0.049,0.047,0.049,0.044,0.046,0.045,0.043,0.044,0.044,0.042,0.04,0.039,0.039,0.037,0.036,0.035,0.036,0.039,0.034,0.033,0.032,0.032,0.036,0.034,0.031,0.031,0.03,0.03,0.03,0.029,0.028,0.03,0.027,0.029,0.028,0.026,0.029,0.026,0.026,0.025,0.024
1.609,1.145,0.885,0.748,0.662,0.589,0.535,0.488,0.455,0.422,0.394,0.369,0.345,0.316,0.302,0.29,0.266,0.255,0.238,0.228,0.211,0.201,0.195,0.181,0.172,0.168,0.159,0.148,0.142,0.136,0.134,0.126,0.118,0.111,0.111,0.102,0.105,0.095,0.097,0.092,0.088,0.084,0.082,0.081,0.075,0.072,0.075,0.067,0.069,0.063,0.063,0.064,0.059,0.059,0.06,0.055,0.053,0.054,0.05,0.051,0.047,0.046,0.045,0.049,0.046,0.046,0.046,0.041,0.045,0.04,0.04,0.039,0.035,0.037,0.039,0.035,0.035,0.036,0.033,0.035,0.034,0.034,0.033,0.032,0.034,0.03,0.032,0.032,0.031,0.028,0.028,0.029,0.028,0.029,0.024,0.031,0.026,0.027,0.028,0.025

train_acc1
36.106,57.964,67.9,73.312,76.556,79.464,81.252,82.864,84.454,85.566,86.546,87.354,88.114,89.034,89.866,90.218,91.002,91.384,91.92,92.214,92.722,93.094,93.418,93.702,94.222,94.264,94.522,94.942,95.216,95.38,95.532,95.822,95.85,96.352,96.136,96.552,96.554,96.774,97.036,96.97,97.012,97.324,97.192,97.358,97.466,97.644,97.67,97.792,97.782,97.846,97.868,98.014,98.126,98.128,98.144,98.212,98.254,98.228,98.316,98.386,98.442,98.476,98.508,98.5,98.532,98.648,98.562,98.536,98.664,98.69,98.706,98.746,98.77,98.832,98.856,98.828,98.71,98.924,98.89,98.95,98.898,98.83,98.878,98.998,98.96,99.034,98.98,98.998,99.092,99.088,99.038,99.108,99.09,99.052,99.112,99.096,99.13,99.162,99.208,99.218
37.048,58.954,68.914,74.178,77.478,80.034,81.998,83.63,84.658,85.86,86.824,87.76,88.478,89.482,89.882,90.248,91.044,91.56,91.998,92.418,92.874,93.228,93.44,94.022,94.212,94.464,94.688,95.078,95.32,95.548,95.53,95.754,96.024,96.218,96.37,96.632,96.55,96.806,96.816,96.932,97.196,97.194,97.228,97.348,97.526,97.646,97.526,97.694,97.714,97.85,97.824,97.904,98.06,98.03,98.072,98.196,98.218,98.252,98.414,98.284,98.416,98.508,98.514,98.388,98.538,98.486,98.55,98.636,98.588,98.616,98.7,98.686,98.838,98.816,98.756,98.812,98.816,98.868,98.904,98.868,98.87,98.876,98.922,98.984,98.874,99.048,98.972,98.984,99.042,99.102,99.06,99.026,99.084,99.05,99.2,98.986,99.18,99.092,99.078,99.194

val_acc1
48.82,64.98,68.64,73.05,77.68,76.23,80.3,81.08,82.45,83.07,83.71,84.36,85.13,86.22,83.26,86.62,86.23,86.98,87.16,87.39,86.66,87.11,88.04,88.69,87.98,88.47,88.96,88.38,88.73,88.87,89.6,88.63,89.33,88.98,89.11,89.36,89.98,88.77,89.26,89.88,90.09,89.77,90.35,90.29,90.36,89.62,89.84,90.01,89.96,90.28,90.09,90.25,90.24,89.42,89.91,89.59,90.34,90.46,90.79,89.85,90.74,90.34,89.89,89.91,90.38,90.34,90.13,90.09,90.58,90.47,90.76,90.54,90.71,90.33,90.67,90.74,90.59,91.08,90.75,90.72,90.86,91.35,90.6,90.42,90.35,90.86,90.63,90.43,90.9,90.52,90.57,91.03,90.4,90.23,90.5,89.88,90.51,90.71,90.44,90.88
47.84,64.34,66.77,74.72,76.98,75.68,79.27,80.93,82.02,82.05,84.55,84.88,84.32,86.72,85.82,86.16,87.35,88.0,87.89,87.14,85.92,88.85,88.24,87.71,88.3,88.27,88.13,89.39,87.39,87.84,89.31,88.97,89.37,89.21,88.37,89.6,89.56,89.49,89.81,89.29,89.59,89.24,90.29,89.73,89.66,90.23,90.14,89.31,90.03,90.39,90.33,90.42,90.13,89.67,90.24,90.67,90.59,90.65,91.47,89.77,90.46,90.87,89.99,90.71,90.02,90.69,90.19,90.33,90.62,90.43,90.15,90.68,90.61,91.32,90.94,90.57,90.88,90.57,90.88,90.81,90.67,90.55,90.65,90.95,90.78,91.05,90.57,91.3,90.84,89.98,90.91,90.87,90.81,91.09,90.38,90.46,91.21,90.54,91.12,90.97

val_loss
1.325,0.995,0.921,0.807,0.69,0.731,0.607,0.576,0.543,0.537,0.516,0.469,0.47,0.442,0.56,0.433,0.459,0.419,0.423,0.425,0.444,0.455,0.399,0.381,0.416,0.394,0.389,0.4,0.401,0.397,0.367,0.427,0.398,0.392,0.404,0.42,0.36,0.442,0.449,0.388,0.408,0.417,0.407,0.405,0.409,0.476,0.447,0.434,0.422,0.465,0.444,0.447,0.424,0.497,0.486,0.508,0.444,0.416,0.413,0.472,0.474,0.432,0.492,0.493,0.443,0.485,0.566,0.49,0.436,0.489,0.471,0.449,0.502,0.531,0.515,0.488,0.476,0.462,0.49,0.54,0.531,0.482,0.507,0.522,0.535,0.48,0.463,0.503,0.475,0.539,0.478,0.512,0.516,0.525,0.518,0.646,0.572,0.534,0.543,0.504
1.396,1.042,0.98,0.751,0.686,0.777,0.636,0.588,0.561,0.583,0.467,0.459,0.494,0.418,0.45,0.42,0.412,0.387,0.417,0.442,0.483,0.373,0.415,0.426,0.413,0.401,0.417,0.379,0.443,0.432,0.394,0.408,0.381,0.423,0.432,0.413,0.399,0.412,0.405,0.429,0.412,0.427,0.402,0.443,0.474,0.424,0.407,0.452,0.454,0.426,0.424,0.448,0.437,0.462,0.433,0.422,0.417,0.443,0.39,0.492,0.424,0.445,0.488,0.424,0.443,0.447,0.502,0.458,0.454,0.49,0.564,0.476,0.454,0.457,0.451,0.491,0.49,0.459,0.506,0.486,0.47,0.482,0.468,0.447,0.442,0.527,0.466,0.41,0.474,0.517,0.464,0.5,0.48,0.465,0.535,0.485,0.433,0.505,0.421,0.491

learning_rate
0.0005,0.0005,0.0005,0.0005,0.0005,0.0005,0.0005,0.0005,0.0005,0.0005,0.0005,0.0005,0.0005,0.0005,0.0005,0.0005,0.0005,0.0005,0.0005,0.0005,0.0005,0.0005,0.0005,0.0005,0.0005,0.0005,0.0005,0.0005,0.0005,0.0005,0.0005,0.0005,0.0005,0.0005,0.0005,0.0005,0.0005,0.0005,0.0005,0.0005,0.0005,0.0005,0.0005,0.0005,0.0005,0.0005,0.0005,0.0005,0.0005,0.0005,0.0005,0.0005,0.0005,0.0005,0.0005,0.0005,0.0005,0.0005,0.0005,0.0005,0.0005,0.0005,0.0005,0.0005,0.0005,0.0005,0.0005,0.0005,0.0005,0.0005,0.0005,0.0005,0.0005,0.0005,0.0005,0.0005,0.0005,0.0005,0.0005,0.0005,0.0005,0.0005,0.0005,0.0005,0.0005,0.0005,0.0005,0.0005,0.0005,0.0005,0.0005,0.0005,0.0005,0.0005,0.0005,0.0005,0.0005,0.0005,0.0005,0.0005
0.0005,0.0005,0.0005,0.0005,0.0005,0.0005,0.0005,0.0005,0.0005,0.0005,0.0005,0.0005,0.0005,0.0005,0.0005,0.0005,0.0005,0.0005,0.0005,0.0005,0.0005,0.0005,0.0005,0.0005,0.0005,0.0005,0.0005,0.0005,0.0005,0.0005,0.0005,0.0005,0.0005,0.0005,0.0005,0.0005,0.0005,0.0005,0.0005,0.0005,0.0005,0.0005,0.0005,0.0005,0.0005,0.0005,0.0005,0.0005,0.0005,0.0005,0.0005,0.0005,0.0005,0.0005,0.0005,0.0005,0.0005,0.0005,0.0005,0.0005,0.0005,0.0005,0.0005,0.0005,0.0005,0.0005,0.0005,0.0005,0.0005,0.0005,0.0005,0.0005,0.0005,0.0005,0.0005,0.0005,0.0005,0.0005,0.0005,0.0005,0.0005,0.0005,0.0005,0.0005,0.0005,0.0005,0.0005,0.0005,0.0005,0.0005,0.0005,0.0005,0.0005,0.0005,0.0005,0.0005,0.0005,0.0005,0.0005,0.0005

