parameters
rmsprop_lr:0.01
rmsprop_momentum:0
rmsprop_alpha:0.99
rmsprop_eps:1e-8
rmsprop_centered:False
rmsprop_weight_decay:0
architecture:vgg19bn_
dataset:cifar10
combine_datasets:False
do_validation_set:False
epochs:100
batch_size:128
test_set_split:0.1666667
validation_set_split:0.0
reduce_train_set:1
executions:2
base_seed:1230
training_method:rmsprop
learning_method:constant

train_loss
2.605,1.933,1.641,1.39,1.14,0.939,0.821,0.73,0.661,0.604,0.549,0.504,0.468,0.433,0.403,0.383,0.358,0.334,0.318,0.3,0.282,0.267,0.257,0.247,0.231,0.221,0.207,0.207,0.192,0.183,0.174,0.169,0.164,0.155,0.15,0.145,0.14,0.131,0.129,0.126,0.118,0.119,0.112,0.109,0.103,0.101,0.098,0.095,0.095,0.09,0.092,0.084,0.082,0.081,0.081,0.084,0.077,0.073,0.076,0.071,0.068,0.069,0.062,0.066,0.064,0.065,0.061,0.06,0.061,0.056,0.059,0.056,0.055,0.051,0.053,0.053,0.057,0.051,0.048,0.052,0.046,0.046,0.048,0.046,0.046,0.048,0.045,0.043,0.044,0.044,0.045,0.043,0.044,0.045,0.039,0.039,0.04,0.039,0.037,0.038
2.58,2.026,1.678,1.423,1.15,0.938,0.805,0.71,0.64,0.583,0.536,0.497,0.465,0.431,0.405,0.386,0.363,0.347,0.323,0.309,0.288,0.278,0.268,0.253,0.242,0.226,0.222,0.209,0.199,0.189,0.185,0.178,0.168,0.162,0.16,0.153,0.147,0.136,0.136,0.135,0.128,0.124,0.12,0.117,0.109,0.106,0.106,0.103,0.097,0.096,0.093,0.09,0.093,0.086,0.088,0.083,0.08,0.08,0.077,0.075,0.074,0.076,0.068,0.07,0.068,0.066,0.067,0.067,0.062,0.063,0.059,0.059,0.059,0.056,0.056,0.055,0.057,0.055,0.05,0.055,0.051,0.051,0.051,0.048,0.049,0.049,0.045,0.047,0.045,0.049,0.042,0.044,0.046,0.043,0.04,0.046,0.039,0.042,0.039,0.039

train_acc1
11.116,23.714,35.514,47.538,58.68,66.65,71.328,74.954,77.868,79.838,81.806,83.368,84.702,85.842,86.774,87.464,88.314,88.972,89.468,90.244,90.722,91.182,91.554,91.844,92.336,92.802,93.306,93.222,93.648,94.024,94.29,94.308,94.56,94.782,95.05,95.198,95.47,95.788,95.852,95.776,96.122,96.102,96.264,96.424,96.618,96.628,96.786,96.9,96.834,96.986,96.96,97.274,97.272,97.338,97.34,97.258,97.408,97.616,97.52,97.744,97.816,97.808,98.002,97.78,97.906,97.964,98.056,98.046,97.992,98.14,98.116,98.14,98.248,98.338,98.298,98.258,98.186,98.394,98.36,98.334,98.504,98.526,98.408,98.524,98.538,98.518,98.542,98.62,98.666,98.636,98.568,98.7,98.68,98.648,98.736,98.79,98.68,98.73,98.86,98.806
10.838,20.33,33.508,44.882,58.344,67.006,72.198,75.62,78.232,80.594,82.048,83.394,84.55,85.762,86.602,87.116,87.988,88.386,89.264,89.788,90.408,90.808,91.114,91.556,92.004,92.484,92.574,92.968,93.322,93.642,93.894,93.948,94.396,94.552,94.614,94.86,94.914,95.366,95.462,95.55,95.67,95.858,95.96,96.122,96.326,96.422,96.4,96.496,96.676,96.704,96.806,97.006,96.896,97.226,97.104,97.21,97.308,97.41,97.474,97.504,97.552,97.516,97.676,97.654,97.766,97.884,97.808,97.796,97.878,97.962,98.092,98.074,98.122,98.162,98.162,98.178,98.172,98.25,98.412,98.226,98.378,98.308,98.382,98.44,98.448,98.432,98.524,98.552,98.502,98.41,98.614,98.606,98.532,98.548,98.692,98.508,98.706,98.646,98.75,98.762

val_acc1
18.99,26.12,27.62,44.65,53.72,53.36,62.4,75.0,71.41,75.89,77.58,77.48,78.01,75.0,83.69,84.23,82.95,83.79,81.95,84.89,81.82,85.78,81.33,84.71,85.63,86.83,85.52,86.82,83.44,86.59,76.66,85.93,83.42,89.2,85.86,87.95,87.82,84.64,88.64,87.34,84.91,89.69,88.13,85.27,87.62,88.97,87.7,84.88,87.28,89.39,89.65,87.18,89.4,88.6,85.63,87.59,87.73,85.04,88.73,89.6,89.06,88.3,89.79,89.45,89.46,89.65,89.16,89.79,86.5,88.36,86.82,90.18,89.74,89.86,89.35,89.2,90.06,88.74,89.5,88.72,88.97,90.79,89.71,83.73,90.33,89.56,89.87,89.14,89.85,89.29,89.29,89.65,88.36,89.85,88.11,89.49,89.42,89.48,89.73,90.65
12.37,23.11,31.72,44.33,47.13,61.06,65.35,72.18,68.68,74.62,76.76,81.18,80.28,80.69,83.26,82.51,78.27,81.32,78.14,85.46,79.58,85.4,84.0,85.98,86.96,86.24,85.69,86.51,84.88,87.87,84.9,85.43,85.9,85.66,85.6,85.62,87.49,88.61,88.85,87.95,87.06,88.56,86.4,83.56,88.51,85.3,88.24,85.85,89.4,86.99,89.01,87.96,88.71,88.63,86.2,87.99,88.42,89.55,87.86,88.17,89.7,89.79,86.42,88.81,89.19,89.75,88.38,88.03,89.08,89.75,87.48,88.25,87.13,89.84,84.39,89.19,88.49,89.07,89.11,89.03,90.41,88.86,88.4,89.2,87.72,88.62,89.56,89.64,89.6,89.9,89.6,89.54,88.61,89.43,87.9,89.98,88.74,89.49,88.91,88.37

val_loss
2.308,1.973,2.603,1.739,1.317,1.435,1.147,0.73,0.985,0.75,0.689,0.723,0.749,0.856,0.535,0.503,0.581,0.53,0.659,0.504,0.633,0.476,0.703,0.515,0.501,0.449,0.544,0.47,0.691,0.488,1.242,0.518,0.629,0.386,0.594,0.477,0.467,0.609,0.422,0.497,0.615,0.401,0.5,0.649,0.535,0.448,0.535,0.713,0.542,0.459,0.483,0.578,0.47,0.517,0.63,0.578,0.519,0.785,0.47,0.501,0.461,0.517,0.466,0.502,0.484,0.433,0.551,0.46,0.715,0.593,0.704,0.48,0.499,0.469,0.538,0.597,0.454,0.619,0.6,0.614,0.589,0.445,0.537,0.897,0.516,0.556,0.459,0.545,0.543,0.533,0.542,0.617,0.638,0.546,0.632,0.492,0.609,0.538,0.527,0.506
2.272,2.023,1.88,1.492,1.912,1.21,1.031,0.8,1.051,0.802,0.703,0.569,0.63,0.633,0.522,0.574,0.741,0.589,0.881,0.474,0.74,0.5,0.525,0.457,0.436,0.464,0.497,0.519,0.532,0.424,0.57,0.54,0.497,0.547,0.549,0.564,0.46,0.441,0.42,0.47,0.507,0.443,0.586,0.699,0.484,0.66,0.488,0.573,0.447,0.535,0.486,0.523,0.468,0.488,0.581,0.539,0.533,0.443,0.612,0.506,0.445,0.473,0.649,0.515,0.505,0.451,0.545,0.556,0.519,0.475,0.618,0.58,0.63,0.483,1.092,0.532,0.53,0.529,0.569,0.5,0.475,0.585,0.578,0.554,0.779,0.583,0.558,0.527,0.569,0.544,0.516,0.657,0.667,0.57,0.716,0.547,0.643,0.601,0.574,0.641

learning_rate
0.01,0.01,0.01,0.01,0.01,0.01,0.01,0.01,0.01,0.01,0.01,0.01,0.01,0.01,0.01,0.01,0.01,0.01,0.01,0.01,0.01,0.01,0.01,0.01,0.01,0.01,0.01,0.01,0.01,0.01,0.01,0.01,0.01,0.01,0.01,0.01,0.01,0.01,0.01,0.01,0.01,0.01,0.01,0.01,0.01,0.01,0.01,0.01,0.01,0.01,0.01,0.01,0.01,0.01,0.01,0.01,0.01,0.01,0.01,0.01,0.01,0.01,0.01,0.01,0.01,0.01,0.01,0.01,0.01,0.01,0.01,0.01,0.01,0.01,0.01,0.01,0.01,0.01,0.01,0.01,0.01,0.01,0.01,0.01,0.01,0.01,0.01,0.01,0.01,0.01,0.01,0.01,0.01,0.01,0.01,0.01,0.01,0.01,0.01,0.01
0.01,0.01,0.01,0.01,0.01,0.01,0.01,0.01,0.01,0.01,0.01,0.01,0.01,0.01,0.01,0.01,0.01,0.01,0.01,0.01,0.01,0.01,0.01,0.01,0.01,0.01,0.01,0.01,0.01,0.01,0.01,0.01,0.01,0.01,0.01,0.01,0.01,0.01,0.01,0.01,0.01,0.01,0.01,0.01,0.01,0.01,0.01,0.01,0.01,0.01,0.01,0.01,0.01,0.01,0.01,0.01,0.01,0.01,0.01,0.01,0.01,0.01,0.01,0.01,0.01,0.01,0.01,0.01,0.01,0.01,0.01,0.01,0.01,0.01,0.01,0.01,0.01,0.01,0.01,0.01,0.01,0.01,0.01,0.01,0.01,0.01,0.01,0.01,0.01,0.01,0.01,0.01,0.01,0.01,0.01,0.01,0.01,0.01,0.01,0.01

