parameters
rmsprop_lr:0.005
rmsprop_momentum:0
rmsprop_alpha:0.99
rmsprop_eps:1e-8
rmsprop_centered:True
rmsprop_weight_decay:0
architecture:vgg19bn_
dataset:cifar10
combine_datasets:False
do_validation_set:False
epochs:100
batch_size:128
test_set_split:0.1666667
validation_set_split:0.0
reduce_train_set:1
executions:2
base_seed:1230
training_method:rmsprop
learning_method:constant

train_loss
2.492,1.948,1.61,1.331,1.056,0.889,0.785,0.702,0.64,0.58,0.529,0.491,0.458,0.426,0.393,0.378,0.354,0.338,0.31,0.298,0.276,0.264,0.252,0.235,0.225,0.213,0.209,0.195,0.185,0.174,0.165,0.162,0.154,0.147,0.142,0.135,0.132,0.124,0.121,0.117,0.113,0.108,0.103,0.102,0.094,0.093,0.094,0.09,0.085,0.085,0.084,0.076,0.076,0.077,0.072,0.076,0.069,0.066,0.067,0.063,0.064,0.065,0.058,0.062,0.061,0.057,0.055,0.053,0.057,0.053,0.056,0.049,0.05,0.047,0.049,0.047,0.048,0.047,0.049,0.041,0.043,0.045,0.044,0.043,0.04,0.043,0.039,0.04,0.04,0.043,0.037,0.038,0.035,0.038,0.034,0.037,0.036,0.032,0.035,0.034
2.481,1.941,1.758,1.503,1.279,1.076,0.933,0.81,0.716,0.646,0.585,0.537,0.493,0.457,0.426,0.402,0.372,0.357,0.331,0.313,0.294,0.283,0.267,0.25,0.239,0.226,0.221,0.205,0.195,0.179,0.179,0.171,0.161,0.156,0.149,0.144,0.137,0.128,0.127,0.126,0.119,0.112,0.108,0.108,0.102,0.1,0.096,0.093,0.093,0.089,0.083,0.084,0.08,0.079,0.076,0.073,0.074,0.069,0.071,0.066,0.064,0.064,0.062,0.062,0.061,0.058,0.057,0.056,0.057,0.056,0.052,0.054,0.053,0.05,0.048,0.048,0.05,0.048,0.047,0.044,0.044,0.043,0.042,0.044,0.043,0.038,0.039,0.043,0.039,0.038,0.041,0.038,0.039,0.035,0.036,0.036,0.036,0.035,0.034,0.036

train_acc1
11.21,22.908,35.394,49.566,61.616,68.64,72.65,75.978,78.624,80.85,82.626,83.852,85.052,86.114,87.118,87.552,88.5,89.014,89.994,90.406,91.002,91.416,91.692,92.322,92.634,93.052,93.14,93.726,93.94,94.394,94.62,94.74,94.976,95.144,95.458,95.57,95.696,95.968,96.132,96.306,96.314,96.472,96.528,96.824,96.976,96.89,97.0,97.14,97.246,97.298,97.278,97.502,97.576,97.636,97.62,97.572,97.722,97.79,97.888,97.934,97.946,97.976,98.146,97.95,98.054,98.196,98.272,98.334,98.198,98.306,98.27,98.41,98.392,98.516,98.404,98.442,98.426,98.556,98.544,98.686,98.666,98.532,98.632,98.626,98.7,98.63,98.774,98.71,98.696,98.684,98.846,98.752,98.87,98.736,98.87,98.864,98.844,98.95,98.882,98.984
11.986,22.816,31.362,42.026,53.094,61.836,67.482,71.86,75.378,78.072,80.508,81.89,83.52,84.912,85.944,86.824,87.71,88.194,89.16,89.758,90.36,90.778,91.228,91.882,92.046,92.548,92.674,93.164,93.534,94.044,94.026,94.468,94.674,94.834,95.024,95.402,95.56,95.77,95.796,95.844,96.058,96.408,96.356,96.398,96.622,96.734,96.834,96.928,96.924,97.18,97.314,97.258,97.424,97.426,97.52,97.656,97.67,97.752,97.704,97.772,97.856,97.922,98.022,97.974,98.028,98.104,98.172,98.162,98.186,98.188,98.338,98.284,98.312,98.408,98.464,98.378,98.424,98.432,98.49,98.558,98.622,98.652,98.642,98.594,98.632,98.754,98.748,98.652,98.774,98.806,98.718,98.798,98.794,98.904,98.86,98.86,98.794,98.856,98.902,98.848

val_acc1
11.21,26.53,36.48,49.43,51.95,64.71,68.66,72.58,72.72,74.51,76.59,80.83,81.78,83.5,84.39,82.25,83.44,84.41,85.73,85.29,83.72,85.74,82.49,86.99,85.91,86.74,86.29,85.74,85.73,87.54,86.43,86.86,85.66,86.75,85.46,86.13,88.59,87.79,87.47,87.82,88.52,88.29,88.44,84.25,88.71,82.44,88.45,89.15,88.31,88.72,88.61,88.98,88.23,88.9,88.46,88.82,89.42,89.26,89.36,89.28,88.37,89.7,88.76,89.33,89.08,88.59,89.57,86.78,88.66,89.91,89.97,89.11,89.94,89.93,89.47,89.08,89.81,86.85,89.5,90.04,89.58,89.47,89.54,88.41,90.07,90.59,89.17,88.78,90.62,89.3,90.23,89.62,89.68,89.58,89.62,90.28,90.09,90.13,89.26,90.4
19.62,23.32,28.67,33.81,55.02,64.5,68.12,69.72,69.05,72.88,74.64,80.37,81.02,80.37,80.43,80.17,81.1,83.17,85.32,86.12,81.51,85.94,84.63,83.96,86.99,87.61,87.44,87.66,85.97,85.35,84.42,85.91,86.07,87.82,88.47,88.78,84.16,87.95,87.91,88.77,87.26,87.9,87.62,87.56,88.24,88.17,88.14,88.7,89.25,88.36,89.04,87.49,89.5,89.58,84.98,89.19,87.62,89.25,88.84,89.26,89.57,89.25,89.19,87.79,88.51,89.88,88.83,88.98,89.18,89.44,89.78,88.59,88.13,89.78,89.51,90.18,84.82,88.85,90.25,89.35,90.02,89.83,88.13,86.19,89.6,89.78,90.33,89.4,89.31,89.52,90.51,90.01,89.38,90.13,90.26,88.38,90.0,89.87,89.99,89.97

val_loss
2.515,1.995,1.736,1.435,1.368,1.072,0.908,0.831,0.866,0.766,0.749,0.585,0.578,0.529,0.5,0.58,0.554,0.507,0.494,0.474,0.555,0.487,0.6,0.445,0.478,0.448,0.494,0.531,0.532,0.428,0.481,0.496,0.557,0.516,0.602,0.559,0.437,0.469,0.463,0.505,0.476,0.463,0.47,0.7,0.517,0.899,0.469,0.442,0.489,0.457,0.501,0.506,0.578,0.5,0.597,0.484,0.479,0.482,0.476,0.497,0.592,0.473,0.526,0.471,0.487,0.508,0.502,0.676,0.574,0.454,0.486,0.535,0.522,0.497,0.482,0.51,0.488,0.707,0.489,0.471,0.545,0.565,0.496,0.676,0.51,0.455,0.595,0.635,0.461,0.595,0.479,0.505,0.573,0.627,0.561,0.511,0.54,0.534,0.576,0.527
2.223,1.983,2.138,2.2,1.282,1.027,0.928,0.875,1.048,0.831,0.813,0.59,0.576,0.65,0.644,0.631,0.642,0.51,0.483,0.456,0.619,0.461,0.489,0.54,0.44,0.418,0.421,0.425,0.494,0.571,0.558,0.521,0.537,0.459,0.445,0.41,0.73,0.48,0.476,0.414,0.533,0.451,0.496,0.56,0.491,0.503,0.503,0.482,0.413,0.514,0.457,0.581,0.424,0.431,0.636,0.452,0.573,0.487,0.505,0.492,0.467,0.493,0.496,0.55,0.531,0.474,0.632,0.535,0.568,0.518,0.503,0.579,0.536,0.507,0.532,0.468,0.896,0.513,0.464,0.5,0.48,0.466,0.652,0.738,0.536,0.549,0.468,0.523,0.558,0.527,0.461,0.466,0.576,0.513,0.505,0.63,0.552,0.535,0.589,0.542

learning_rate
0.005,0.005,0.005,0.005,0.005,0.005,0.005,0.005,0.005,0.005,0.005,0.005,0.005,0.005,0.005,0.005,0.005,0.005,0.005,0.005,0.005,0.005,0.005,0.005,0.005,0.005,0.005,0.005,0.005,0.005,0.005,0.005,0.005,0.005,0.005,0.005,0.005,0.005,0.005,0.005,0.005,0.005,0.005,0.005,0.005,0.005,0.005,0.005,0.005,0.005,0.005,0.005,0.005,0.005,0.005,0.005,0.005,0.005,0.005,0.005,0.005,0.005,0.005,0.005,0.005,0.005,0.005,0.005,0.005,0.005,0.005,0.005,0.005,0.005,0.005,0.005,0.005,0.005,0.005,0.005,0.005,0.005,0.005,0.005,0.005,0.005,0.005,0.005,0.005,0.005,0.005,0.005,0.005,0.005,0.005,0.005,0.005,0.005,0.005,0.005
0.005,0.005,0.005,0.005,0.005,0.005,0.005,0.005,0.005,0.005,0.005,0.005,0.005,0.005,0.005,0.005,0.005,0.005,0.005,0.005,0.005,0.005,0.005,0.005,0.005,0.005,0.005,0.005,0.005,0.005,0.005,0.005,0.005,0.005,0.005,0.005,0.005,0.005,0.005,0.005,0.005,0.005,0.005,0.005,0.005,0.005,0.005,0.005,0.005,0.005,0.005,0.005,0.005,0.005,0.005,0.005,0.005,0.005,0.005,0.005,0.005,0.005,0.005,0.005,0.005,0.005,0.005,0.005,0.005,0.005,0.005,0.005,0.005,0.005,0.005,0.005,0.005,0.005,0.005,0.005,0.005,0.005,0.005,0.005,0.005,0.005,0.005,0.005,0.005,0.005,0.005,0.005,0.005,0.005,0.005,0.005,0.005,0.005,0.005,0.005

