parameters
rmsprop_lr:0.001
rmsprop_momentum:0
rmsprop_alpha:0.99
rmsprop_eps:1e-8
rmsprop_centered:False
rmsprop_weight_decay:0
architecture:vgg19bn_
dataset:cifar10
combine_datasets:False
do_validation_set:False
epochs:100
batch_size:128
test_set_split:0.1666667
validation_set_split:0.0
reduce_train_set:1
executions:2
base_seed:1230
training_method:rmsprop
learning_method:constant

train_loss
2.111,1.733,1.446,1.213,1.029,0.865,0.756,0.678,0.619,0.563,0.519,0.482,0.447,0.419,0.387,0.372,0.342,0.327,0.309,0.291,0.271,0.26,0.245,0.227,0.216,0.21,0.199,0.185,0.172,0.164,0.158,0.152,0.141,0.135,0.13,0.124,0.119,0.112,0.109,0.106,0.1,0.096,0.092,0.089,0.085,0.085,0.079,0.077,0.076,0.072,0.07,0.067,0.065,0.064,0.063,0.059,0.059,0.058,0.057,0.052,0.056,0.052,0.05,0.05,0.048,0.048,0.045,0.044,0.045,0.045,0.044,0.041,0.041,0.039,0.039,0.038,0.039,0.037,0.036,0.038,0.038,0.036,0.035,0.034,0.033,0.034,0.031,0.034,0.033,0.029,0.03,0.03,0.029,0.029,0.029,0.029,0.028,0.03,0.027,0.027
2.002,1.64,1.357,1.113,0.942,0.809,0.718,0.651,0.596,0.545,0.505,0.465,0.436,0.406,0.38,0.362,0.333,0.319,0.298,0.281,0.263,0.252,0.241,0.225,0.213,0.201,0.19,0.183,0.166,0.162,0.158,0.147,0.142,0.135,0.129,0.122,0.119,0.111,0.107,0.106,0.102,0.095,0.094,0.091,0.086,0.083,0.079,0.079,0.077,0.071,0.072,0.068,0.066,0.064,0.064,0.061,0.061,0.057,0.056,0.055,0.052,0.052,0.051,0.05,0.05,0.048,0.047,0.047,0.045,0.044,0.043,0.041,0.043,0.041,0.04,0.039,0.04,0.04,0.035,0.037,0.035,0.036,0.035,0.033,0.035,0.032,0.032,0.032,0.032,0.033,0.032,0.029,0.032,0.032,0.03,0.03,0.029,0.028,0.03,0.027

train_acc1
17.384,31.676,43.108,55.34,62.944,69.466,73.754,76.534,79.054,81.088,82.63,83.906,85.026,86.046,87.176,87.646,88.654,89.042,89.674,90.252,90.926,91.28,91.79,92.412,92.844,92.996,93.284,93.778,94.136,94.56,94.706,94.842,95.23,95.492,95.67,95.792,95.98,96.202,96.396,96.408,96.586,96.862,96.928,97.06,97.126,97.204,97.386,97.434,97.432,97.612,97.608,97.772,97.75,97.876,97.896,98.024,98.034,98.116,98.13,98.256,98.206,98.248,98.298,98.386,98.402,98.406,98.546,98.572,98.516,98.45,98.596,98.68,98.682,98.698,98.78,98.692,98.744,98.738,98.856,98.724,98.814,98.842,98.87,98.904,98.928,98.874,98.936,98.94,98.904,99.044,98.978,99.044,99.004,99.034,99.032,99.084,99.08,98.982,99.116,99.112
21.48,35.85,48.91,60.146,66.736,72.004,75.092,77.636,79.928,81.622,83.08,84.374,85.458,86.622,87.256,87.774,88.714,89.264,90.016,90.666,91.19,91.608,92.068,92.52,92.908,93.316,93.598,93.944,94.458,94.52,94.716,95.05,95.182,95.49,95.742,95.914,95.98,96.3,96.462,96.492,96.572,96.888,96.914,97.036,97.154,97.272,97.42,97.42,97.47,97.658,97.616,97.7,97.73,97.812,97.914,98.03,97.992,98.086,98.122,98.19,98.276,98.266,98.358,98.406,98.366,98.45,98.474,98.522,98.558,98.556,98.65,98.652,98.564,98.674,98.722,98.724,98.738,98.772,98.806,98.826,98.838,98.866,98.824,98.918,98.81,98.924,98.928,98.934,98.984,98.894,99.006,99.044,98.934,99.022,99.032,99.054,99.056,99.05,99.06,99.192

val_acc1
23.15,31.84,33.81,44.92,58.75,67.13,62.23,73.0,75.24,73.36,77.31,81.98,82.15,80.99,83.42,84.47,78.03,82.84,82.65,85.46,84.17,85.78,86.57,84.35,86.05,86.53,87.27,88.07,87.97,87.05,87.55,84.93,84.54,86.34,89.11,88.88,87.95,87.97,88.55,86.28,89.16,88.7,88.38,86.62,90.11,89.46,89.52,88.93,87.96,89.96,88.18,89.49,89.17,89.78,85.94,89.0,88.07,89.79,87.38,89.59,89.64,90.13,89.67,90.06,90.22,90.44,89.7,89.79,90.03,89.11,90.3,90.57,90.33,90.52,90.1,90.37,89.29,90.26,89.9,90.01,89.97,90.5,90.15,90.71,90.42,90.16,90.07,90.96,89.49,90.65,90.22,90.52,89.92,91.05,90.27,90.49,90.58,89.85,90.4,90.6
26.97,31.89,49.69,52.2,56.58,66.74,70.2,76.01,72.1,73.36,75.28,80.64,82.19,79.04,84.19,82.82,82.68,81.85,84.18,85.81,81.66,86.86,86.5,85.47,87.56,87.74,88.41,87.98,86.86,86.08,88.4,86.05,87.44,87.51,87.56,89.09,88.91,90.04,88.58,89.61,88.0,89.32,89.04,88.91,89.7,89.0,89.64,88.01,89.77,88.56,88.99,90.4,89.48,89.11,89.25,89.49,89.52,90.17,90.18,89.76,90.05,89.05,90.4,89.88,90.74,90.55,89.81,89.83,89.51,90.19,88.7,90.1,89.81,90.24,90.01,90.5,90.43,90.51,90.09,90.8,90.35,90.91,90.59,90.1,90.22,90.49,90.72,90.26,88.54,90.96,90.76,90.2,90.53,90.11,88.85,88.64,90.92,90.27,89.7,90.52

val_loss
3.198,1.862,2.155,1.857,1.117,1.0,1.124,0.805,0.765,0.837,0.714,0.545,0.562,0.621,0.518,0.482,0.785,0.568,0.569,0.489,0.537,0.489,0.431,0.55,0.474,0.444,0.445,0.413,0.428,0.48,0.413,0.592,0.622,0.545,0.402,0.445,0.495,0.497,0.433,0.559,0.43,0.457,0.506,0.582,0.417,0.465,0.436,0.457,0.545,0.436,0.537,0.482,0.482,0.437,0.735,0.497,0.535,0.454,0.634,0.543,0.445,0.436,0.481,0.497,0.421,0.406,0.512,0.525,0.461,0.56,0.513,0.458,0.459,0.447,0.505,0.512,0.512,0.492,0.544,0.509,0.469,0.467,0.466,0.468,0.514,0.506,0.562,0.502,0.54,0.497,0.512,0.49,0.516,0.472,0.533,0.499,0.511,0.537,0.526,0.524
1.868,2.519,1.359,1.557,1.33,0.957,0.875,0.729,0.919,0.856,0.796,0.581,0.548,0.717,0.503,0.57,0.559,0.585,0.507,0.458,0.659,0.444,0.447,0.505,0.428,0.406,0.381,0.416,0.5,0.52,0.406,0.532,0.447,0.462,0.461,0.407,0.456,0.38,0.446,0.392,0.435,0.435,0.463,0.456,0.408,0.458,0.418,0.485,0.444,0.485,0.489,0.407,0.463,0.495,0.484,0.484,0.468,0.448,0.446,0.447,0.453,0.551,0.459,0.488,0.406,0.445,0.518,0.505,0.508,0.428,0.563,0.476,0.485,0.47,0.46,0.461,0.432,0.443,0.5,0.461,0.489,0.439,0.466,0.563,0.52,0.526,0.467,0.549,0.588,0.454,0.462,0.567,0.461,0.549,0.611,0.629,0.453,0.466,0.582,0.517

learning_rate
0.001,0.001,0.001,0.001,0.001,0.001,0.001,0.001,0.001,0.001,0.001,0.001,0.001,0.001,0.001,0.001,0.001,0.001,0.001,0.001,0.001,0.001,0.001,0.001,0.001,0.001,0.001,0.001,0.001,0.001,0.001,0.001,0.001,0.001,0.001,0.001,0.001,0.001,0.001,0.001,0.001,0.001,0.001,0.001,0.001,0.001,0.001,0.001,0.001,0.001,0.001,0.001,0.001,0.001,0.001,0.001,0.001,0.001,0.001,0.001,0.001,0.001,0.001,0.001,0.001,0.001,0.001,0.001,0.001,0.001,0.001,0.001,0.001,0.001,0.001,0.001,0.001,0.001,0.001,0.001,0.001,0.001,0.001,0.001,0.001,0.001,0.001,0.001,0.001,0.001,0.001,0.001,0.001,0.001,0.001,0.001,0.001,0.001,0.001,0.001
0.001,0.001,0.001,0.001,0.001,0.001,0.001,0.001,0.001,0.001,0.001,0.001,0.001,0.001,0.001,0.001,0.001,0.001,0.001,0.001,0.001,0.001,0.001,0.001,0.001,0.001,0.001,0.001,0.001,0.001,0.001,0.001,0.001,0.001,0.001,0.001,0.001,0.001,0.001,0.001,0.001,0.001,0.001,0.001,0.001,0.001,0.001,0.001,0.001,0.001,0.001,0.001,0.001,0.001,0.001,0.001,0.001,0.001,0.001,0.001,0.001,0.001,0.001,0.001,0.001,0.001,0.001,0.001,0.001,0.001,0.001,0.001,0.001,0.001,0.001,0.001,0.001,0.001,0.001,0.001,0.001,0.001,0.001,0.001,0.001,0.001,0.001,0.001,0.001,0.001,0.001,0.001,0.001,0.001,0.001,0.001,0.001,0.001,0.001,0.001

