parameters
sgd_lr:2
sgd_momentum:0.9
sgd_weight_decay:0
sgd_dampening:0
sgd_nesterov:True
architecture:vgg19bn_
dataset:cifar10
combine_datasets:False
do_validation_set:False
epochs:100
batch_size:128
test_set_split:0.1666667
validation_set_split:0.0
reduce_train_set:1
executions:2
base_seed:1230
training_method:sgd
learning_method:constant

train_loss
3.578,2.388,2.321,2.323,2.347,2.321,2.321,2.32,2.321,2.322,2.322,2.323,2.321,2.322,2.321,2.322,2.32,2.322,2.32,2.32,2.321,2.322,2.322,2.32,2.32,2.322,2.321,2.321,2.321,2.321,2.322,2.321,2.321,2.322,2.322,2.322,2.321,2.321,2.32,2.322,2.32,2.322,2.322,2.322,2.321,2.32,2.322,2.321,2.322,2.322,2.323,2.322,2.322,2.323,2.323,2.321,2.322,2.323,2.323,2.321,2.322,2.323,2.32,2.322,2.321,2.322,2.323,2.321,2.321,2.321,2.322,2.322,2.322,2.322,2.322,2.321,2.322,2.322,2.321,2.321,2.322,2.321,2.322,2.321,2.322,2.322,2.321,2.322,2.322,2.322,2.321,2.322,2.322,2.321,2.321,2.323,2.322,2.322,2.321,2.321
3.64,2.322,2.353,2.323,2.323,2.321,2.321,2.32,2.321,2.322,2.322,2.323,2.321,2.322,2.321,2.322,2.32,2.322,2.32,2.32,2.321,2.322,2.322,2.32,2.32,2.322,2.321,2.321,2.321,2.321,2.322,2.321,2.321,2.322,2.322,2.322,2.321,2.321,2.32,2.322,2.32,2.322,2.322,2.322,2.321,2.32,2.322,2.321,2.322,2.322,2.323,2.322,2.322,2.323,2.323,2.321,2.322,2.323,2.323,2.321,2.322,2.323,2.32,2.322,2.321,2.322,2.323,2.321,2.321,2.321,2.322,2.322,2.322,2.322,2.322,2.321,2.322,2.322,2.321,2.321,2.322,2.321,2.322,2.321,2.322,2.322,2.321,2.322,2.322,2.322,2.321,2.322,2.322,2.321,2.321,2.323,2.322,2.322,2.321,2.321

train_acc1
10.106,9.888,9.944,9.79,9.662,9.96,10.118,10.082,9.862,10.038,9.996,9.712,9.968,10.21,9.9,9.88,10.142,9.908,10.002,9.886,10.114,10.078,10.052,9.96,10.302,10.058,10.146,10.084,9.778,10.064,9.932,9.818,9.794,9.964,9.93,9.898,10.272,10.122,10.162,10.018,10.114,10.12,9.924,10.194,10.298,9.966,10.108,10.154,9.782,9.9,9.944,10.166,10.068,10.042,9.984,10.01,9.99,10.192,9.896,10.224,9.88,9.93,10.108,9.896,9.776,9.89,9.958,10.326,9.982,9.882,9.946,9.998,9.894,9.97,9.86,9.716,10.056,9.878,9.624,9.868,10.066,9.884,9.904,9.904,9.97,9.944,10.16,9.988,10.002,9.822,10.038,9.79,10.094,10.078,9.844,10.22,10.012,10.02,10.072,9.856
10.036,9.834,9.984,9.79,9.648,9.96,10.118,10.082,9.862,10.038,9.996,9.712,9.968,10.21,9.9,9.88,10.142,9.908,10.002,9.886,10.114,10.078,10.052,9.96,10.332,10.058,10.146,10.084,9.778,10.064,9.932,9.818,9.794,9.964,9.93,9.898,10.272,10.122,10.162,10.018,10.114,10.12,9.924,10.194,10.298,9.966,10.108,10.154,9.782,9.9,9.944,10.166,10.068,10.042,9.984,10.01,9.99,10.192,9.896,10.224,9.88,9.93,10.108,9.896,9.776,9.89,9.958,10.326,9.982,9.882,9.946,9.998,9.894,9.97,9.86,9.716,10.056,9.878,9.624,9.868,10.066,9.884,9.904,9.904,9.97,9.944,10.16,9.988,10.002,9.822,10.038,9.79,10.094,10.078,9.844,10.22,10.012,10.02,10.072,9.856

val_acc1
10.02,10.0,9.96,9.96,10.04,10.0,10.03,10.01,10.03,10.01,10.01,10.0,9.99,10.0,10.0,10.01,9.99,9.78,9.99,10.01,10.0,9.97,9.95,10.0,9.97,10.0,9.78,10.01,9.95,10.03,9.97,10.02,10.0,9.79,10.01,10.01,10.01,10.03,9.99,9.98,10.04,9.99,10.01,9.97,9.97,9.99,10.01,9.97,9.97,9.78,10.01,9.98,10.01,9.99,9.97,9.99,10.03,9.95,10.0,10.01,10.0,9.98,9.96,10.01,9.84,10.01,9.95,9.97,9.97,9.97,9.99,10.01,9.99,9.95,9.97,9.99,9.99,10.0,9.96,9.99,10.0,10.04,9.98,10.01,9.99,10.04,10.0,10.01,10.02,9.99,9.77,10.01,9.99,10.04,10.0,9.97,9.99,10.03,9.98,10.04
10.01,10.0,10.0,10.0,10.0,9.99,10.0,10.0,10.02,10.02,10.0,9.99,10.0,10.0,10.0,10.0,10.0,9.94,10.0,10.0,10.0,10.0,10.0,10.0,10.0,10.02,9.93,10.0,10.0,10.01,10.0,10.02,10.0,9.92,10.0,10.0,10.0,10.01,10.0,10.0,10.04,10.0,10.0,10.0,10.0,10.0,10.0,10.0,10.0,9.91,10.0,10.0,10.0,10.0,10.0,10.0,10.02,10.0,9.99,10.0,10.02,10.02,10.0,10.02,9.95,10.0,10.0,10.0,10.0,10.0,10.0,10.02,10.0,10.0,10.0,10.0,10.0,10.0,10.0,10.0,10.02,10.02,10.0,10.0,10.02,10.02,10.0,10.0,10.02,10.0,9.92,10.0,10.0,10.0,10.03,10.0,10.0,10.02,10.0,10.02

val_loss
3.159,2.766,3.37,3.276,4.096,3.32,2.961,3.658,3.845,3.568,3.353,3.993,2.903,4.008,3.4,3.425,3.493,3.602,3.143,3.322,3.073,4.164,3.67,3.551,3.162,3.984,3.93,3.022,3.494,3.89,4.34,4.415,3.441,3.695,3.221,3.105,2.894,3.846,2.984,3.54,4.479,3.512,3.088,3.207,3.085,4.771,3.345,3.286,3.588,3.679,3.281,3.428,3.33,3.573,3.253,3.234,3.958,3.522,3.623,3.76,4.039,3.451,3.369,3.917,3.076,3.751,3.933,3.435,3.466,3.286,2.971,3.612,3.586,3.681,3.457,3.687,3.167,3.451,3.522,3.071,3.759,4.474,3.565,3.451,3.591,3.849,3.767,3.608,4.877,3.175,3.672,3.227,2.804,3.933,3.867,3.318,3.012,4.244,3.487,4.324
2.347,2.347,2.39,2.348,2.381,2.359,2.346,2.346,2.411,2.388,2.354,2.357,2.333,2.385,2.344,2.354,2.353,2.389,2.333,2.349,2.333,2.394,2.363,2.362,2.335,2.383,2.368,2.328,2.364,2.343,2.444,2.417,2.362,2.383,2.369,2.356,2.343,2.37,2.338,2.366,2.461,2.349,2.335,2.365,2.336,2.492,2.36,2.364,2.361,2.388,2.35,2.355,2.355,2.364,2.347,2.336,2.408,2.38,2.347,2.348,2.376,2.367,2.356,2.405,2.343,2.353,2.383,2.343,2.34,2.337,2.344,2.379,2.369,2.356,2.346,2.36,2.336,2.368,2.343,2.345,2.368,2.415,2.357,2.354,2.378,2.385,2.363,2.375,2.408,2.327,2.382,2.339,2.349,2.37,2.377,2.356,2.344,2.4,2.337,2.423

learning_rate
2.0,2.0,2.0,2.0,2.0,2.0,2.0,2.0,2.0,2.0,2.0,2.0,2.0,2.0,2.0,2.0,2.0,2.0,2.0,2.0,2.0,2.0,2.0,2.0,2.0,2.0,2.0,2.0,2.0,2.0,2.0,2.0,2.0,2.0,2.0,2.0,2.0,2.0,2.0,2.0,2.0,2.0,2.0,2.0,2.0,2.0,2.0,2.0,2.0,2.0,2.0,2.0,2.0,2.0,2.0,2.0,2.0,2.0,2.0,2.0,2.0,2.0,2.0,2.0,2.0,2.0,2.0,2.0,2.0,2.0,2.0,2.0,2.0,2.0,2.0,2.0,2.0,2.0,2.0,2.0,2.0,2.0,2.0,2.0,2.0,2.0,2.0,2.0,2.0,2.0,2.0,2.0,2.0,2.0,2.0,2.0,2.0,2.0,2.0,2.0
2.0,2.0,2.0,2.0,2.0,2.0,2.0,2.0,2.0,2.0,2.0,2.0,2.0,2.0,2.0,2.0,2.0,2.0,2.0,2.0,2.0,2.0,2.0,2.0,2.0,2.0,2.0,2.0,2.0,2.0,2.0,2.0,2.0,2.0,2.0,2.0,2.0,2.0,2.0,2.0,2.0,2.0,2.0,2.0,2.0,2.0,2.0,2.0,2.0,2.0,2.0,2.0,2.0,2.0,2.0,2.0,2.0,2.0,2.0,2.0,2.0,2.0,2.0,2.0,2.0,2.0,2.0,2.0,2.0,2.0,2.0,2.0,2.0,2.0,2.0,2.0,2.0,2.0,2.0,2.0,2.0,2.0,2.0,2.0,2.0,2.0,2.0,2.0,2.0,2.0,2.0,2.0,2.0,2.0,2.0,2.0,2.0,2.0,2.0,2.0

