parameters
rmsprop_lr:0.0005
rmsprop_momentum:0
rmsprop_alpha:0.99
rmsprop_eps:1e-8
rmsprop_centered:True
rmsprop_weight_decay:0
architecture:vgg19bn_
dataset:cifar10
combine_datasets:False
do_validation_set:False
epochs:100
batch_size:128
test_set_split:0.1666667
validation_set_split:0.0
reduce_train_set:1
executions:2
base_seed:1230
training_method:rmsprop
learning_method:constant

train_loss
1.91,1.513,1.209,1.0,0.869,0.762,0.699,0.637,0.589,0.55,0.506,0.468,0.442,0.41,0.383,0.368,0.344,0.326,0.308,0.293,0.275,0.26,0.25,0.238,0.227,0.216,0.203,0.198,0.184,0.175,0.167,0.16,0.154,0.147,0.141,0.137,0.129,0.121,0.12,0.113,0.112,0.104,0.102,0.097,0.094,0.09,0.085,0.089,0.082,0.08,0.077,0.077,0.072,0.072,0.07,0.065,0.064,0.063,0.06,0.057,0.057,0.058,0.053,0.054,0.052,0.052,0.054,0.048,0.049,0.048,0.047,0.045,0.041,0.041,0.042,0.042,0.042,0.041,0.04,0.038,0.038,0.039,0.036,0.035,0.035,0.035,0.035,0.033,0.033,0.034,0.03,0.032,0.032,0.029,0.031,0.029,0.03,0.03,0.029,0.029
1.895,1.496,1.197,0.961,0.828,0.721,0.653,0.593,0.551,0.509,0.473,0.438,0.415,0.388,0.36,0.344,0.324,0.311,0.288,0.273,0.258,0.247,0.233,0.225,0.21,0.203,0.193,0.182,0.17,0.162,0.159,0.147,0.145,0.139,0.134,0.126,0.123,0.114,0.111,0.106,0.103,0.097,0.098,0.093,0.09,0.085,0.082,0.078,0.077,0.077,0.075,0.071,0.068,0.067,0.064,0.066,0.059,0.06,0.059,0.057,0.052,0.054,0.055,0.051,0.051,0.05,0.049,0.048,0.047,0.042,0.045,0.042,0.041,0.043,0.042,0.038,0.04,0.039,0.037,0.035,0.039,0.038,0.034,0.034,0.035,0.032,0.034,0.032,0.032,0.032,0.031,0.031,0.031,0.03,0.031,0.029,0.028,0.03,0.029,0.026

train_acc1
24.618,40.704,54.362,63.99,69.176,73.496,75.966,78.404,80.252,81.494,83.198,84.366,85.316,86.41,87.318,87.856,88.59,89.138,89.8,90.326,90.792,91.35,91.584,92.174,92.512,92.82,93.256,93.394,93.83,94.174,94.368,94.54,94.878,95.024,95.344,95.302,95.668,95.93,95.948,96.212,96.214,96.52,96.61,96.84,96.862,96.964,97.154,97.148,97.188,97.406,97.348,97.486,97.566,97.672,97.68,97.866,97.826,97.79,97.982,98.108,98.072,98.034,98.282,98.204,98.308,98.296,98.232,98.37,98.394,98.442,98.47,98.51,98.612,98.62,98.6,98.554,98.636,98.678,98.738,98.802,98.774,98.698,98.824,98.774,98.864,98.87,98.816,98.944,98.906,98.916,99.006,98.986,98.956,99.036,99.004,99.02,99.022,99.038,99.048,99.06
25.324,41.022,55.57,65.686,70.806,74.766,77.534,79.794,81.37,82.92,84.108,85.23,86.004,87.146,87.982,88.484,89.252,89.736,90.464,90.994,91.412,91.73,92.142,92.328,92.946,93.126,93.526,93.836,94.396,94.454,94.694,95.04,95.094,95.268,95.514,95.686,95.838,96.092,96.274,96.334,96.51,96.748,96.706,96.896,97.058,97.132,97.192,97.382,97.448,97.454,97.488,97.672,97.748,97.746,97.756,97.854,98.052,97.952,98.052,98.068,98.26,98.18,98.18,98.322,98.312,98.382,98.386,98.368,98.432,98.6,98.468,98.638,98.638,98.606,98.63,98.724,98.642,98.78,98.756,98.828,98.67,98.75,98.896,98.896,98.874,98.896,98.898,98.938,98.936,98.926,98.964,98.948,98.992,99.098,99.002,99.044,99.074,99.046,99.03,99.108

val_acc1
22.89,27.56,49.9,65.74,63.29,65.86,73.5,73.89,73.06,79.84,80.64,78.73,76.84,79.67,82.55,82.02,82.95,83.32,81.99,85.81,85.08,86.77,84.85,85.28,85.24,87.46,87.64,87.76,88.68,85.42,86.72,87.51,86.74,89.16,83.4,88.91,89.22,87.23,88.34,85.8,88.44,88.94,88.98,86.41,90.05,88.7,89.09,89.37,88.61,89.69,89.06,89.44,89.5,89.74,88.38,87.13,88.54,90.07,89.23,89.65,89.62,89.57,89.32,90.15,90.09,89.92,90.29,89.24,89.71,90.05,89.46,90.38,89.65,89.83,88.71,89.76,90.31,90.57,90.51,89.07,90.1,90.4,90.27,89.49,90.75,90.32,90.31,89.78,89.7,90.72,90.27,90.77,90.52,90.13,90.62,90.39,90.44,90.31,87.61,90.69
28.5,39.98,51.51,66.32,69.8,68.38,72.88,79.03,64.31,77.59,78.97,81.48,78.72,82.59,84.14,83.95,83.25,81.95,85.94,85.83,84.44,87.11,86.18,86.19,87.24,88.16,86.72,88.27,87.34,87.08,88.02,86.44,83.6,89.08,88.05,89.1,89.34,88.04,88.3,87.38,89.05,89.62,87.76,86.61,89.49,88.74,88.79,89.66,88.67,90.16,90.14,90.06,89.36,89.69,85.96,88.93,89.8,89.74,89.09,89.23,89.66,87.86,89.45,88.72,89.16,90.29,87.6,87.52,88.56,90.09,90.14,89.98,89.87,89.65,89.33,89.42,90.53,89.46,90.01,89.4,89.62,90.41,90.11,89.78,90.69,89.15,89.62,89.86,90.57,89.99,90.49,89.95,90.31,90.79,90.23,89.88,89.58,89.81,89.63,90.4

val_loss
2.14,2.603,1.349,0.986,1.095,1.086,0.768,0.816,0.893,0.617,0.603,0.65,0.719,0.664,0.559,0.553,0.563,0.532,0.616,0.459,0.498,0.436,0.491,0.499,0.493,0.403,0.429,0.424,0.404,0.543,0.508,0.475,0.474,0.373,0.638,0.4,0.395,0.51,0.434,0.579,0.459,0.421,0.445,0.577,0.409,0.481,0.469,0.423,0.459,0.429,0.488,0.443,0.431,0.444,0.502,0.61,0.475,0.445,0.512,0.468,0.458,0.465,0.462,0.442,0.428,0.458,0.482,0.522,0.457,0.471,0.502,0.449,0.531,0.529,0.516,0.485,0.427,0.461,0.442,0.508,0.525,0.472,0.47,0.526,0.453,0.528,0.512,0.538,0.486,0.466,0.504,0.506,0.52,0.468,0.473,0.507,0.482,0.498,0.733,0.478
1.908,1.62,1.4,0.958,0.888,0.974,0.792,0.623,1.311,0.698,0.646,0.572,0.709,0.561,0.495,0.504,0.537,0.577,0.456,0.46,0.511,0.43,0.459,0.442,0.446,0.399,0.467,0.4,0.483,0.442,0.427,0.509,0.642,0.398,0.42,0.43,0.424,0.49,0.453,0.505,0.417,0.419,0.483,0.57,0.445,0.449,0.48,0.417,0.479,0.415,0.442,0.399,0.47,0.428,0.63,0.486,0.437,0.47,0.503,0.525,0.493,0.652,0.495,0.528,0.482,0.455,0.622,0.649,0.56,0.511,0.484,0.46,0.512,0.525,0.518,0.537,0.458,0.58,0.496,0.565,0.552,0.472,0.495,0.558,0.493,0.597,0.529,0.539,0.488,0.532,0.519,0.505,0.51,0.483,0.507,0.533,0.597,0.579,0.533,0.481

learning_rate
0.0005,0.0005,0.0005,0.0005,0.0005,0.0005,0.0005,0.0005,0.0005,0.0005,0.0005,0.0005,0.0005,0.0005,0.0005,0.0005,0.0005,0.0005,0.0005,0.0005,0.0005,0.0005,0.0005,0.0005,0.0005,0.0005,0.0005,0.0005,0.0005,0.0005,0.0005,0.0005,0.0005,0.0005,0.0005,0.0005,0.0005,0.0005,0.0005,0.0005,0.0005,0.0005,0.0005,0.0005,0.0005,0.0005,0.0005,0.0005,0.0005,0.0005,0.0005,0.0005,0.0005,0.0005,0.0005,0.0005,0.0005,0.0005,0.0005,0.0005,0.0005,0.0005,0.0005,0.0005,0.0005,0.0005,0.0005,0.0005,0.0005,0.0005,0.0005,0.0005,0.0005,0.0005,0.0005,0.0005,0.0005,0.0005,0.0005,0.0005,0.0005,0.0005,0.0005,0.0005,0.0005,0.0005,0.0005,0.0005,0.0005,0.0005,0.0005,0.0005,0.0005,0.0005,0.0005,0.0005,0.0005,0.0005,0.0005,0.0005
0.0005,0.0005,0.0005,0.0005,0.0005,0.0005,0.0005,0.0005,0.0005,0.0005,0.0005,0.0005,0.0005,0.0005,0.0005,0.0005,0.0005,0.0005,0.0005,0.0005,0.0005,0.0005,0.0005,0.0005,0.0005,0.0005,0.0005,0.0005,0.0005,0.0005,0.0005,0.0005,0.0005,0.0005,0.0005,0.0005,0.0005,0.0005,0.0005,0.0005,0.0005,0.0005,0.0005,0.0005,0.0005,0.0005,0.0005,0.0005,0.0005,0.0005,0.0005,0.0005,0.0005,0.0005,0.0005,0.0005,0.0005,0.0005,0.0005,0.0005,0.0005,0.0005,0.0005,0.0005,0.0005,0.0005,0.0005,0.0005,0.0005,0.0005,0.0005,0.0005,0.0005,0.0005,0.0005,0.0005,0.0005,0.0005,0.0005,0.0005,0.0005,0.0005,0.0005,0.0005,0.0005,0.0005,0.0005,0.0005,0.0005,0.0005,0.0005,0.0005,0.0005,0.0005,0.0005,0.0005,0.0005,0.0005,0.0005,0.0005

