parameters
adagrad_lr:0.005
adagrad_learning_decay:0.0
adagrad_weight_decay:0.0
adagrad_initial_acumulator:0.0
architecture:vgg19bn_
dataset:cifar10
combine_datasets:False
do_validation_set:False
epochs:100
batch_size:128
test_set_split:0.1666667
validation_set_split:0.0
reduce_train_set:1.0
executions:2
base_seed:1230
training_method:adagrad
learning_method:constant

train_loss
1.857,1.453,1.203,1.005,0.887,0.784,0.721,0.661,0.622,0.58,0.547,0.516,0.487,0.462,0.438,0.426,0.401,0.382,0.368,0.351,0.337,0.325,0.316,0.304,0.285,0.278,0.264,0.26,0.246,0.238,0.229,0.223,0.215,0.205,0.2,0.194,0.189,0.18,0.172,0.171,0.163,0.159,0.15,0.148,0.144,0.136,0.13,0.129,0.124,0.12,0.121,0.112,0.107,0.108,0.105,0.097,0.095,0.095,0.091,0.084,0.086,0.081,0.08,0.076,0.074,0.072,0.072,0.068,0.068,0.064,0.066,0.062,0.06,0.055,0.056,0.055,0.057,0.052,0.05,0.049,0.051,0.049,0.046,0.046,0.045,0.044,0.046,0.039,0.04,0.041,0.039,0.038,0.036,0.034,0.036,0.037,0.031,0.033,0.035,0.031
1.896,1.487,1.226,1.006,0.858,0.756,0.684,0.63,0.593,0.555,0.521,0.493,0.467,0.443,0.421,0.404,0.389,0.376,0.353,0.34,0.326,0.314,0.306,0.288,0.283,0.271,0.26,0.254,0.237,0.235,0.22,0.215,0.208,0.202,0.199,0.189,0.185,0.176,0.165,0.17,0.156,0.152,0.152,0.147,0.137,0.138,0.128,0.13,0.121,0.119,0.117,0.111,0.106,0.105,0.103,0.098,0.098,0.094,0.088,0.085,0.083,0.085,0.078,0.077,0.076,0.074,0.072,0.072,0.07,0.064,0.066,0.062,0.059,0.06,0.057,0.055,0.056,0.053,0.053,0.05,0.048,0.048,0.044,0.045,0.044,0.044,0.043,0.039,0.041,0.039,0.04,0.035,0.038,0.035,0.037,0.035,0.032,0.035,0.032,0.03

train_acc1
26.578,43.628,55.044,63.278,68.246,72.286,74.93,77.224,78.676,80.226,81.444,82.404,83.612,84.254,85.08,85.614,86.298,86.992,87.548,88.162,88.5,89.078,89.234,89.824,90.304,90.506,90.984,91.24,91.628,91.884,92.318,92.258,92.708,93.0,93.138,93.428,93.62,93.814,94.19,94.214,94.426,94.448,94.91,94.978,95.202,95.324,95.63,95.654,95.824,95.958,95.784,96.178,96.326,96.274,96.378,96.592,96.756,96.758,96.864,97.17,97.052,97.254,97.266,97.38,97.496,97.52,97.592,97.718,97.672,97.89,97.778,97.952,97.894,98.114,98.106,98.142,98.064,98.224,98.282,98.376,98.286,98.302,98.452,98.412,98.472,98.532,98.456,98.71,98.588,98.618,98.61,98.72,98.774,98.834,98.748,98.744,98.94,98.894,98.784,99.008
25.292,42.544,54.582,64.032,69.504,73.458,75.93,77.988,79.468,81.022,82.102,83.19,84.152,84.94,85.562,86.188,86.704,87.174,87.862,88.42,88.822,89.394,89.588,90.246,90.316,90.774,90.914,91.37,91.944,91.932,92.464,92.672,92.91,93.108,93.298,93.65,93.68,93.912,94.352,94.168,94.728,94.712,94.804,94.88,95.312,95.15,95.604,95.402,95.784,95.904,95.95,96.17,96.292,96.352,96.468,96.648,96.66,96.722,97.01,97.066,97.154,97.026,97.288,97.328,97.4,97.512,97.528,97.522,97.608,97.846,97.734,97.82,98.006,97.936,98.062,98.096,98.076,98.17,98.216,98.282,98.376,98.394,98.556,98.502,98.498,98.438,98.51,98.674,98.618,98.638,98.638,98.822,98.668,98.838,98.798,98.776,98.946,98.778,98.96,98.948

val_acc1
26.72,49.48,50.86,59.37,64.75,67.99,71.97,76.73,77.62,78.93,78.7,79.54,80.74,80.03,80.35,80.74,81.87,82.59,82.89,84.74,82.3,84.12,83.62,83.55,85.46,86.14,84.88,85.57,85.76,84.99,86.15,85.94,85.56,86.29,85.73,86.39,86.24,85.82,86.44,86.58,86.27,86.6,86.74,86.14,86.51,87.35,86.6,86.23,86.77,86.66,87.07,86.33,86.87,87.19,86.87,87.2,87.04,87.3,87.33,87.42,87.26,86.98,86.88,87.41,87.63,87.26,87.6,87.58,87.42,87.52,87.43,87.91,86.75,87.58,87.56,87.43,87.39,87.62,87.61,87.11,87.81,87.67,87.33,87.15,87.61,87.68,87.55,87.65,87.66,87.61,87.49,87.88,88.01,87.7,88.07,86.13,87.9,88.11,87.13,88.01
29.44,43.9,55.51,61.12,70.21,70.92,70.78,77.06,78.05,80.19,79.81,79.72,81.77,82.24,81.51,80.21,79.89,82.41,84.03,84.42,82.75,84.43,84.61,83.12,84.65,85.23,84.93,85.77,85.65,85.64,85.76,85.68,84.43,85.72,83.52,85.05,85.33,85.57,85.89,86.7,84.88,86.02,86.34,86.46,86.58,86.01,86.78,86.66,86.49,87.0,86.92,86.27,87.02,86.95,87.06,86.5,86.92,87.28,87.2,87.24,86.34,87.28,87.05,87.37,86.76,87.44,86.91,87.23,87.21,87.0,86.89,87.17,87.17,87.13,87.18,87.25,87.33,87.14,87.19,87.16,87.39,87.52,87.32,87.47,87.56,87.64,87.44,86.73,87.49,87.3,87.26,86.7,87.35,87.7,87.16,87.52,87.71,87.45,86.99,87.53

val_loss
1.873,1.34,1.3,1.157,0.99,0.92,0.82,0.678,0.66,0.624,0.651,0.623,0.584,0.616,0.609,0.593,0.583,0.537,0.548,0.482,0.541,0.5,0.5,0.522,0.459,0.441,0.502,0.476,0.478,0.484,0.447,0.49,0.492,0.473,0.506,0.468,0.466,0.503,0.476,0.477,0.482,0.476,0.488,0.514,0.524,0.478,0.495,0.498,0.504,0.515,0.502,0.524,0.513,0.503,0.524,0.511,0.543,0.513,0.508,0.537,0.54,0.543,0.541,0.524,0.52,0.545,0.534,0.542,0.54,0.562,0.566,0.528,0.594,0.551,0.553,0.588,0.576,0.553,0.581,0.598,0.574,0.577,0.6,0.603,0.582,0.597,0.587,0.603,0.578,0.585,0.607,0.592,0.605,0.618,0.591,0.655,0.602,0.598,0.674,0.61
2.083,1.454,1.198,1.077,0.856,0.837,0.823,0.676,0.645,0.598,0.624,0.61,0.558,0.542,0.574,0.625,0.639,0.548,0.496,0.484,0.53,0.494,0.472,0.546,0.475,0.47,0.493,0.457,0.48,0.473,0.458,0.477,0.534,0.477,0.562,0.52,0.51,0.506,0.498,0.47,0.538,0.491,0.5,0.491,0.493,0.507,0.495,0.508,0.502,0.5,0.496,0.52,0.509,0.506,0.514,0.535,0.516,0.505,0.517,0.534,0.569,0.515,0.522,0.548,0.533,0.517,0.562,0.545,0.536,0.561,0.562,0.554,0.561,0.567,0.555,0.555,0.573,0.568,0.558,0.586,0.582,0.563,0.567,0.592,0.588,0.582,0.576,0.636,0.575,0.599,0.597,0.643,0.587,0.6,0.604,0.593,0.597,0.607,0.634,0.615

learning_rate
0.005,0.005,0.005,0.005,0.005,0.005,0.005,0.005,0.005,0.005,0.005,0.005,0.005,0.005,0.005,0.005,0.005,0.005,0.005,0.005,0.005,0.005,0.005,0.005,0.005,0.005,0.005,0.005,0.005,0.005,0.005,0.005,0.005,0.005,0.005,0.005,0.005,0.005,0.005,0.005,0.005,0.005,0.005,0.005,0.005,0.005,0.005,0.005,0.005,0.005,0.005,0.005,0.005,0.005,0.005,0.005,0.005,0.005,0.005,0.005,0.005,0.005,0.005,0.005,0.005,0.005,0.005,0.005,0.005,0.005,0.005,0.005,0.005,0.005,0.005,0.005,0.005,0.005,0.005,0.005,0.005,0.005,0.005,0.005,0.005,0.005,0.005,0.005,0.005,0.005,0.005,0.005,0.005,0.005,0.005,0.005,0.005,0.005,0.005,0.005
0.005,0.005,0.005,0.005,0.005,0.005,0.005,0.005,0.005,0.005,0.005,0.005,0.005,0.005,0.005,0.005,0.005,0.005,0.005,0.005,0.005,0.005,0.005,0.005,0.005,0.005,0.005,0.005,0.005,0.005,0.005,0.005,0.005,0.005,0.005,0.005,0.005,0.005,0.005,0.005,0.005,0.005,0.005,0.005,0.005,0.005,0.005,0.005,0.005,0.005,0.005,0.005,0.005,0.005,0.005,0.005,0.005,0.005,0.005,0.005,0.005,0.005,0.005,0.005,0.005,0.005,0.005,0.005,0.005,0.005,0.005,0.005,0.005,0.005,0.005,0.005,0.005,0.005,0.005,0.005,0.005,0.005,0.005,0.005,0.005,0.005,0.005,0.005,0.005,0.005,0.005,0.005,0.005,0.005,0.005,0.005,0.005,0.005,0.005,0.005

