parameters
adam_lr:0.005
adam_beta1:0.9
adam_beta2:0.99
adam_eps:1e-8
adam_weight_decay:0
adam_amsgrad:False
architecture:vgg19bn_
dataset:cifar10
combine_datasets:False
do_validation_set:False
epochs:100
batch_size:128
test_set_split:0.1666667
validation_set_split:0.0
reduce_train_set:1
executions:2
base_seed:1230
training_method:adam
learning_method:constant

train_loss
2.152,1.858,1.7,1.436,1.224,1.079,0.954,0.839,0.763,0.692,0.632,0.584,0.542,0.499,0.468,0.447,0.413,0.399,0.367,0.348,0.327,0.315,0.3,0.278,0.266,0.254,0.245,0.23,0.218,0.205,0.196,0.192,0.183,0.171,0.166,0.156,0.155,0.145,0.141,0.135,0.135,0.123,0.121,0.115,0.111,0.108,0.104,0.106,0.097,0.097,0.091,0.088,0.082,0.086,0.082,0.079,0.076,0.077,0.073,0.071,0.072,0.071,0.064,0.065,0.063,0.06,0.063,0.058,0.061,0.055,0.06,0.055,0.056,0.052,0.053,0.052,0.053,0.05,0.052,0.048,0.049,0.047,0.048,0.046,0.045,0.046,0.043,0.042,0.04,0.046,0.041,0.043,0.043,0.039,0.04,0.042,0.035,0.037,0.038,0.036
2.084,1.704,1.35,1.09,0.927,0.806,0.71,0.638,0.577,0.526,0.485,0.446,0.414,0.381,0.355,0.34,0.317,0.298,0.278,0.268,0.247,0.235,0.22,0.212,0.202,0.196,0.179,0.171,0.165,0.153,0.15,0.14,0.136,0.131,0.128,0.124,0.115,0.11,0.109,0.107,0.101,0.098,0.096,0.095,0.09,0.085,0.082,0.084,0.079,0.078,0.078,0.073,0.071,0.072,0.066,0.067,0.065,0.064,0.06,0.062,0.06,0.058,0.055,0.057,0.055,0.056,0.05,0.052,0.052,0.05,0.05,0.045,0.046,0.045,0.045,0.046,0.044,0.044,0.043,0.043,0.042,0.039,0.041,0.039,0.041,0.038,0.038,0.037,0.038,0.038,0.035,0.038,0.038,0.035,0.034,0.035,0.034,0.034,0.033,0.034

train_acc1
16.016,25.146,33.062,44.154,55.33,61.262,66.174,70.366,73.68,76.478,78.89,80.668,82.024,83.652,84.534,85.388,86.488,87.138,88.196,88.678,89.318,89.794,90.31,90.976,91.35,91.762,91.972,92.42,92.836,93.352,93.626,93.81,94.148,94.388,94.61,94.962,95.076,95.37,95.358,95.55,95.53,95.902,96.09,96.218,96.46,96.464,96.66,96.59,96.866,96.848,97.078,97.068,97.364,97.224,97.334,97.4,97.462,97.56,97.638,97.648,97.686,97.756,98.052,97.882,97.888,98.096,97.944,98.116,98.09,98.16,98.088,98.26,98.31,98.412,98.292,98.372,98.336,98.336,98.402,98.448,98.406,98.54,98.546,98.584,98.526,98.516,98.628,98.76,98.72,98.554,98.71,98.766,98.676,98.762,98.758,98.698,98.838,98.84,98.788,98.89
18.774,32.744,49.34,60.71,67.008,71.912,75.516,78.15,80.596,82.478,83.806,85.024,86.11,87.294,88.05,88.762,89.538,90.176,90.696,91.172,91.75,92.17,92.512,92.966,93.432,93.566,94.004,94.346,94.502,94.824,94.994,95.35,95.458,95.63,95.748,95.886,96.1,96.288,96.446,96.524,96.644,96.746,96.732,96.872,97.03,97.208,97.304,97.308,97.446,97.41,97.44,97.53,97.62,97.684,97.82,97.824,97.81,97.888,98.03,98.018,98.084,98.116,98.244,98.114,98.218,98.152,98.348,98.336,98.332,98.35,98.344,98.502,98.534,98.518,98.508,98.506,98.584,98.626,98.592,98.634,98.612,98.704,98.588,98.776,98.698,98.77,98.77,98.79,98.756,98.782,98.896,98.782,98.85,98.916,98.844,98.874,98.93,98.928,98.934,98.94

val_acc1
22.12,27.77,36.93,52.84,56.9,60.69,67.15,65.38,75.9,76.33,77.43,79.74,80.87,81.97,80.61,83.34,80.39,85.07,85.3,84.11,85.49,84.72,84.51,86.06,86.1,87.93,86.46,87.47,87.06,86.7,87.85,87.18,85.74,87.23,87.18,87.82,88.46,88.44,88.5,88.42,88.32,88.6,88.24,88.87,88.85,88.15,88.61,87.33,88.79,88.98,88.7,89.48,88.38,88.65,88.72,89.55,88.46,88.53,89.48,88.35,89.6,89.19,89.47,89.34,89.27,88.39,89.13,88.7,89.17,89.44,88.61,89.02,89.81,89.28,89.53,89.48,89.59,89.5,89.03,89.63,90.17,88.88,89.96,89.64,89.57,90.22,89.56,89.86,89.43,89.8,89.0,89.7,90.11,89.35,89.93,89.54,89.84,89.1,89.27,89.63
27.67,39.99,50.28,64.44,65.05,67.01,75.33,76.66,80.94,80.39,83.42,84.05,83.03,84.35,85.21,86.12,83.63,86.19,86.65,85.66,85.96,86.41,87.95,87.73,87.61,88.49,86.61,88.09,88.61,87.31,87.86,88.61,88.64,88.71,89.19,88.72,88.63,88.01,88.85,89.07,89.02,88.36,87.77,89.35,88.96,89.18,88.92,89.34,89.15,89.05,89.67,89.14,89.33,89.8,89.63,88.92,89.58,89.36,89.91,89.76,89.59,89.82,89.61,89.63,89.35,89.17,89.81,88.35,88.82,89.44,89.94,89.26,89.39,89.67,89.8,90.23,88.92,90.36,89.86,88.7,90.2,90.06,89.83,89.97,89.64,89.74,89.63,89.96,89.76,89.68,89.93,89.5,90.62,90.37,90.14,89.44,90.28,89.69,89.78,89.82

val_loss
1.924,1.92,1.733,1.282,1.215,1.101,0.953,1.036,0.712,0.7,0.69,0.629,0.569,0.556,0.612,0.516,0.64,0.473,0.473,0.509,0.473,0.522,0.536,0.457,0.465,0.415,0.448,0.424,0.448,0.483,0.432,0.464,0.533,0.463,0.486,0.483,0.436,0.468,0.448,0.45,0.447,0.451,0.469,0.474,0.44,0.523,0.454,0.52,0.465,0.457,0.463,0.455,0.519,0.51,0.507,0.446,0.544,0.525,0.477,0.527,0.463,0.48,0.486,0.499,0.509,0.556,0.55,0.557,0.547,0.487,0.505,0.573,0.465,0.525,0.455,0.486,0.507,0.468,0.561,0.513,0.469,0.536,0.457,0.529,0.517,0.489,0.486,0.509,0.567,0.498,0.586,0.548,0.479,0.531,0.495,0.503,0.51,0.551,0.588,0.609
1.829,1.547,1.498,1.027,1.067,0.994,0.713,0.697,0.607,0.593,0.515,0.482,0.513,0.502,0.454,0.458,0.554,0.445,0.471,0.474,0.469,0.468,0.394,0.411,0.428,0.4,0.483,0.415,0.403,0.482,0.42,0.406,0.421,0.434,0.408,0.427,0.421,0.461,0.433,0.438,0.467,0.446,0.533,0.442,0.45,0.474,0.446,0.482,0.494,0.447,0.486,0.466,0.477,0.467,0.483,0.527,0.448,0.491,0.462,0.48,0.5,0.46,0.475,0.488,0.52,0.521,0.513,0.608,0.54,0.522,0.464,0.524,0.539,0.519,0.55,0.471,0.508,0.498,0.495,0.574,0.457,0.564,0.472,0.498,0.541,0.568,0.535,0.552,0.49,0.525,0.561,0.604,0.506,0.548,0.576,0.587,0.502,0.551,0.547,0.524

learning_rate
0.005,0.005,0.005,0.005,0.005,0.005,0.005,0.005,0.005,0.005,0.005,0.005,0.005,0.005,0.005,0.005,0.005,0.005,0.005,0.005,0.005,0.005,0.005,0.005,0.005,0.005,0.005,0.005,0.005,0.005,0.005,0.005,0.005,0.005,0.005,0.005,0.005,0.005,0.005,0.005,0.005,0.005,0.005,0.005,0.005,0.005,0.005,0.005,0.005,0.005,0.005,0.005,0.005,0.005,0.005,0.005,0.005,0.005,0.005,0.005,0.005,0.005,0.005,0.005,0.005,0.005,0.005,0.005,0.005,0.005,0.005,0.005,0.005,0.005,0.005,0.005,0.005,0.005,0.005,0.005,0.005,0.005,0.005,0.005,0.005,0.005,0.005,0.005,0.005,0.005,0.005,0.005,0.005,0.005,0.005,0.005,0.005,0.005,0.005,0.005
0.005,0.005,0.005,0.005,0.005,0.005,0.005,0.005,0.005,0.005,0.005,0.005,0.005,0.005,0.005,0.005,0.005,0.005,0.005,0.005,0.005,0.005,0.005,0.005,0.005,0.005,0.005,0.005,0.005,0.005,0.005,0.005,0.005,0.005,0.005,0.005,0.005,0.005,0.005,0.005,0.005,0.005,0.005,0.005,0.005,0.005,0.005,0.005,0.005,0.005,0.005,0.005,0.005,0.005,0.005,0.005,0.005,0.005,0.005,0.005,0.005,0.005,0.005,0.005,0.005,0.005,0.005,0.005,0.005,0.005,0.005,0.005,0.005,0.005,0.005,0.005,0.005,0.005,0.005,0.005,0.005,0.005,0.005,0.005,0.005,0.005,0.005,0.005,0.005,0.005,0.005,0.005,0.005,0.005,0.005,0.005,0.005,0.005,0.005,0.005

