parameters
adam_lr:0.001
adam_beta1:0.9
adam_beta2:0.99
adam_eps:1e-8
adam_weight_decay:0
adam_amsgrad:False
architecture:vgg19bn_
dataset:cifar10
combine_datasets:False
do_validation_set:False
epochs:100
batch_size:128
test_set_split:0.1666667
validation_set_split:0.0
reduce_train_set:1
executions:2
base_seed:1230
training_method:adam
learning_method:constant

train_loss
1.806,1.405,1.087,0.909,0.797,0.704,0.64,0.577,0.522,0.477,0.443,0.412,0.385,0.352,0.334,0.316,0.297,0.278,0.266,0.247,0.234,0.226,0.213,0.197,0.188,0.181,0.169,0.162,0.151,0.144,0.138,0.132,0.124,0.121,0.117,0.113,0.104,0.1,0.096,0.098,0.089,0.087,0.084,0.079,0.078,0.077,0.075,0.07,0.07,0.066,0.065,0.06,0.062,0.062,0.058,0.058,0.054,0.055,0.052,0.051,0.05,0.05,0.045,0.049,0.045,0.044,0.045,0.044,0.042,0.04,0.041,0.041,0.04,0.038,0.036,0.037,0.036,0.037,0.036,0.035,0.036,0.034,0.033,0.033,0.033,0.032,0.031,0.028,0.032,0.03,0.031,0.029,0.028,0.028,0.03,0.027,0.028,0.028,0.028,0.025
1.789,1.357,1.033,0.876,0.771,0.683,0.619,0.57,0.527,0.49,0.452,0.417,0.389,0.362,0.337,0.325,0.298,0.279,0.265,0.25,0.229,0.226,0.209,0.198,0.191,0.185,0.171,0.158,0.151,0.146,0.136,0.13,0.13,0.121,0.116,0.113,0.103,0.102,0.096,0.094,0.092,0.086,0.084,0.082,0.078,0.077,0.072,0.072,0.068,0.067,0.065,0.065,0.062,0.057,0.058,0.058,0.053,0.051,0.054,0.053,0.05,0.049,0.048,0.045,0.046,0.046,0.044,0.043,0.042,0.043,0.041,0.039,0.042,0.036,0.04,0.038,0.04,0.036,0.034,0.033,0.033,0.035,0.032,0.034,0.031,0.031,0.032,0.031,0.031,0.031,0.033,0.029,0.03,0.03,0.029,0.027,0.028,0.03,0.027,0.029

train_acc1
27.868,45.956,60.614,68.426,72.534,76.184,78.58,81.138,82.804,84.234,85.368,86.316,87.354,88.034,88.9,89.574,90.256,90.712,91.174,91.69,92.206,92.552,92.908,93.464,93.738,94.064,94.428,94.628,94.942,95.286,95.372,95.558,95.932,95.94,96.086,96.254,96.448,96.668,96.848,96.804,97.082,97.128,97.248,97.398,97.356,97.494,97.534,97.718,97.7,97.854,97.88,98.026,97.97,97.948,98.092,98.13,98.208,98.154,98.312,98.432,98.37,98.354,98.526,98.392,98.448,98.536,98.476,98.54,98.668,98.776,98.68,98.708,98.664,98.796,98.81,98.772,98.882,98.862,98.89,98.85,98.882,98.886,98.992,98.884,98.902,98.964,98.978,99.126,99.008,99.072,98.99,99.084,99.122,99.074,99.0,99.14,99.112,99.074,99.13,99.194
28.502,48.74,63.456,69.826,73.668,77.002,79.368,81.054,82.6,83.766,85.312,86.218,87.218,88.142,88.844,89.324,90.088,90.84,91.264,91.728,92.466,92.504,93.096,93.488,93.606,93.796,94.374,94.824,95.032,95.114,95.438,95.638,95.664,96.034,96.142,96.182,96.576,96.618,96.82,96.918,97.04,97.202,97.276,97.274,97.37,97.462,97.636,97.66,97.718,97.842,97.874,97.98,98.004,98.188,98.074,98.16,98.232,98.372,98.276,98.294,98.38,98.46,98.462,98.556,98.46,98.514,98.538,98.66,98.564,98.6,98.73,98.788,98.654,98.824,98.726,98.816,98.752,98.856,98.934,98.914,98.942,98.9,98.986,98.918,98.996,98.968,99.02,98.98,99.004,98.974,98.954,99.06,99.064,99.09,99.064,99.158,99.136,99.046,99.118,99.146

val_acc1
33.12,54.43,62.85,69.9,71.97,76.13,79.5,81.04,79.66,80.55,83.67,83.98,85.44,84.01,86.19,85.07,86.77,87.84,87.77,86.71,87.97,88.5,88.4,88.98,88.8,89.45,89.16,89.31,88.85,89.11,89.34,88.85,89.16,89.36,88.68,89.81,90.22,89.26,89.9,89.47,89.59,89.75,89.68,90.02,89.61,88.63,89.34,89.69,89.7,90.19,90.31,90.32,89.73,90.05,90.28,89.94,90.35,89.78,90.31,90.39,90.21,90.59,89.92,90.25,90.55,90.23,90.16,90.52,90.78,90.88,90.21,90.75,90.45,89.71,90.34,90.18,90.7,90.9,90.78,90.43,90.98,90.76,90.42,90.44,90.62,89.95,90.77,90.46,90.37,90.08,90.92,90.34,90.85,90.82,90.98,90.53,90.89,90.79,90.82,90.48
38.75,57.38,66.57,72.92,75.03,76.14,75.57,78.63,79.2,81.88,83.99,83.29,83.55,87.07,84.98,85.6,86.52,87.42,87.0,86.96,86.64,88.11,88.73,88.15,88.31,88.33,88.11,88.53,88.2,89.16,89.07,88.84,88.92,88.95,88.59,89.31,89.8,89.65,89.8,89.64,89.65,89.16,90.15,89.73,90.18,89.45,89.76,89.46,90.06,89.93,89.86,90.08,89.94,89.78,89.66,89.94,90.12,89.62,89.93,90.37,90.08,90.47,89.9,90.58,89.93,90.2,90.47,90.27,89.72,91.03,90.32,90.22,90.18,90.51,90.27,90.46,91.01,90.5,90.32,90.72,90.3,90.65,89.99,90.69,90.84,90.58,90.53,90.71,90.53,90.55,90.45,91.1,90.72,90.75,91.18,90.67,90.78,90.81,90.56,91.11

val_loss
1.884,1.289,1.057,0.85,0.863,0.734,0.615,0.573,0.634,0.639,0.502,0.478,0.45,0.524,0.429,0.492,0.425,0.38,0.404,0.457,0.401,0.391,0.373,0.37,0.378,0.364,0.386,0.379,0.411,0.398,0.373,0.409,0.398,0.391,0.449,0.372,0.377,0.426,0.42,0.413,0.405,0.408,0.459,0.418,0.45,0.548,0.451,0.427,0.465,0.442,0.451,0.436,0.445,0.437,0.443,0.447,0.439,0.476,0.483,0.435,0.433,0.438,0.421,0.47,0.43,0.463,0.534,0.491,0.431,0.419,0.469,0.456,0.45,0.53,0.483,0.469,0.503,0.485,0.456,0.479,0.46,0.535,0.552,0.522,0.474,0.493,0.439,0.529,0.47,0.523,0.513,0.471,0.48,0.5,0.464,0.554,0.504,0.458,0.496,0.527
1.568,1.211,0.962,0.792,0.74,0.73,0.749,0.66,0.652,0.579,0.491,0.517,0.525,0.409,0.484,0.453,0.441,0.396,0.422,0.43,0.445,0.391,0.391,0.397,0.385,0.407,0.411,0.407,0.443,0.383,0.401,0.429,0.41,0.422,0.442,0.435,0.391,0.401,0.432,0.438,0.431,0.48,0.442,0.454,0.457,0.451,0.455,0.472,0.419,0.457,0.442,0.454,0.476,0.482,0.48,0.483,0.444,0.532,0.456,0.45,0.488,0.454,0.442,0.48,0.507,0.487,0.515,0.488,0.548,0.459,0.484,0.474,0.467,0.482,0.493,0.496,0.458,0.472,0.493,0.507,0.528,0.483,0.586,0.483,0.495,0.507,0.517,0.495,0.547,0.482,0.512,0.536,0.514,0.493,0.474,0.56,0.518,0.467,0.572,0.491

learning_rate
0.001,0.001,0.001,0.001,0.001,0.001,0.001,0.001,0.001,0.001,0.001,0.001,0.001,0.001,0.001,0.001,0.001,0.001,0.001,0.001,0.001,0.001,0.001,0.001,0.001,0.001,0.001,0.001,0.001,0.001,0.001,0.001,0.001,0.001,0.001,0.001,0.001,0.001,0.001,0.001,0.001,0.001,0.001,0.001,0.001,0.001,0.001,0.001,0.001,0.001,0.001,0.001,0.001,0.001,0.001,0.001,0.001,0.001,0.001,0.001,0.001,0.001,0.001,0.001,0.001,0.001,0.001,0.001,0.001,0.001,0.001,0.001,0.001,0.001,0.001,0.001,0.001,0.001,0.001,0.001,0.001,0.001,0.001,0.001,0.001,0.001,0.001,0.001,0.001,0.001,0.001,0.001,0.001,0.001,0.001,0.001,0.001,0.001,0.001,0.001
0.001,0.001,0.001,0.001,0.001,0.001,0.001,0.001,0.001,0.001,0.001,0.001,0.001,0.001,0.001,0.001,0.001,0.001,0.001,0.001,0.001,0.001,0.001,0.001,0.001,0.001,0.001,0.001,0.001,0.001,0.001,0.001,0.001,0.001,0.001,0.001,0.001,0.001,0.001,0.001,0.001,0.001,0.001,0.001,0.001,0.001,0.001,0.001,0.001,0.001,0.001,0.001,0.001,0.001,0.001,0.001,0.001,0.001,0.001,0.001,0.001,0.001,0.001,0.001,0.001,0.001,0.001,0.001,0.001,0.001,0.001,0.001,0.001,0.001,0.001,0.001,0.001,0.001,0.001,0.001,0.001,0.001,0.001,0.001,0.001,0.001,0.001,0.001,0.001,0.001,0.001,0.001,0.001,0.001,0.001,0.001,0.001,0.001,0.001,0.001

