parameters
adam_lr:0.0001
adam_beta1:0.9
adam_beta2:0.99
adam_eps:1e-8
adam_weight_decay:0
adam_amsgrad:False
architecture:vgg19bn_
dataset:cifar10
combine_datasets:False
do_validation_set:False
epochs:100
batch_size:128
test_set_split:0.1666667
validation_set_split:0.0
reduce_train_set:1
executions:2
base_seed:1230
training_method:adam
learning_method:constant

train_loss
1.57,1.109,0.923,0.805,0.719,0.65,0.597,0.549,0.512,0.478,0.447,0.423,0.395,0.368,0.35,0.331,0.314,0.299,0.277,0.267,0.252,0.239,0.228,0.216,0.203,0.2,0.185,0.179,0.168,0.165,0.157,0.148,0.143,0.14,0.134,0.128,0.125,0.114,0.115,0.111,0.11,0.102,0.098,0.097,0.095,0.089,0.088,0.088,0.085,0.081,0.08,0.075,0.073,0.074,0.069,0.068,0.065,0.067,0.064,0.062,0.06,0.06,0.056,0.059,0.055,0.058,0.053,0.053,0.053,0.049,0.051,0.05,0.05,0.047,0.046,0.045,0.046,0.045,0.042,0.044,0.043,0.045,0.041,0.04,0.042,0.038,0.04,0.038,0.037,0.038,0.036,0.036,0.034,0.036,0.036,0.033,0.033,0.034,0.034,0.033
1.539,1.11,0.93,0.813,0.724,0.654,0.6,0.553,0.511,0.481,0.455,0.427,0.397,0.371,0.351,0.336,0.313,0.298,0.279,0.27,0.253,0.241,0.23,0.219,0.205,0.203,0.191,0.179,0.171,0.164,0.159,0.153,0.145,0.14,0.134,0.129,0.122,0.115,0.114,0.111,0.109,0.101,0.099,0.098,0.092,0.089,0.09,0.085,0.085,0.079,0.08,0.078,0.073,0.071,0.072,0.068,0.067,0.066,0.064,0.062,0.062,0.061,0.06,0.057,0.057,0.057,0.054,0.051,0.055,0.053,0.051,0.048,0.048,0.046,0.047,0.049,0.046,0.045,0.045,0.045,0.043,0.042,0.041,0.042,0.041,0.038,0.04,0.039,0.038,0.037,0.039,0.036,0.038,0.036,0.037,0.034,0.034,0.036,0.035,0.034

train_acc1
40.136,60.212,67.152,71.89,74.936,77.43,79.436,81.008,82.294,83.426,84.58,85.534,86.53,87.202,87.996,88.604,89.046,89.696,90.41,90.856,91.332,91.67,92.18,92.492,92.842,93.044,93.702,93.888,94.204,94.328,94.528,94.808,94.968,95.118,95.202,95.51,95.55,96.084,95.988,96.096,96.16,96.362,96.524,96.658,96.658,96.81,96.934,96.97,97.034,97.19,97.168,97.392,97.388,97.392,97.574,97.608,97.764,97.568,97.794,97.802,97.872,97.898,98.084,97.996,98.09,97.962,98.186,98.236,98.168,98.252,98.256,98.264,98.272,98.38,98.392,98.484,98.386,98.48,98.568,98.466,98.514,98.422,98.584,98.652,98.532,98.658,98.636,98.68,98.65,98.666,98.74,98.768,98.764,98.784,98.716,98.864,98.882,98.812,98.83,98.876
42.112,59.994,66.692,71.516,74.584,77.468,79.13,80.85,82.382,83.308,84.324,85.258,86.274,87.086,87.81,88.4,89.128,89.682,90.348,90.736,91.13,91.524,91.988,92.312,92.928,92.846,93.272,93.77,93.976,94.218,94.368,94.616,94.866,95.088,95.396,95.434,95.67,95.966,96.016,96.136,96.092,96.36,96.6,96.47,96.768,96.884,96.92,97.09,97.002,97.222,97.264,97.18,97.418,97.464,97.456,97.654,97.604,97.644,97.764,97.752,97.816,97.818,97.924,98.016,97.914,97.984,98.088,98.254,98.108,98.176,98.236,98.32,98.28,98.44,98.412,98.334,98.446,98.474,98.426,98.456,98.476,98.536,98.572,98.522,98.51,98.624,98.588,98.632,98.672,98.726,98.614,98.796,98.718,98.802,98.712,98.786,98.768,98.806,98.762,98.762

val_acc1
55.09,63.72,66.55,73.3,76.17,77.58,78.6,78.47,80.29,82.14,78.72,82.12,81.27,82.79,83.7,82.78,83.38,84.76,84.84,84.35,85.28,85.76,85.89,83.64,85.4,85.84,85.45,85.88,84.2,85.07,85.4,85.58,86.3,86.16,86.15,86.12,85.87,85.62,86.52,86.08,85.96,86.62,86.95,87.01,87.25,86.85,86.55,87.11,87.2,86.23,86.89,87.32,86.65,87.0,87.27,87.6,87.62,86.57,87.61,86.82,87.3,87.05,87.23,87.62,87.31,86.81,87.3,87.32,87.96,87.52,87.9,87.62,88.22,87.86,88.16,87.78,88.11,87.35,87.57,88.22,88.19,88.36,88.0,88.31,87.84,88.51,88.3,88.3,88.28,88.02,88.69,88.51,88.65,88.42,88.23,87.47,88.42,88.32,88.59,88.65
56.0,63.25,65.0,72.22,74.68,75.51,77.93,77.59,79.82,80.09,81.62,82.65,82.01,83.21,81.84,80.32,82.17,83.17,84.78,84.12,84.43,84.85,83.73,83.97,84.97,86.02,84.82,85.84,85.66,84.78,85.82,85.12,86.09,87.05,85.85,87.11,86.53,86.12,87.23,86.67,85.89,87.54,86.98,87.38,86.96,86.89,86.78,86.74,87.4,86.78,87.27,87.04,87.17,87.6,87.85,87.95,88.16,86.93,87.62,87.93,87.68,88.38,88.1,87.68,86.78,88.13,88.17,87.99,88.23,87.64,88.15,88.08,87.6,88.17,87.44,86.56,87.69,88.52,88.16,88.34,88.31,87.91,87.52,88.2,88.3,88.25,88.52,88.37,88.22,88.07,88.32,88.4,88.9,88.35,88.52,88.57,88.63,88.29,88.41,88.5

val_loss
1.214,1.01,0.947,0.763,0.701,0.662,0.623,0.619,0.581,0.516,0.615,0.523,0.574,0.535,0.49,0.525,0.524,0.462,0.46,0.49,0.475,0.465,0.443,0.539,0.498,0.453,0.493,0.48,0.55,0.499,0.509,0.499,0.476,0.488,0.494,0.514,0.515,0.536,0.521,0.521,0.55,0.509,0.498,0.49,0.502,0.536,0.552,0.497,0.518,0.572,0.524,0.533,0.536,0.526,0.545,0.521,0.497,0.58,0.519,0.571,0.57,0.552,0.543,0.534,0.547,0.589,0.569,0.564,0.542,0.57,0.538,0.55,0.536,0.557,0.546,0.543,0.561,0.583,0.574,0.572,0.56,0.506,0.582,0.562,0.578,0.568,0.554,0.558,0.538,0.555,0.557,0.532,0.55,0.583,0.553,0.613,0.568,0.576,0.549,0.541
1.204,1.028,0.987,0.779,0.737,0.715,0.651,0.648,0.585,0.597,0.538,0.507,0.535,0.498,0.565,0.604,0.561,0.529,0.478,0.498,0.496,0.494,0.53,0.542,0.505,0.457,0.498,0.47,0.504,0.509,0.48,0.552,0.471,0.453,0.535,0.446,0.484,0.512,0.488,0.506,0.548,0.473,0.502,0.502,0.531,0.517,0.542,0.532,0.509,0.545,0.518,0.533,0.529,0.516,0.505,0.517,0.498,0.554,0.525,0.517,0.543,0.514,0.514,0.552,0.584,0.511,0.539,0.533,0.511,0.572,0.56,0.53,0.559,0.547,0.566,0.615,0.567,0.517,0.565,0.527,0.528,0.592,0.576,0.532,0.549,0.572,0.516,0.533,0.567,0.574,0.541,0.533,0.532,0.542,0.519,0.549,0.556,0.56,0.527,0.565

learning_rate
0.0001,0.0001,0.0001,0.0001,0.0001,0.0001,0.0001,0.0001,0.0001,0.0001,0.0001,0.0001,0.0001,0.0001,0.0001,0.0001,0.0001,0.0001,0.0001,0.0001,0.0001,0.0001,0.0001,0.0001,0.0001,0.0001,0.0001,0.0001,0.0001,0.0001,0.0001,0.0001,0.0001,0.0001,0.0001,0.0001,0.0001,0.0001,0.0001,0.0001,0.0001,0.0001,0.0001,0.0001,0.0001,0.0001,0.0001,0.0001,0.0001,0.0001,0.0001,0.0001,0.0001,0.0001,0.0001,0.0001,0.0001,0.0001,0.0001,0.0001,0.0001,0.0001,0.0001,0.0001,0.0001,0.0001,0.0001,0.0001,0.0001,0.0001,0.0001,0.0001,0.0001,0.0001,0.0001,0.0001,0.0001,0.0001,0.0001,0.0001,0.0001,0.0001,0.0001,0.0001,0.0001,0.0001,0.0001,0.0001,0.0001,0.0001,0.0001,0.0001,0.0001,0.0001,0.0001,0.0001,0.0001,0.0001,0.0001,0.0001
0.0001,0.0001,0.0001,0.0001,0.0001,0.0001,0.0001,0.0001,0.0001,0.0001,0.0001,0.0001,0.0001,0.0001,0.0001,0.0001,0.0001,0.0001,0.0001,0.0001,0.0001,0.0001,0.0001,0.0001,0.0001,0.0001,0.0001,0.0001,0.0001,0.0001,0.0001,0.0001,0.0001,0.0001,0.0001,0.0001,0.0001,0.0001,0.0001,0.0001,0.0001,0.0001,0.0001,0.0001,0.0001,0.0001,0.0001,0.0001,0.0001,0.0001,0.0001,0.0001,0.0001,0.0001,0.0001,0.0001,0.0001,0.0001,0.0001,0.0001,0.0001,0.0001,0.0001,0.0001,0.0001,0.0001,0.0001,0.0001,0.0001,0.0001,0.0001,0.0001,0.0001,0.0001,0.0001,0.0001,0.0001,0.0001,0.0001,0.0001,0.0001,0.0001,0.0001,0.0001,0.0001,0.0001,0.0001,0.0001,0.0001,0.0001,0.0001,0.0001,0.0001,0.0001,0.0001,0.0001,0.0001,0.0001,0.0001,0.0001

