parameters
adagrad_lr:0.01
adagrad_learning_decay:0.0
adagrad_weight_decay:0.0
adagrad_initial_acumulator:0.0
architecture:vgg19bn_
dataset:cifar10
combine_datasets:False
do_validation_set:False
epochs:100
batch_size:128
test_set_split:0.1666667
validation_set_split:0.0
reduce_train_set:1.0
executions:2
base_seed:1230
training_method:adagrad
learning_method:constant

train_loss
2.118,1.746,1.483,1.238,1.056,0.91,0.812,0.739,0.686,0.63,0.582,0.541,0.502,0.472,0.446,0.428,0.406,0.389,0.367,0.353,0.335,0.324,0.306,0.294,0.284,0.272,0.257,0.25,0.236,0.228,0.22,0.213,0.201,0.193,0.187,0.185,0.174,0.162,0.16,0.154,0.149,0.141,0.138,0.135,0.125,0.124,0.12,0.112,0.108,0.103,0.102,0.101,0.091,0.089,0.09,0.081,0.079,0.077,0.075,0.072,0.067,0.067,0.065,0.065,0.059,0.059,0.058,0.055,0.052,0.05,0.05,0.05,0.046,0.046,0.044,0.042,0.042,0.038,0.038,0.038,0.037,0.037,0.033,0.033,0.033,0.033,0.031,0.03,0.029,0.031,0.028,0.028,0.027,0.025,0.026,0.024,0.023,0.024,0.025,0.023
2.025,1.65,1.383,1.174,1.001,0.869,0.782,0.713,0.663,0.616,0.573,0.539,0.509,0.481,0.456,0.44,0.414,0.396,0.379,0.364,0.344,0.331,0.325,0.305,0.295,0.282,0.27,0.262,0.247,0.242,0.233,0.222,0.214,0.209,0.201,0.191,0.186,0.176,0.169,0.165,0.162,0.156,0.152,0.144,0.137,0.134,0.132,0.128,0.118,0.118,0.116,0.108,0.107,0.102,0.099,0.093,0.091,0.087,0.088,0.083,0.078,0.081,0.073,0.074,0.07,0.07,0.066,0.06,0.064,0.061,0.057,0.055,0.054,0.056,0.05,0.05,0.05,0.047,0.045,0.045,0.044,0.042,0.042,0.041,0.04,0.035,0.036,0.036,0.036,0.033,0.034,0.035,0.033,0.033,0.03,0.029,0.029,0.031,0.026,0.027

train_acc1
17.044,30.582,41.57,53.936,62.078,67.884,71.506,74.498,76.572,78.5,80.39,81.614,83.068,84.254,84.708,85.622,86.356,86.912,87.496,88.13,88.738,89.012,89.69,90.08,90.35,90.776,91.182,91.628,91.982,92.26,92.594,92.782,93.244,93.384,93.62,93.764,94.18,94.478,94.66,94.884,94.932,95.208,95.26,95.49,95.83,95.73,95.926,96.166,96.336,96.518,96.42,96.502,96.858,96.862,96.932,97.218,97.314,97.346,97.496,97.532,97.726,97.696,97.768,97.788,97.958,98.05,98.062,98.126,98.218,98.238,98.272,98.286,98.408,98.466,98.53,98.598,98.514,98.732,98.694,98.702,98.762,98.718,98.87,98.89,98.86,98.846,98.952,98.912,99.01,98.946,99.088,99.016,99.108,99.124,99.118,99.156,99.208,99.194,99.122,99.246
19.89,34.73,46.868,56.82,63.472,68.844,72.2,74.826,76.97,78.59,80.404,81.672,82.71,83.644,84.408,85.264,85.986,86.61,87.39,87.83,88.484,88.92,89.038,89.76,90.234,90.444,90.944,91.268,91.52,91.924,92.254,92.554,92.852,92.884,93.202,93.61,93.748,94.068,94.402,94.478,94.528,94.688,94.9,95.082,95.322,95.482,95.448,95.744,96.034,96.016,96.068,96.338,96.486,96.548,96.676,96.832,96.904,97.016,97.048,97.266,97.414,97.242,97.532,97.514,97.696,97.626,97.778,98.0,97.78,97.942,98.112,98.142,98.21,98.112,98.352,98.338,98.366,98.47,98.508,98.542,98.568,98.6,98.602,98.614,98.678,98.848,98.782,98.832,98.786,98.858,98.884,98.838,98.864,98.834,99.012,99.012,99.032,98.934,99.13,99.126

val_acc1
24.1,34.69,47.14,43.69,65.35,60.65,67.83,71.95,74.49,77.53,76.98,80.77,78.23,81.56,82.26,82.81,81.6,82.98,84.78,85.02,74.61,85.83,82.81,83.51,86.37,85.66,85.35,86.39,86.76,85.54,86.57,85.67,85.77,86.35,87.23,86.61,87.18,86.74,87.37,86.35,86.12,87.9,87.45,82.57,87.33,88.36,87.8,87.66,87.39,87.81,87.53,87.47,88.16,87.92,87.95,86.84,87.93,88.35,87.88,87.91,87.92,88.4,87.98,88.46,88.16,88.1,87.04,88.08,88.08,88.33,88.2,87.85,88.24,88.68,88.62,88.63,88.97,88.6,88.8,88.81,86.8,88.61,88.38,88.77,88.78,88.69,88.84,88.61,88.74,88.92,88.41,88.51,88.7,88.89,88.93,88.97,88.77,88.94,88.77,88.86
27.36,27.51,46.68,43.94,58.99,61.95,68.83,75.38,76.31,78.31,78.23,79.52,79.78,80.72,81.16,79.05,80.61,79.38,83.1,85.0,81.82,84.73,83.51,84.83,85.83,83.18,84.91,86.04,85.77,85.99,84.94,85.77,86.07,86.27,85.98,85.82,87.25,86.04,86.41,87.49,86.24,86.82,86.89,84.99,87.66,86.54,87.05,87.33,87.67,86.68,87.67,86.8,86.96,87.71,87.83,88.11,87.42,87.5,87.25,87.68,87.08,87.64,88.07,87.26,87.49,87.91,88.22,87.38,87.99,87.89,88.01,87.46,87.77,88.15,88.31,88.26,88.15,88.02,87.89,87.31,88.62,87.9,88.26,86.83,88.25,88.25,88.49,88.14,87.95,88.15,88.05,88.57,88.7,88.45,88.31,88.54,88.17,88.22,87.89,88.68

val_loss
2.105,1.648,1.358,2.152,0.979,1.21,0.939,0.804,0.756,0.663,0.691,0.572,0.667,0.576,0.527,0.525,0.591,0.516,0.464,0.458,0.865,0.439,0.537,0.535,0.426,0.446,0.504,0.437,0.432,0.463,0.441,0.475,0.472,0.447,0.439,0.47,0.437,0.46,0.425,0.476,0.516,0.43,0.464,0.646,0.47,0.423,0.445,0.472,0.49,0.459,0.505,0.484,0.474,0.486,0.482,0.567,0.493,0.48,0.531,0.52,0.514,0.483,0.5,0.486,0.494,0.519,0.604,0.525,0.519,0.511,0.546,0.537,0.54,0.534,0.523,0.521,0.529,0.534,0.519,0.544,0.673,0.559,0.561,0.53,0.542,0.549,0.542,0.548,0.541,0.565,0.593,0.573,0.563,0.558,0.577,0.554,0.566,0.59,0.58,0.563
1.857,1.913,1.391,1.645,1.158,1.117,0.896,0.705,0.688,0.642,0.667,0.62,0.618,0.598,0.589,0.665,0.622,0.656,0.529,0.483,0.575,0.493,0.511,0.496,0.453,0.555,0.483,0.458,0.484,0.454,0.504,0.5,0.478,0.464,0.494,0.504,0.448,0.509,0.508,0.451,0.501,0.488,0.5,0.578,0.476,0.513,0.489,0.467,0.489,0.556,0.502,0.542,0.532,0.487,0.506,0.503,0.526,0.551,0.534,0.523,0.55,0.542,0.513,0.563,0.555,0.527,0.548,0.588,0.528,0.565,0.567,0.563,0.578,0.555,0.569,0.562,0.568,0.577,0.571,0.648,0.556,0.587,0.586,0.648,0.598,0.618,0.582,0.6,0.595,0.622,0.605,0.603,0.61,0.581,0.616,0.605,0.626,0.614,0.675,0.59

learning_rate
0.01,0.01,0.01,0.01,0.01,0.01,0.01,0.01,0.01,0.01,0.01,0.01,0.01,0.01,0.01,0.01,0.01,0.01,0.01,0.01,0.01,0.01,0.01,0.01,0.01,0.01,0.01,0.01,0.01,0.01,0.01,0.01,0.01,0.01,0.01,0.01,0.01,0.01,0.01,0.01,0.01,0.01,0.01,0.01,0.01,0.01,0.01,0.01,0.01,0.01,0.01,0.01,0.01,0.01,0.01,0.01,0.01,0.01,0.01,0.01,0.01,0.01,0.01,0.01,0.01,0.01,0.01,0.01,0.01,0.01,0.01,0.01,0.01,0.01,0.01,0.01,0.01,0.01,0.01,0.01,0.01,0.01,0.01,0.01,0.01,0.01,0.01,0.01,0.01,0.01,0.01,0.01,0.01,0.01,0.01,0.01,0.01,0.01,0.01,0.01
0.01,0.01,0.01,0.01,0.01,0.01,0.01,0.01,0.01,0.01,0.01,0.01,0.01,0.01,0.01,0.01,0.01,0.01,0.01,0.01,0.01,0.01,0.01,0.01,0.01,0.01,0.01,0.01,0.01,0.01,0.01,0.01,0.01,0.01,0.01,0.01,0.01,0.01,0.01,0.01,0.01,0.01,0.01,0.01,0.01,0.01,0.01,0.01,0.01,0.01,0.01,0.01,0.01,0.01,0.01,0.01,0.01,0.01,0.01,0.01,0.01,0.01,0.01,0.01,0.01,0.01,0.01,0.01,0.01,0.01,0.01,0.01,0.01,0.01,0.01,0.01,0.01,0.01,0.01,0.01,0.01,0.01,0.01,0.01,0.01,0.01,0.01,0.01,0.01,0.01,0.01,0.01,0.01,0.01,0.01,0.01,0.01,0.01,0.01,0.01

