parameters
rmsprop_lr:0.0003
rmsprop_momentum:0
rmsprop_alpha:0.99
rmsprop_eps:1e-8
rmsprop_centered:True
rmsprop_weight_decay:0
architecture:vgg19bn_
dataset:cifar10
combine_datasets:False
do_validation_set:False
epochs:100
batch_size:128
test_set_split:0.1666667
validation_set_split:0.0
reduce_train_set:1
executions:2
base_seed:1230
training_method:rmsprop
learning_method:constant

train_loss
1.819,1.403,1.114,0.918,0.796,0.705,0.641,0.585,0.543,0.505,0.472,0.441,0.41,0.385,0.362,0.347,0.323,0.311,0.29,0.28,0.263,0.249,0.241,0.225,0.214,0.208,0.195,0.188,0.177,0.169,0.163,0.157,0.15,0.14,0.14,0.129,0.122,0.123,0.115,0.114,0.108,0.102,0.101,0.098,0.093,0.09,0.085,0.085,0.08,0.079,0.08,0.074,0.069,0.069,0.07,0.065,0.061,0.062,0.064,0.059,0.058,0.055,0.055,0.052,0.054,0.051,0.051,0.048,0.047,0.048,0.046,0.046,0.045,0.045,0.043,0.041,0.043,0.039,0.039,0.04,0.039,0.038,0.038,0.036,0.036,0.035,0.034,0.035,0.033,0.033,0.033,0.033,0.032,0.031,0.03,0.031,0.029,0.031,0.028,0.029
1.824,1.413,1.104,0.912,0.796,0.698,0.632,0.578,0.536,0.499,0.463,0.433,0.406,0.38,0.357,0.339,0.32,0.303,0.286,0.274,0.258,0.243,0.236,0.219,0.211,0.204,0.193,0.184,0.173,0.169,0.161,0.15,0.15,0.14,0.135,0.131,0.123,0.117,0.114,0.109,0.105,0.104,0.101,0.095,0.091,0.088,0.087,0.083,0.079,0.079,0.076,0.075,0.072,0.068,0.068,0.065,0.063,0.061,0.062,0.058,0.058,0.056,0.052,0.056,0.051,0.05,0.049,0.051,0.046,0.047,0.045,0.045,0.044,0.042,0.042,0.043,0.042,0.039,0.04,0.038,0.038,0.038,0.034,0.035,0.037,0.036,0.034,0.035,0.035,0.032,0.034,0.031,0.031,0.031,0.031,0.03,0.03,0.03,0.027,0.03

train_acc1
27.904,46.184,59.474,67.726,72.37,75.742,78.052,80.054,81.768,83.096,84.212,85.258,86.334,87.25,87.884,88.404,89.16,89.484,90.444,90.602,91.17,91.626,91.868,92.4,92.698,93.024,93.48,93.652,94.122,94.46,94.606,94.76,94.866,95.222,95.228,95.596,95.948,95.89,96.158,96.118,96.436,96.606,96.528,96.732,96.898,96.96,97.144,97.132,97.276,97.308,97.362,97.486,97.644,97.68,97.71,97.82,97.902,97.886,97.932,97.962,98.086,98.164,98.18,98.226,98.206,98.308,98.256,98.366,98.458,98.414,98.536,98.5,98.546,98.544,98.596,98.664,98.584,98.752,98.752,98.632,98.682,98.71,98.762,98.812,98.882,98.786,98.828,98.836,98.896,98.944,98.868,98.918,99.002,98.958,98.98,98.938,99.036,99.008,99.084,99.038
27.73,45.724,59.298,67.732,72.074,75.94,78.316,80.428,81.934,83.308,84.44,85.592,86.462,87.294,87.994,88.576,89.29,89.758,90.368,90.852,91.1,91.828,92.138,92.688,93.072,93.202,93.47,93.782,94.138,94.286,94.554,94.972,94.946,95.24,95.408,95.562,95.782,95.97,96.162,96.228,96.39,96.53,96.61,96.726,96.972,97.022,97.068,97.238,97.246,97.346,97.482,97.51,97.57,97.664,97.666,97.808,97.89,97.95,98.028,98.102,98.01,98.132,98.238,98.168,98.258,98.29,98.372,98.368,98.474,98.422,98.562,98.456,98.514,98.624,98.558,98.576,98.532,98.692,98.662,98.756,98.736,98.762,98.828,98.798,98.804,98.836,98.892,98.86,98.846,98.918,98.892,99.054,98.968,98.974,98.946,99.058,99.054,98.976,99.082,98.974

val_acc1
21.78,46.89,60.58,69.31,72.46,70.81,73.73,79.02,74.13,76.32,81.77,82.97,79.08,81.49,82.01,84.71,85.14,83.61,84.42,85.72,84.9,84.57,84.24,83.54,86.17,87.25,86.27,87.65,87.49,87.99,87.23,86.41,86.31,87.88,85.38,88.63,86.87,89.42,88.99,88.65,88.64,88.15,88.28,87.57,88.5,87.99,88.75,88.95,89.62,89.49,88.56,88.56,89.3,89.99,89.64,88.73,88.75,89.71,90.15,88.77,88.05,89.26,89.56,87.34,89.95,90.38,89.65,89.51,89.89,89.38,90.2,89.99,89.38,90.13,89.95,90.04,89.81,89.3,88.51,89.81,90.36,90.12,90.61,88.99,89.48,89.55,90.33,90.61,89.76,89.27,89.93,89.44,87.97,90.6,90.3,90.21,90.8,90.67,90.09,90.68
25.77,50.23,57.66,67.25,70.43,68.82,76.49,78.92,73.87,77.77,82.18,78.91,82.61,81.81,83.13,85.11,83.52,84.33,86.28,85.79,85.27,86.19,86.04,80.27,86.34,85.27,86.94,87.11,86.85,87.52,88.36,87.2,86.62,88.84,87.53,88.07,88.42,86.66,87.93,86.42,89.07,88.11,88.11,86.46,88.7,88.8,90.43,89.54,88.94,89.93,87.88,89.42,89.87,90.16,88.63,89.93,89.13,90.28,89.36,88.49,89.84,89.3,89.83,89.49,89.88,90.04,89.58,90.4,90.53,90.81,90.35,90.28,90.06,90.81,89.55,89.72,89.6,89.22,90.11,89.88,90.84,90.1,90.62,88.88,90.49,90.07,90.31,90.35,90.11,90.61,89.77,90.33,90.32,91.03,89.31,90.14,89.75,90.44,89.06,90.74

val_loss
2.233,1.42,1.086,0.889,0.816,0.864,0.764,0.632,0.85,0.755,0.554,0.528,0.67,0.599,0.558,0.486,0.479,0.503,0.506,0.458,0.484,0.507,0.5,0.597,0.465,0.427,0.505,0.422,0.443,0.414,0.454,0.484,0.506,0.426,0.547,0.405,0.505,0.399,0.4,0.442,0.433,0.451,0.429,0.526,0.487,0.525,0.457,0.427,0.401,0.42,0.478,0.479,0.437,0.406,0.431,0.462,0.486,0.453,0.433,0.476,0.534,0.465,0.458,0.661,0.418,0.437,0.514,0.517,0.473,0.477,0.462,0.476,0.518,0.486,0.491,0.516,0.501,0.599,0.58,0.481,0.453,0.484,0.443,0.547,0.563,0.551,0.458,0.465,0.49,0.563,0.534,0.552,0.634,0.475,0.525,0.501,0.465,0.463,0.541,0.475
2.159,1.289,1.186,0.944,0.874,0.948,0.704,0.64,0.848,0.71,0.547,0.655,0.561,0.594,0.515,0.452,0.544,0.493,0.439,0.46,0.478,0.458,0.469,0.757,0.455,0.492,0.444,0.451,0.462,0.433,0.406,0.474,0.477,0.389,0.48,0.457,0.437,0.513,0.465,0.546,0.418,0.477,0.476,0.562,0.505,0.461,0.388,0.431,0.458,0.399,0.547,0.442,0.403,0.416,0.501,0.42,0.476,0.452,0.47,0.522,0.46,0.468,0.469,0.474,0.458,0.466,0.545,0.431,0.445,0.426,0.448,0.439,0.494,0.449,0.509,0.508,0.542,0.544,0.481,0.51,0.463,0.478,0.505,0.571,0.484,0.565,0.468,0.494,0.466,0.466,0.541,0.505,0.514,0.434,0.578,0.498,0.555,0.523,0.618,0.501

learning_rate
0.0003,0.0003,0.0003,0.0003,0.0003,0.0003,0.0003,0.0003,0.0003,0.0003,0.0003,0.0003,0.0003,0.0003,0.0003,0.0003,0.0003,0.0003,0.0003,0.0003,0.0003,0.0003,0.0003,0.0003,0.0003,0.0003,0.0003,0.0003,0.0003,0.0003,0.0003,0.0003,0.0003,0.0003,0.0003,0.0003,0.0003,0.0003,0.0003,0.0003,0.0003,0.0003,0.0003,0.0003,0.0003,0.0003,0.0003,0.0003,0.0003,0.0003,0.0003,0.0003,0.0003,0.0003,0.0003,0.0003,0.0003,0.0003,0.0003,0.0003,0.0003,0.0003,0.0003,0.0003,0.0003,0.0003,0.0003,0.0003,0.0003,0.0003,0.0003,0.0003,0.0003,0.0003,0.0003,0.0003,0.0003,0.0003,0.0003,0.0003,0.0003,0.0003,0.0003,0.0003,0.0003,0.0003,0.0003,0.0003,0.0003,0.0003,0.0003,0.0003,0.0003,0.0003,0.0003,0.0003,0.0003,0.0003,0.0003,0.0003
0.0003,0.0003,0.0003,0.0003,0.0003,0.0003,0.0003,0.0003,0.0003,0.0003,0.0003,0.0003,0.0003,0.0003,0.0003,0.0003,0.0003,0.0003,0.0003,0.0003,0.0003,0.0003,0.0003,0.0003,0.0003,0.0003,0.0003,0.0003,0.0003,0.0003,0.0003,0.0003,0.0003,0.0003,0.0003,0.0003,0.0003,0.0003,0.0003,0.0003,0.0003,0.0003,0.0003,0.0003,0.0003,0.0003,0.0003,0.0003,0.0003,0.0003,0.0003,0.0003,0.0003,0.0003,0.0003,0.0003,0.0003,0.0003,0.0003,0.0003,0.0003,0.0003,0.0003,0.0003,0.0003,0.0003,0.0003,0.0003,0.0003,0.0003,0.0003,0.0003,0.0003,0.0003,0.0003,0.0003,0.0003,0.0003,0.0003,0.0003,0.0003,0.0003,0.0003,0.0003,0.0003,0.0003,0.0003,0.0003,0.0003,0.0003,0.0003,0.0003,0.0003,0.0003,0.0003,0.0003,0.0003,0.0003,0.0003,0.0003

