parameters
sgd_lr:0.001
sgd_momentum:0.9
sgd_weight_decay:0
sgd_dampening:0
sgd_nesterov:True
architecture:vgg19bn_
dataset:cifar10
combine_datasets:False
do_validation_set:False
epochs:100
batch_size:128
test_set_split:0.1666667
validation_set_split:0.0
reduce_train_set:1
executions:2
base_seed:1230
training_method:sgd
learning_method:constant

train_loss
1.849,1.421,1.217,1.077,0.968,0.886,0.821,0.765,0.72,0.684,0.65,0.621,0.592,0.565,0.543,0.524,0.502,0.483,0.465,0.448,0.432,0.421,0.406,0.391,0.379,0.362,0.354,0.347,0.326,0.319,0.31,0.302,0.29,0.277,0.272,0.264,0.255,0.245,0.239,0.232,0.228,0.219,0.215,0.207,0.197,0.189,0.181,0.182,0.176,0.169,0.168,0.16,0.153,0.151,0.148,0.143,0.132,0.135,0.125,0.126,0.12,0.12,0.111,0.11,0.103,0.102,0.101,0.096,0.097,0.092,0.09,0.089,0.083,0.079,0.081,0.078,0.078,0.072,0.073,0.074,0.073,0.069,0.065,0.065,0.059,0.058,0.059,0.061,0.055,0.056,0.055,0.057,0.053,0.049,0.048,0.049,0.048,0.049,0.046,0.045
1.831,1.407,1.201,1.077,0.982,0.893,0.829,0.771,0.727,0.688,0.655,0.62,0.596,0.564,0.544,0.52,0.498,0.48,0.465,0.446,0.429,0.417,0.403,0.387,0.373,0.362,0.353,0.339,0.329,0.316,0.305,0.298,0.288,0.276,0.272,0.263,0.252,0.243,0.234,0.233,0.227,0.218,0.208,0.204,0.192,0.191,0.183,0.181,0.173,0.169,0.163,0.161,0.148,0.149,0.147,0.143,0.132,0.134,0.125,0.121,0.12,0.12,0.111,0.107,0.106,0.104,0.099,0.098,0.096,0.092,0.088,0.085,0.085,0.082,0.08,0.08,0.076,0.077,0.072,0.069,0.07,0.072,0.063,0.065,0.062,0.059,0.057,0.058,0.058,0.057,0.056,0.054,0.052,0.052,0.053,0.051,0.046,0.048,0.044,0.043

train_acc1
29.274,47.23,55.842,61.058,65.308,68.33,70.786,72.884,74.508,75.752,77.156,77.984,79.072,79.924,80.854,81.61,82.28,83.018,83.662,84.216,84.904,85.346,85.802,86.288,86.586,87.206,87.508,87.71,88.448,88.768,88.982,89.308,89.882,90.102,90.392,90.658,90.984,91.42,91.58,91.844,91.654,92.326,92.38,92.642,93.002,93.386,93.564,93.488,93.73,94.068,94.082,94.372,94.526,94.674,94.728,94.996,95.274,95.172,95.576,95.534,95.798,95.746,96.124,96.076,96.338,96.43,96.47,96.622,96.55,96.74,96.824,96.868,97.076,97.196,97.114,97.298,97.21,97.412,97.444,97.376,97.422,97.65,97.724,97.69,97.978,97.92,97.86,97.864,98.028,97.982,98.06,97.974,98.188,98.236,98.27,98.292,98.31,98.278,98.358,98.404
30.428,48.188,56.3,61.12,64.856,68.32,70.422,72.758,74.294,75.574,76.946,78.224,79.208,80.12,80.946,81.636,82.516,83.21,83.628,84.306,84.896,85.422,85.788,86.268,86.852,87.274,87.63,88.058,88.28,88.804,89.254,89.432,89.832,90.222,90.458,90.814,91.132,91.358,91.688,91.76,92.148,92.22,92.598,92.764,93.162,93.196,93.488,93.576,93.88,93.968,94.222,94.358,94.674,94.732,94.846,94.856,95.314,95.232,95.558,95.63,95.618,95.768,96.03,96.074,96.2,96.38,96.424,96.476,96.522,96.804,96.856,97.032,96.964,97.056,97.156,97.176,97.254,97.262,97.442,97.574,97.636,97.48,97.756,97.686,97.802,97.862,98.008,97.99,97.982,97.958,98.016,98.096,98.158,98.138,98.154,98.212,98.342,98.318,98.422,98.514

val_acc1
42.69,53.81,59.45,63.94,68.19,70.78,71.42,72.99,74.18,74.24,76.07,77.55,76.5,77.61,79.92,78.85,78.65,79.39,80.82,80.15,80.1,81.23,80.95,81.48,81.69,81.75,81.64,81.98,82.23,82.3,83.47,83.18,81.83,83.15,82.67,82.72,83.46,82.97,83.82,83.85,83.63,84.09,83.76,84.5,83.37,84.26,83.71,83.78,84.27,83.9,84.86,84.34,84.08,84.62,84.66,85.15,84.37,84.71,85.31,84.92,84.58,84.89,84.54,85.32,85.19,84.93,84.91,85.1,85.35,84.92,84.95,85.71,85.53,85.81,85.66,85.5,85.51,85.31,85.5,85.43,85.37,85.76,85.77,85.73,85.83,86.21,85.62,85.66,85.6,85.97,85.93,85.95,85.59,85.75,86.07,86.01,85.89,85.75,85.62,86.09
44.0,54.56,60.03,62.56,66.9,69.79,71.79,71.71,73.67,75.52,75.69,76.84,75.95,78.95,78.09,79.7,79.3,80.18,80.44,80.53,80.94,81.5,80.79,81.64,81.99,83.22,81.9,82.41,80.65,83.31,83.52,82.65,82.17,83.89,83.11,83.31,83.09,83.83,83.97,84.06,84.12,84.1,84.37,84.29,84.27,84.24,84.71,83.83,84.05,84.69,84.21,84.43,84.45,84.44,85.22,84.26,85.3,85.19,85.6,85.19,85.27,85.87,85.37,85.4,85.28,85.36,85.32,85.41,85.34,85.44,85.64,84.76,85.56,85.79,85.52,85.6,85.61,85.84,85.56,85.23,86.09,85.9,85.84,85.91,85.91,86.25,86.16,86.14,86.13,86.15,85.84,86.22,86.2,85.79,86.52,86.42,86.53,86.32,85.96,86.48

val_loss
1.526,1.251,1.121,1.002,0.888,0.83,0.799,0.78,0.744,0.732,0.686,0.644,0.696,0.641,0.591,0.605,0.628,0.602,0.571,0.592,0.588,0.557,0.557,0.566,0.554,0.538,0.559,0.554,0.547,0.542,0.516,0.529,0.562,0.524,0.556,0.549,0.54,0.551,0.516,0.534,0.543,0.529,0.534,0.529,0.571,0.535,0.572,0.57,0.554,0.574,0.527,0.542,0.569,0.546,0.573,0.547,0.59,0.598,0.557,0.562,0.593,0.56,0.61,0.572,0.567,0.593,0.614,0.605,0.606,0.606,0.622,0.594,0.604,0.603,0.609,0.611,0.613,0.623,0.609,0.633,0.614,0.612,0.615,0.62,0.632,0.64,0.642,0.625,0.652,0.64,0.631,0.637,0.679,0.647,0.643,0.643,0.642,0.66,0.669,0.655
1.489,1.24,1.105,1.038,0.938,0.859,0.797,0.801,0.762,0.705,0.694,0.666,0.713,0.613,0.633,0.587,0.608,0.586,0.581,0.572,0.56,0.544,0.554,0.554,0.548,0.51,0.559,0.545,0.608,0.521,0.514,0.544,0.548,0.508,0.534,0.52,0.55,0.524,0.518,0.513,0.528,0.539,0.528,0.524,0.551,0.554,0.523,0.559,0.571,0.553,0.572,0.541,0.552,0.578,0.545,0.583,0.549,0.563,0.553,0.575,0.56,0.552,0.575,0.568,0.58,0.565,0.598,0.601,0.61,0.607,0.597,0.631,0.594,0.603,0.61,0.608,0.617,0.624,0.612,0.665,0.619,0.636,0.625,0.613,0.626,0.63,0.624,0.627,0.631,0.631,0.636,0.634,0.622,0.654,0.624,0.62,0.634,0.644,0.673,0.649

learning_rate
0.001,0.001,0.001,0.001,0.001,0.001,0.001,0.001,0.001,0.001,0.001,0.001,0.001,0.001,0.001,0.001,0.001,0.001,0.001,0.001,0.001,0.001,0.001,0.001,0.001,0.001,0.001,0.001,0.001,0.001,0.001,0.001,0.001,0.001,0.001,0.001,0.001,0.001,0.001,0.001,0.001,0.001,0.001,0.001,0.001,0.001,0.001,0.001,0.001,0.001,0.001,0.001,0.001,0.001,0.001,0.001,0.001,0.001,0.001,0.001,0.001,0.001,0.001,0.001,0.001,0.001,0.001,0.001,0.001,0.001,0.001,0.001,0.001,0.001,0.001,0.001,0.001,0.001,0.001,0.001,0.001,0.001,0.001,0.001,0.001,0.001,0.001,0.001,0.001,0.001,0.001,0.001,0.001,0.001,0.001,0.001,0.001,0.001,0.001,0.001
0.001,0.001,0.001,0.001,0.001,0.001,0.001,0.001,0.001,0.001,0.001,0.001,0.001,0.001,0.001,0.001,0.001,0.001,0.001,0.001,0.001,0.001,0.001,0.001,0.001,0.001,0.001,0.001,0.001,0.001,0.001,0.001,0.001,0.001,0.001,0.001,0.001,0.001,0.001,0.001,0.001,0.001,0.001,0.001,0.001,0.001,0.001,0.001,0.001,0.001,0.001,0.001,0.001,0.001,0.001,0.001,0.001,0.001,0.001,0.001,0.001,0.001,0.001,0.001,0.001,0.001,0.001,0.001,0.001,0.001,0.001,0.001,0.001,0.001,0.001,0.001,0.001,0.001,0.001,0.001,0.001,0.001,0.001,0.001,0.001,0.001,0.001,0.001,0.001,0.001,0.001,0.001,0.001,0.001,0.001,0.001,0.001,0.001,0.001,0.001

