parameters
tas_alpha:10
tas_beta:0.5
tas_gamma:0.02
sgd_lr:0.05
sgd_momentum:0.9
sgd_weight_decay:0
sgd_dampening:0
sgd_nesterov:True
architecture:vgg19bn_
dataset:cifar10
combine_datasets:False
do_validation_set:False
epochs:100
batch_size:128
test_set_split:0.1666667
validation_set_split:0.0
reduce_train_set:1
executions:2
base_seed:1230
training_method:sgd
learning_method:tas

train_loss
2.294,1.824,1.496,1.2,0.98,0.802,0.688,0.608,0.554,0.504,0.458,0.427,0.395,0.365,0.339,0.322,0.299,0.282,0.263,0.246,0.228,0.214,0.203,0.192,0.182,0.172,0.162,0.147,0.14,0.129,0.124,0.119,0.108,0.105,0.098,0.089,0.083,0.078,0.074,0.071,0.065,0.06,0.055,0.051,0.046,0.044,0.04,0.038,0.03,0.03,0.029,0.025,0.024,0.021,0.019,0.02,0.014,0.013,0.012,0.011,0.01,0.009,0.009,0.007,0.008,0.006,0.006,0.006,0.005,0.005,0.004,0.004,0.003,0.003,0.003,0.003,0.003,0.003,0.002,0.002,0.003,0.003,0.002,0.002,0.002,0.002,0.002,0.002,0.002,0.002,0.002,0.001,0.002,0.001,0.002,0.002,0.002,0.002,0.001,0.002
2.274,1.809,1.578,1.362,1.128,0.923,0.782,0.679,0.605,0.544,0.494,0.459,0.421,0.387,0.357,0.343,0.316,0.295,0.271,0.262,0.24,0.229,0.213,0.203,0.186,0.177,0.165,0.156,0.143,0.135,0.128,0.123,0.114,0.107,0.099,0.095,0.086,0.081,0.074,0.071,0.065,0.061,0.056,0.053,0.046,0.043,0.04,0.038,0.033,0.031,0.029,0.027,0.022,0.021,0.018,0.017,0.016,0.012,0.011,0.011,0.009,0.01,0.007,0.007,0.006,0.005,0.005,0.006,0.005,0.004,0.004,0.003,0.003,0.003,0.003,0.003,0.003,0.002,0.002,0.002,0.002,0.002,0.002,0.002,0.001,0.002,0.001,0.001,0.002,0.001,0.002,0.002,0.002,0.002,0.001,0.002,0.001,0.001,0.002,0.001

train_acc1
16.484,29.724,43.958,56.776,65.83,72.558,76.538,79.482,81.308,83.018,84.618,85.584,86.656,87.654,88.606,89.016,89.854,90.364,91.012,91.536,92.044,92.646,93.052,93.424,93.776,94.15,94.42,95.018,95.202,95.482,95.708,95.86,96.298,96.312,96.646,96.926,97.094,97.284,97.486,97.564,97.684,97.94,98.15,98.18,98.364,98.512,98.6,98.642,98.98,98.946,98.994,99.162,99.182,99.308,99.314,99.29,99.468,99.518,99.574,99.66,99.684,99.692,99.696,99.762,99.776,99.812,99.818,99.814,99.86,99.852,99.908,99.87,99.89,99.896,99.912,99.888,99.904,99.918,99.926,99.926,99.874,99.902,99.924,99.944,99.938,99.938,99.944,99.952,99.934,99.928,99.932,99.958,99.932,99.954,99.946,99.944,99.958,99.948,99.952,99.93
17.592,30.776,40.406,50.186,59.752,67.64,72.988,76.492,79.464,81.526,83.3,84.468,85.704,86.964,87.912,88.334,89.298,90.048,90.742,91.178,91.878,91.964,92.668,92.964,93.628,93.94,94.298,94.62,95.042,95.446,95.604,95.776,96.046,96.266,96.544,96.698,96.986,97.13,97.452,97.49,97.764,97.88,97.932,98.212,98.372,98.534,98.622,98.688,98.886,98.944,98.984,99.104,99.218,99.274,99.388,99.388,99.424,99.606,99.614,99.59,99.692,99.68,99.77,99.762,99.762,99.832,99.824,99.81,99.83,99.872,99.868,99.874,99.874,99.908,99.916,99.904,99.876,99.926,99.926,99.942,99.918,99.928,99.956,99.936,99.954,99.938,99.952,99.952,99.94,99.958,99.94,99.93,99.94,99.95,99.972,99.938,99.956,99.948,99.932,99.972

val_acc1
26.16,36.94,46.5,59.68,69.17,71.69,77.25,78.51,81.96,80.15,84.15,84.25,83.71,85.58,85.78,85.89,83.82,86.81,88.0,86.99,86.03,87.92,87.13,88.52,88.48,88.55,88.55,89.11,88.23,88.8,89.22,88.77,89.02,87.52,88.59,89.36,89.37,89.63,89.16,90.32,89.84,90.35,89.86,89.56,90.4,90.24,90.21,90.26,90.77,90.54,90.8,90.58,90.59,90.59,90.49,90.39,90.81,90.8,91.24,91.02,91.24,91.38,91.37,91.3,91.28,91.38,91.33,91.51,91.45,91.46,91.4,91.49,91.56,91.59,91.53,91.47,91.61,91.46,91.61,91.57,91.68,91.65,91.7,91.64,91.71,91.75,91.63,91.56,91.64,91.65,91.7,91.69,91.64,91.72,91.7,91.75,91.66,91.67,91.84,91.8
24.68,35.11,41.18,52.72,62.72,70.77,73.33,77.96,78.3,77.66,82.29,83.26,83.73,85.21,84.9,84.81,85.69,86.31,86.62,85.79,86.36,87.78,87.64,88.31,87.48,88.03,87.89,88.18,88.59,87.86,88.12,88.7,88.35,89.38,88.98,89.48,88.93,89.39,89.83,89.14,89.32,89.38,89.37,89.95,89.92,89.1,89.88,89.96,89.71,89.95,90.12,90.22,90.15,90.45,90.41,90.76,90.59,90.73,90.84,90.81,90.79,90.7,90.87,90.82,90.72,90.78,90.84,91.08,90.86,91.08,91.09,91.27,91.08,91.08,91.13,91.17,91.12,91.32,91.24,91.21,91.15,91.22,91.19,91.12,91.17,91.08,91.06,91.19,91.19,91.17,91.18,91.32,91.13,91.15,91.21,91.17,91.17,91.15,91.09,91.25

val_loss
2.166,1.658,1.534,1.317,0.896,0.842,0.674,0.635,0.545,0.609,0.476,0.472,0.496,0.442,0.435,0.422,0.52,0.389,0.386,0.408,0.464,0.388,0.414,0.367,0.376,0.361,0.377,0.365,0.399,0.361,0.36,0.389,0.395,0.461,0.407,0.398,0.377,0.41,0.431,0.386,0.411,0.39,0.43,0.423,0.427,0.44,0.423,0.43,0.438,0.444,0.454,0.441,0.44,0.453,0.498,0.48,0.479,0.486,0.457,0.486,0.482,0.474,0.479,0.504,0.492,0.505,0.517,0.501,0.509,0.503,0.51,0.508,0.524,0.514,0.517,0.531,0.528,0.531,0.543,0.543,0.543,0.55,0.534,0.538,0.543,0.561,0.556,0.549,0.558,0.546,0.55,0.55,0.541,0.558,0.547,0.547,0.554,0.548,0.564,0.553
2.097,1.665,1.779,1.327,1.052,0.857,0.758,0.653,0.641,0.666,0.539,0.499,0.503,0.451,0.46,0.459,0.45,0.415,0.417,0.437,0.431,0.388,0.392,0.382,0.415,0.377,0.405,0.384,0.391,0.402,0.429,0.403,0.431,0.397,0.407,0.393,0.423,0.402,0.41,0.434,0.434,0.424,0.432,0.423,0.438,0.497,0.453,0.447,0.475,0.457,0.486,0.467,0.492,0.467,0.485,0.48,0.474,0.492,0.495,0.506,0.528,0.509,0.542,0.556,0.545,0.556,0.57,0.532,0.542,0.549,0.562,0.555,0.57,0.565,0.561,0.575,0.583,0.583,0.571,0.585,0.601,0.597,0.586,0.596,0.598,0.612,0.609,0.599,0.609,0.602,0.618,0.606,0.606,0.605,0.61,0.607,0.61,0.613,0.619,0.616

learning_rate
0.049672,0.049638,0.0496,0.049558,0.049512,0.049462,0.049406,0.049344,0.049276,0.049201,0.049119,0.049028,0.048928,0.048818,0.048697,0.048564,0.048418,0.048257,0.048081,0.047888,0.047676,0.047444,0.047191,0.046914,0.046612,0.046283,0.045925,0.045535,0.045112,0.044654,0.044159,0.043625,0.043049,0.042431,0.041769,0.041061,0.040307,0.039506,0.038658,0.037763,0.036822,0.035837,0.034809,0.033741,0.032637,0.031501,0.030336,0.029148,0.027942,0.026724,0.0255,0.024276,0.023058,0.021852,0.020664,0.019499,0.018363,0.017259,0.016191,0.015163,0.014178,0.013237,0.012342,0.011494,0.010693,0.009939,0.009231,0.008569,0.007951,0.007375,0.006841,0.006346,0.005888,0.005465,0.005075,0.004717,0.004388,0.004086,0.003809,0.003556,0.003324,0.003112,0.002919,0.002743,0.002582,0.002436,0.002303,0.002182,0.002072,0.001972,0.001881,0.001799,0.001724,0.001656,0.001594,0.001538,0.001488,0.001442,0.0014,0.001362
0.049672,0.049638,0.0496,0.049558,0.049512,0.049462,0.049406,0.049344,0.049276,0.049201,0.049119,0.049028,0.048928,0.048818,0.048697,0.048564,0.048418,0.048257,0.048081,0.047888,0.047676,0.047444,0.047191,0.046914,0.046612,0.046283,0.045925,0.045535,0.045112,0.044654,0.044159,0.043625,0.043049,0.042431,0.041769,0.041061,0.040307,0.039506,0.038658,0.037763,0.036822,0.035837,0.034809,0.033741,0.032637,0.031501,0.030336,0.029148,0.027942,0.026724,0.0255,0.024276,0.023058,0.021852,0.020664,0.019499,0.018363,0.017259,0.016191,0.015163,0.014178,0.013237,0.012342,0.011494,0.010693,0.009939,0.009231,0.008569,0.007951,0.007375,0.006841,0.006346,0.005888,0.005465,0.005075,0.004717,0.004388,0.004086,0.003809,0.003556,0.003324,0.003112,0.002919,0.002743,0.002582,0.002436,0.002303,0.002182,0.002072,0.001972,0.001881,0.001799,0.001724,0.001656,0.001594,0.001538,0.001488,0.001442,0.0014,0.001362

