parameters
tas_alpha:50
tas_beta:0.5
tas_gamma:0.02
sgd_lr:0.05
sgd_momentum:0.9
sgd_weight_decay:0
sgd_dampening:0
sgd_nesterov:True
architecture:vgg19bn_
dataset:cifar10
combine_datasets:False
do_validation_set:False
epochs:100
batch_size:128
test_set_split:0.1666667
validation_set_split:0.0
reduce_train_set:1
executions:2
base_seed:1230
training_method:sgd
learning_method:tas

train_loss
2.238,1.717,1.421,1.139,0.931,0.772,0.671,0.599,0.541,0.493,0.453,0.422,0.387,0.359,0.335,0.319,0.289,0.277,0.258,0.242,0.223,0.214,0.202,0.189,0.181,0.167,0.157,0.15,0.143,0.13,0.127,0.12,0.112,0.108,0.103,0.097,0.09,0.086,0.083,0.079,0.075,0.074,0.068,0.065,0.059,0.056,0.048,0.046,0.039,0.03,0.024,0.015,0.013,0.011,0.008,0.007,0.005,0.005,0.006,0.005,0.005,0.004,0.004,0.004,0.004,0.005,0.004,0.004,0.004,0.004,0.004,0.004,0.004,0.004,0.003,0.004,0.004,0.004,0.004,0.003,0.003,0.004,0.004,0.003,0.004,0.003,0.003,0.003,0.003,0.003,0.003,0.003,0.003,0.003,0.003,0.003,0.003,0.003,0.003,0.003
2.328,1.824,1.561,1.259,1.001,0.833,0.728,0.642,0.582,0.527,0.481,0.442,0.41,0.378,0.351,0.334,0.308,0.288,0.271,0.252,0.237,0.224,0.209,0.197,0.184,0.174,0.167,0.155,0.147,0.138,0.128,0.122,0.121,0.112,0.106,0.103,0.096,0.093,0.09,0.081,0.078,0.073,0.069,0.069,0.063,0.056,0.051,0.048,0.043,0.029,0.022,0.018,0.011,0.01,0.008,0.007,0.006,0.006,0.006,0.004,0.005,0.005,0.005,0.005,0.004,0.004,0.005,0.005,0.004,0.004,0.004,0.003,0.004,0.004,0.004,0.003,0.004,0.004,0.004,0.003,0.003,0.003,0.004,0.004,0.004,0.003,0.003,0.003,0.003,0.004,0.003,0.003,0.004,0.003,0.003,0.004,0.003,0.003,0.003,0.003

train_acc1
18.518,34.134,47.46,59.312,67.262,73.382,77.088,79.546,81.746,83.448,84.806,85.8,86.872,87.894,88.612,89.254,90.276,90.544,91.23,91.778,92.392,92.708,93.154,93.536,93.796,94.23,94.546,94.81,95.126,95.538,95.548,95.814,96.134,96.292,96.412,96.648,96.86,97.008,97.162,97.27,97.492,97.484,97.622,97.768,97.962,98.044,98.336,98.434,98.628,98.968,99.216,99.482,99.568,99.624,99.732,99.78,99.824,99.85,99.816,99.86,99.86,99.868,99.858,99.894,99.854,99.838,99.896,99.862,99.868,99.866,99.87,99.882,99.88,99.866,99.89,99.878,99.87,99.878,99.888,99.898,99.92,99.858,99.854,99.898,99.866,99.902,99.896,99.894,99.902,99.912,99.92,99.898,99.9,99.908,99.882,99.886,99.894,99.906,99.878,99.91
14.376,28.48,40.566,54.168,64.698,71.228,75.06,78.102,80.422,82.376,83.674,85.098,86.08,87.372,88.152,88.738,89.522,90.414,90.792,91.486,91.9,92.442,92.764,93.178,93.662,94.008,94.268,94.746,94.998,95.202,95.68,95.832,95.832,96.208,96.41,96.508,96.718,96.776,96.896,97.206,97.372,97.512,97.608,97.644,97.868,98.178,98.186,98.346,98.524,98.96,99.226,99.414,99.636,99.664,99.754,99.762,99.8,99.808,99.82,99.858,99.826,99.854,99.83,99.852,99.848,99.872,99.83,99.828,99.868,99.856,99.866,99.894,99.87,99.854,99.86,99.884,99.87,99.864,99.852,99.892,99.876,99.882,99.87,99.878,99.888,99.904,99.912,99.916,99.91,99.882,99.906,99.896,99.868,99.904,99.914,99.878,99.906,99.904,99.914,99.9

val_acc1
29.52,40.9,50.77,61.15,70.63,72.64,76.84,76.97,81.22,80.9,82.33,84.04,82.62,83.79,85.48,84.53,85.48,87.39,85.52,86.98,86.4,87.94,87.48,86.77,87.91,87.12,87.61,88.42,87.79,88.5,87.97,87.9,87.38,88.6,88.81,89.38,89.31,88.75,88.58,89.42,89.14,89.26,88.73,89.54,89.59,89.51,89.62,90.22,89.68,90.11,90.81,90.92,91.15,91.44,91.46,91.64,91.57,91.52,91.66,91.57,91.42,91.58,91.5,91.73,91.71,91.71,91.74,91.76,91.6,91.57,91.5,91.66,91.66,91.68,91.6,91.7,91.67,91.65,91.76,91.65,91.62,91.58,91.67,91.61,91.68,91.57,91.62,91.57,91.58,91.56,91.57,91.64,91.69,91.64,91.59,91.71,91.63,91.6,91.65,91.56
22.23,35.54,46.59,57.08,67.77,72.11,75.54,77.83,80.34,77.98,81.92,83.07,82.74,85.53,84.15,85.53,83.69,86.74,86.33,84.12,86.04,87.49,86.22,86.41,88.24,88.04,86.98,87.07,88.17,88.53,88.31,88.76,88.12,89.51,88.92,89.11,89.43,87.5,88.2,88.7,88.78,89.48,89.77,89.46,88.75,89.68,89.71,88.8,90.41,90.13,90.77,90.65,91.01,90.9,91.11,91.15,91.25,91.26,91.26,91.28,91.19,91.24,91.19,91.24,91.32,91.19,91.25,91.27,91.31,91.25,91.29,91.23,91.12,91.21,91.12,91.16,91.18,91.21,91.36,91.19,91.29,91.23,91.24,91.35,91.34,91.27,91.39,91.32,91.38,91.27,91.27,91.3,91.27,91.4,91.36,91.29,91.31,91.33,91.3,91.25

val_loss
1.807,1.53,1.377,1.094,0.835,0.79,0.693,0.664,0.573,0.584,0.535,0.459,0.539,0.506,0.432,0.479,0.446,0.376,0.458,0.412,0.428,0.385,0.397,0.438,0.387,0.423,0.415,0.38,0.412,0.383,0.409,0.46,0.446,0.405,0.408,0.371,0.406,0.427,0.454,0.408,0.41,0.397,0.445,0.4,0.441,0.453,0.433,0.416,0.433,0.449,0.454,0.456,0.441,0.452,0.466,0.464,0.47,0.466,0.455,0.48,0.479,0.476,0.478,0.493,0.482,0.477,0.489,0.479,0.482,0.484,0.501,0.487,0.502,0.487,0.498,0.496,0.496,0.501,0.488,0.501,0.511,0.5,0.499,0.496,0.497,0.509,0.507,0.501,0.516,0.503,0.514,0.511,0.514,0.508,0.515,0.513,0.518,0.514,0.525,0.526
2.072,1.679,1.416,1.367,0.922,0.817,0.72,0.67,0.597,0.674,0.553,0.494,0.521,0.448,0.474,0.439,0.516,0.402,0.428,0.48,0.453,0.399,0.437,0.453,0.373,0.374,0.433,0.472,0.422,0.382,0.385,0.422,0.406,0.363,0.398,0.387,0.395,0.476,0.438,0.419,0.436,0.415,0.4,0.415,0.472,0.429,0.438,0.463,0.421,0.435,0.447,0.459,0.477,0.469,0.478,0.483,0.479,0.484,0.473,0.496,0.485,0.486,0.484,0.495,0.484,0.485,0.492,0.489,0.487,0.482,0.503,0.491,0.506,0.497,0.495,0.497,0.494,0.503,0.498,0.501,0.51,0.527,0.509,0.503,0.509,0.516,0.5,0.513,0.518,0.506,0.512,0.516,0.515,0.522,0.524,0.518,0.517,0.517,0.524,0.533

learning_rate
0.05,0.05,0.05,0.05,0.05,0.05,0.05,0.05,0.05,0.05,0.05,0.05,0.05,0.05,0.05,0.05,0.05,0.05,0.05,0.05,0.05,0.05,0.05,0.05,0.05,0.05,0.05,0.05,0.049999,0.049999,0.049998,0.049996,0.049994,0.04999,0.049984,0.049973,0.049955,0.049926,0.049879,0.049801,0.049672,0.049462,0.049119,0.048564,0.047676,0.046283,0.044159,0.041061,0.036822,0.031501,0.0255,0.019499,0.014178,0.009939,0.006841,0.004717,0.003324,0.002436,0.001881,0.001538,0.001328,0.001199,0.001121,0.001074,0.001045,0.001027,0.001016,0.00101,0.001006,0.001004,0.001002,0.001001,0.001001,0.001,0.001,0.001,0.001,0.001,0.001,0.001,0.001,0.001,0.001,0.001,0.001,0.001,0.001,0.001,0.001,0.001,0.001,0.001,0.001,0.001,0.001,0.001,0.001,0.001,0.001,0.001
0.05,0.05,0.05,0.05,0.05,0.05,0.05,0.05,0.05,0.05,0.05,0.05,0.05,0.05,0.05,0.05,0.05,0.05,0.05,0.05,0.05,0.05,0.05,0.05,0.05,0.05,0.05,0.05,0.049999,0.049999,0.049998,0.049996,0.049994,0.04999,0.049984,0.049973,0.049955,0.049926,0.049879,0.049801,0.049672,0.049462,0.049119,0.048564,0.047676,0.046283,0.044159,0.041061,0.036822,0.031501,0.0255,0.019499,0.014178,0.009939,0.006841,0.004717,0.003324,0.002436,0.001881,0.001538,0.001328,0.001199,0.001121,0.001074,0.001045,0.001027,0.001016,0.00101,0.001006,0.001004,0.001002,0.001001,0.001001,0.001,0.001,0.001,0.001,0.001,0.001,0.001,0.001,0.001,0.001,0.001,0.001,0.001,0.001,0.001,0.001,0.001,0.001,0.001,0.001,0.001,0.001,0.001,0.001,0.001,0.001,0.001

