parameters
tas_alpha:50
tas_beta:0.3
tas_gamma:0.02
sgd_lr:0.05
sgd_momentum:0.9
sgd_weight_decay:0
sgd_dampening:0
sgd_nesterov:True
architecture:vgg19bn_
dataset:cifar10
combine_datasets:False
do_validation_set:False
epochs:100
batch_size:128
test_set_split:0.1666667
validation_set_split:0.0
reduce_train_set:1
executions:2
base_seed:1230
training_method:sgd
learning_method:tas

train_loss
2.244,1.81,1.518,1.253,1.026,0.843,0.723,0.635,0.574,0.528,0.479,0.439,0.401,0.375,0.349,0.331,0.305,0.289,0.269,0.252,0.234,0.222,0.208,0.195,0.183,0.173,0.156,0.141,0.121,0.107,0.088,0.069,0.055,0.043,0.038,0.032,0.029,0.025,0.024,0.024,0.023,0.022,0.021,0.022,0.021,0.019,0.021,0.02,0.019,0.019,0.019,0.019,0.019,0.018,0.019,0.018,0.017,0.017,0.018,0.016,0.016,0.017,0.015,0.015,0.016,0.016,0.017,0.015,0.015,0.015,0.015,0.014,0.014,0.015,0.015,0.014,0.014,0.013,0.013,0.013,0.014,0.013,0.013,0.014,0.013,0.012,0.011,0.011,0.012,0.012,0.012,0.011,0.013,0.01,0.011,0.012,0.011,0.012,0.01,0.01
2.29,1.897,1.681,1.411,1.112,0.904,0.765,0.67,0.603,0.545,0.497,0.459,0.422,0.391,0.358,0.342,0.316,0.299,0.276,0.261,0.242,0.228,0.214,0.199,0.187,0.174,0.159,0.143,0.121,0.104,0.089,0.07,0.056,0.045,0.038,0.033,0.028,0.026,0.025,0.025,0.025,0.023,0.023,0.023,0.021,0.019,0.022,0.023,0.021,0.019,0.02,0.019,0.019,0.019,0.019,0.019,0.018,0.017,0.017,0.017,0.016,0.016,0.017,0.017,0.017,0.015,0.018,0.016,0.017,0.016,0.016,0.015,0.014,0.014,0.014,0.014,0.015,0.014,0.014,0.014,0.014,0.014,0.014,0.013,0.013,0.012,0.012,0.012,0.012,0.013,0.013,0.011,0.014,0.013,0.012,0.012,0.012,0.01,0.011,0.011

train_acc1
18.524,30.148,42.59,54.278,63.632,70.694,75.05,78.262,80.534,82.19,83.846,85.078,86.512,87.348,88.24,88.832,89.698,90.17,90.78,91.372,91.93,92.382,92.838,93.274,93.796,94.008,94.552,95.18,95.85,96.38,97.018,97.68,98.15,98.576,98.696,98.966,98.988,99.136,99.18,99.218,99.176,99.24,99.286,99.294,99.282,99.366,99.286,99.332,99.36,99.352,99.386,99.358,99.378,99.41,99.37,99.424,99.452,99.43,99.392,99.466,99.422,99.46,99.496,99.496,99.482,99.444,99.41,99.51,99.482,99.506,99.496,99.516,99.522,99.48,99.534,99.518,99.536,99.536,99.566,99.546,99.508,99.564,99.54,99.506,99.548,99.568,99.622,99.606,99.59,99.588,99.638,99.622,99.576,99.682,99.63,99.612,99.61,99.584,99.636,99.66
15.496,24.306,34.572,47.888,60.46,68.228,73.758,76.982,79.26,81.51,83.354,84.27,85.556,86.742,87.952,88.486,89.25,89.828,90.564,91.146,91.676,92.228,92.726,93.14,93.708,94.046,94.596,95.158,95.858,96.39,96.976,97.618,98.06,98.474,98.704,98.932,99.066,99.13,99.202,99.192,99.21,99.28,99.252,99.254,99.33,99.366,99.306,99.244,99.336,99.382,99.352,99.368,99.376,99.376,99.368,99.354,99.41,99.438,99.45,99.486,99.47,99.458,99.442,99.45,99.492,99.51,99.452,99.468,99.43,99.476,99.468,99.518,99.512,99.546,99.514,99.52,99.5,99.54,99.542,99.55,99.53,99.532,99.554,99.572,99.58,99.602,99.618,99.61,99.572,99.58,99.522,99.644,99.552,99.574,99.588,99.636,99.61,99.656,99.64,99.65

val_acc1
25.14,34.79,44.74,53.34,68.32,72.09,75.7,78.74,76.31,81.18,81.27,83.92,84.01,84.92,85.43,85.72,84.66,85.91,86.37,87.85,87.55,86.88,87.04,87.53,88.48,88.56,87.78,88.78,88.65,88.96,89.34,90.15,90.33,90.5,90.71,90.99,91.01,91.03,91.1,90.88,91.04,91.08,91.09,90.93,90.95,91.03,91.09,90.95,91.04,91.16,91.11,91.03,90.87,90.96,91.07,90.9,90.91,90.92,90.97,91.03,90.99,90.9,90.94,90.97,91.09,91.13,91.08,91.2,91.08,90.9,91.14,91.07,91.04,91.25,91.06,91.09,91.17,91.02,91.05,91.15,91.14,91.13,91.19,91.16,91.18,91.15,91.21,91.16,91.23,91.21,91.33,91.28,91.05,91.18,91.08,91.19,91.1,91.1,91.2,91.16
22.49,28.21,37.72,51.4,61.81,70.41,72.08,77.26,79.68,80.0,81.56,82.78,82.99,84.43,84.09,85.89,85.64,86.74,86.64,84.96,86.92,87.43,86.76,85.95,88.14,88.37,87.45,87.99,88.89,88.84,89.73,90.08,90.04,90.29,90.2,90.73,90.46,90.59,90.92,90.69,90.61,90.82,90.74,90.68,90.66,90.72,90.69,90.57,90.63,90.75,90.63,90.62,90.57,90.64,90.61,90.57,90.63,90.61,90.63,90.69,90.65,90.64,90.62,90.76,90.77,90.66,90.77,90.63,90.73,90.65,90.66,90.65,90.74,90.79,90.56,90.68,90.73,90.71,90.73,90.54,90.7,90.64,90.77,90.69,90.74,90.75,90.77,90.63,90.66,90.78,90.74,90.81,90.73,90.67,90.77,90.8,90.79,90.77,90.65,90.71

val_loss
2.236,2.082,1.55,1.302,0.921,0.811,0.711,0.636,0.75,0.586,0.567,0.471,0.491,0.458,0.434,0.434,0.476,0.418,0.433,0.374,0.407,0.405,0.415,0.401,0.374,0.376,0.395,0.379,0.385,0.37,0.381,0.371,0.383,0.391,0.394,0.401,0.399,0.396,0.404,0.408,0.419,0.408,0.418,0.421,0.421,0.434,0.419,0.422,0.426,0.434,0.438,0.427,0.442,0.431,0.446,0.444,0.447,0.443,0.437,0.454,0.456,0.444,0.449,0.453,0.451,0.449,0.457,0.454,0.462,0.467,0.474,0.462,0.472,0.464,0.462,0.47,0.472,0.473,0.473,0.475,0.482,0.486,0.476,0.485,0.474,0.487,0.486,0.485,0.5,0.485,0.486,0.494,0.486,0.5,0.491,0.496,0.501,0.493,0.509,0.491
1.917,1.82,1.83,1.367,1.072,0.87,0.829,0.66,0.616,0.624,0.565,0.499,0.537,0.486,0.487,0.432,0.453,0.395,0.43,0.495,0.409,0.393,0.422,0.472,0.375,0.383,0.42,0.407,0.389,0.4,0.399,0.399,0.392,0.396,0.405,0.402,0.411,0.424,0.422,0.415,0.431,0.422,0.436,0.431,0.456,0.455,0.439,0.431,0.434,0.435,0.445,0.444,0.446,0.447,0.445,0.451,0.455,0.454,0.448,0.466,0.465,0.462,0.458,0.477,0.461,0.465,0.478,0.47,0.468,0.465,0.479,0.467,0.485,0.487,0.476,0.485,0.488,0.485,0.486,0.491,0.496,0.5,0.488,0.492,0.492,0.506,0.499,0.499,0.507,0.497,0.5,0.503,0.507,0.503,0.508,0.501,0.507,0.505,0.513,0.521

learning_rate
0.05,0.05,0.05,0.05,0.05,0.05,0.05,0.05,0.049999,0.049999,0.049998,0.049996,0.049994,0.04999,0.049984,0.049973,0.049955,0.049926,0.049879,0.049801,0.049672,0.049462,0.049119,0.048564,0.047676,0.046283,0.044159,0.041061,0.036822,0.031501,0.0255,0.019499,0.014178,0.009939,0.006841,0.004717,0.003324,0.002436,0.001881,0.001538,0.001328,0.001199,0.001121,0.001074,0.001045,0.001027,0.001016,0.00101,0.001006,0.001004,0.001002,0.001001,0.001001,0.001,0.001,0.001,0.001,0.001,0.001,0.001,0.001,0.001,0.001,0.001,0.001,0.001,0.001,0.001,0.001,0.001,0.001,0.001,0.001,0.001,0.001,0.001,0.001,0.001,0.001,0.001,0.001,0.001,0.001,0.001,0.001,0.001,0.001,0.001,0.001,0.001,0.001,0.001,0.001,0.001,0.001,0.001,0.001,0.001,0.001,0.001
0.05,0.05,0.05,0.05,0.05,0.05,0.05,0.05,0.049999,0.049999,0.049998,0.049996,0.049994,0.04999,0.049984,0.049973,0.049955,0.049926,0.049879,0.049801,0.049672,0.049462,0.049119,0.048564,0.047676,0.046283,0.044159,0.041061,0.036822,0.031501,0.0255,0.019499,0.014178,0.009939,0.006841,0.004717,0.003324,0.002436,0.001881,0.001538,0.001328,0.001199,0.001121,0.001074,0.001045,0.001027,0.001016,0.00101,0.001006,0.001004,0.001002,0.001001,0.001001,0.001,0.001,0.001,0.001,0.001,0.001,0.001,0.001,0.001,0.001,0.001,0.001,0.001,0.001,0.001,0.001,0.001,0.001,0.001,0.001,0.001,0.001,0.001,0.001,0.001,0.001,0.001,0.001,0.001,0.001,0.001,0.001,0.001,0.001,0.001,0.001,0.001,0.001,0.001,0.001,0.001,0.001,0.001,0.001,0.001,0.001,0.001

