parameters
tas_alpha:10
tas_beta:0.3
tas_gamma:0.02
sgd_lr:0.05
sgd_momentum:0.9
sgd_weight_decay:0
sgd_dampening:0
sgd_nesterov:True
architecture:vgg19bn_
dataset:cifar10
combine_datasets:False
do_validation_set:False
epochs:50
batch_size:128
test_set_split:0.1666667
validation_set_split:0.0
reduce_train_set:1
executions:2
base_seed:1230
training_method:sgd
learning_method:tas

train_loss
2.196,1.729,1.456,1.205,0.991,0.815,0.688,0.6,0.544,0.49,0.443,0.406,0.368,0.333,0.308,0.282,0.255,0.233,0.206,0.188,0.168,0.15,0.138,0.123,0.107,0.099,0.09,0.081,0.072,0.063,0.059,0.058,0.052,0.05,0.047,0.043,0.042,0.036,0.038,0.038,0.037,0.034,0.033,0.034,0.032,0.031,0.03,0.031,0.03,0.029
2.2,1.782,1.523,1.274,1.063,0.889,0.773,0.684,0.615,0.555,0.503,0.46,0.42,0.384,0.352,0.329,0.298,0.274,0.247,0.228,0.206,0.188,0.174,0.153,0.142,0.131,0.119,0.107,0.097,0.09,0.084,0.082,0.076,0.07,0.069,0.063,0.059,0.059,0.057,0.057,0.054,0.051,0.05,0.051,0.047,0.046,0.047,0.045,0.043,0.042

train_acc1
20.878,34.216,46.222,56.776,65.066,71.552,76.354,79.496,81.554,83.364,84.86,86.174,87.594,88.63,89.444,90.39,91.314,92.078,92.9,93.528,94.192,94.886,95.128,95.74,96.338,96.522,96.956,97.232,97.576,97.842,98.02,97.98,98.188,98.26,98.352,98.504,98.524,98.77,98.654,98.754,98.748,98.856,98.866,98.834,98.904,98.924,98.95,98.988,98.986,99.044
19.822,32.046,42.856,53.638,62.144,68.604,73.342,76.346,79.184,81.1,83.022,84.436,85.606,87.01,87.884,88.7,89.802,90.57,91.486,92.206,92.836,93.38,94.146,94.744,95.08,95.504,95.964,96.328,96.744,96.954,97.032,97.168,97.272,97.572,97.676,97.792,97.878,97.998,98.068,98.06,98.162,98.308,98.25,98.198,98.376,98.494,98.388,98.46,98.548,98.54

val_acc1
27.54,40.46,48.42,60.45,67.91,72.94,76.26,78.24,80.69,81.6,84.05,84.13,84.22,85.58,85.42,86.19,86.53,87.4,87.8,87.82,87.14,88.71,88.26,88.16,89.16,89.19,89.11,88.92,89.81,89.5,89.39,89.41,89.42,89.63,89.5,89.4,89.65,89.46,89.73,89.7,89.39,89.67,89.56,89.39,89.51,89.75,89.63,89.56,89.67,89.8
24.89,36.98,45.21,49.93,64.79,70.26,70.29,74.65,78.62,79.78,80.65,82.93,82.59,83.59,84.96,84.83,85.46,87.14,86.67,87.05,86.5,88.15,87.56,87.68,88.58,88.64,88.82,88.81,88.94,88.72,88.81,88.92,89.01,88.8,88.93,88.85,89.07,89.21,89.27,89.17,89.08,89.33,89.16,89.13,89.08,89.31,89.15,89.1,89.15,89.38

val_loss
1.907,1.59,1.449,1.086,0.931,0.785,0.676,0.639,0.591,0.556,0.487,0.465,0.479,0.448,0.438,0.419,0.425,0.383,0.403,0.417,0.428,0.387,0.411,0.426,0.401,0.401,0.415,0.43,0.426,0.443,0.445,0.449,0.455,0.466,0.479,0.479,0.478,0.497,0.489,0.498,0.506,0.501,0.518,0.527,0.532,0.543,0.522,0.518,0.53,0.531
2.006,1.727,1.553,1.566,1.026,0.863,0.918,0.762,0.665,0.636,0.573,0.509,0.523,0.491,0.458,0.453,0.453,0.387,0.432,0.411,0.448,0.384,0.396,0.411,0.394,0.406,0.405,0.411,0.409,0.425,0.422,0.432,0.445,0.45,0.456,0.461,0.461,0.457,0.474,0.463,0.476,0.471,0.49,0.484,0.505,0.517,0.499,0.497,0.501,0.499

learning_rate
0.047676,0.047191,0.046612,0.045925,0.045112,0.044159,0.043049,0.041769,0.040307,0.038658,0.036822,0.034809,0.032637,0.030336,0.027942,0.0255,0.023058,0.020664,0.018363,0.016191,0.014178,0.012342,0.010693,0.009231,0.007951,0.006841,0.005888,0.005075,0.004388,0.003809,0.003324,0.002919,0.002582,0.002303,0.002072,0.001881,0.001724,0.001594,0.001488,0.0014,0.001328,0.001269,0.00122,0.001181,0.001148,0.001121,0.001099,0.001081,0.001067,0.001055
0.047676,0.047191,0.046612,0.045925,0.045112,0.044159,0.043049,0.041769,0.040307,0.038658,0.036822,0.034809,0.032637,0.030336,0.027942,0.0255,0.023058,0.020664,0.018363,0.016191,0.014178,0.012342,0.010693,0.009231,0.007951,0.006841,0.005888,0.005075,0.004388,0.003809,0.003324,0.002919,0.002582,0.002303,0.002072,0.001881,0.001724,0.001594,0.001488,0.0014,0.001328,0.001269,0.00122,0.001181,0.001148,0.001121,0.001099,0.001081,0.001067,0.001055

