parameters
tas_alpha:25
tas_beta:0.7
tas_gamma:0.02
sgd_lr:0.05
sgd_momentum:0.9
sgd_weight_decay:0
sgd_dampening:0
sgd_nesterov:True
architecture:vgg19bn_
dataset:cifar10
combine_datasets:False
do_validation_set:False
epochs:100
batch_size:128
test_set_split:0.1666667
validation_set_split:0.0
reduce_train_set:1
executions:2
base_seed:1230
training_method:sgd
learning_method:tas

train_loss
2.267,1.733,1.5,1.264,1.056,0.893,0.769,0.676,0.607,0.549,0.503,0.463,0.43,0.394,0.368,0.349,0.322,0.304,0.285,0.266,0.246,0.235,0.221,0.209,0.194,0.187,0.175,0.167,0.151,0.148,0.139,0.133,0.123,0.122,0.114,0.104,0.101,0.096,0.092,0.086,0.081,0.079,0.077,0.073,0.068,0.067,0.062,0.063,0.059,0.052,0.054,0.052,0.047,0.053,0.044,0.046,0.042,0.041,0.038,0.035,0.033,0.032,0.03,0.027,0.026,0.022,0.02,0.02,0.017,0.012,0.01,0.008,0.007,0.006,0.005,0.005,0.004,0.003,0.003,0.003,0.002,0.002,0.002,0.003,0.003,0.002,0.002,0.002,0.001,0.002,0.001,0.002,0.002,0.001,0.001,0.001,0.001,0.002,0.001,0.001
2.417,1.85,1.458,1.08,0.844,0.696,0.608,0.541,0.493,0.451,0.408,0.382,0.352,0.327,0.301,0.287,0.263,0.248,0.228,0.218,0.201,0.191,0.179,0.167,0.159,0.153,0.14,0.132,0.121,0.115,0.112,0.103,0.098,0.093,0.09,0.088,0.081,0.075,0.073,0.072,0.067,0.065,0.065,0.062,0.058,0.055,0.05,0.052,0.047,0.044,0.048,0.041,0.04,0.044,0.038,0.037,0.035,0.033,0.033,0.03,0.029,0.028,0.024,0.025,0.02,0.018,0.016,0.013,0.015,0.011,0.008,0.007,0.005,0.004,0.004,0.003,0.002,0.003,0.002,0.002,0.002,0.001,0.002,0.002,0.001,0.001,0.001,0.002,0.002,0.001,0.002,0.001,0.001,0.001,0.001,0.001,0.001,0.001,0.001,0.001

train_acc1
17.816,34.51,44.518,54.594,62.688,68.682,73.544,76.85,79.258,81.34,82.96,84.342,85.442,86.528,87.482,88.122,89.006,89.698,90.224,90.904,91.454,91.954,92.436,92.756,93.23,93.61,94.004,94.38,94.696,94.878,95.17,95.318,95.77,95.786,96.064,96.352,96.51,96.668,96.854,97.032,97.136,97.15,97.284,97.49,97.582,97.646,97.846,97.874,97.946,98.172,98.024,98.226,98.394,98.204,98.536,98.396,98.504,98.568,98.652,98.786,98.848,98.944,98.972,99.05,99.08,99.242,99.34,99.314,99.39,99.584,99.674,99.7,99.778,99.782,99.84,99.826,99.842,99.888,99.914,99.916,99.912,99.938,99.944,99.916,99.918,99.952,99.942,99.94,99.952,99.944,99.95,99.95,99.952,99.956,99.96,99.97,99.954,99.95,99.968,99.98
11.85,28.068,45.626,62.152,70.706,76.212,79.264,81.684,83.266,84.822,86.074,87.082,88.152,88.84,89.598,90.186,90.966,91.516,92.296,92.578,93.078,93.508,93.846,94.3,94.698,94.794,95.212,95.502,95.798,95.968,96.218,96.408,96.672,96.768,96.916,96.922,97.218,97.388,97.464,97.58,97.692,97.836,97.768,97.874,98.068,98.076,98.284,98.214,98.378,98.482,98.324,98.582,98.626,98.47,98.72,98.734,98.836,98.906,98.822,98.954,99.022,98.968,99.146,99.162,99.326,99.388,99.46,99.548,99.5,99.652,99.724,99.758,99.812,99.862,99.88,99.894,99.922,99.908,99.946,99.93,99.926,99.944,99.964,99.946,99.954,99.956,99.966,99.952,99.948,99.966,99.936,99.97,99.964,99.954,99.962,99.954,99.964,99.958,99.964,99.962

val_acc1
30.51,42.24,46.48,54.21,63.28,69.04,74.31,76.11,79.61,81.18,83.24,82.83,82.63,84.23,84.97,84.48,83.58,85.97,86.57,86.25,85.04,86.93,87.77,85.77,87.89,87.25,87.91,87.77,88.34,88.55,88.85,87.93,88.61,88.52,88.72,88.54,88.37,88.94,89.35,89.88,89.29,89.04,88.97,89.62,89.91,89.7,89.53,89.34,89.97,89.72,89.92,89.85,89.59,89.97,89.84,90.23,90.1,90.39,90.19,90.11,90.59,90.19,90.63,90.19,90.46,90.36,90.67,90.51,90.85,90.7,91.03,91.19,91.34,91.36,91.55,91.4,91.66,91.72,91.73,91.78,91.88,91.74,91.89,91.81,91.82,91.86,91.91,91.88,91.8,91.88,91.77,91.88,91.87,91.91,91.89,91.82,91.78,91.83,91.84,91.8
19.24,33.48,51.39,63.08,75.77,74.22,78.49,78.54,83.05,82.3,82.64,83.77,83.67,86.32,85.75,85.69,83.82,87.58,87.32,87.52,86.2,87.4,88.56,88.67,88.07,88.92,88.77,88.67,87.84,89.41,89.51,89.04,88.64,88.47,89.04,89.57,89.32,89.26,89.24,89.9,89.47,89.81,89.67,89.9,90.17,89.49,89.81,89.72,89.75,89.24,89.58,89.92,89.99,90.1,89.78,90.3,90.34,89.5,90.35,90.31,90.78,90.57,89.94,90.56,90.62,90.48,90.95,90.68,90.96,91.23,91.37,91.03,91.54,91.68,91.54,91.69,91.84,91.8,91.84,91.86,91.88,91.88,91.9,92.01,91.98,91.88,91.87,91.91,91.91,91.87,91.86,91.99,91.88,91.84,92.05,91.95,91.93,91.96,92.0,91.86

val_loss
2.127,1.562,1.559,1.332,1.047,0.931,0.742,0.706,0.623,0.572,0.505,0.502,0.519,0.473,0.449,0.462,0.499,0.409,0.415,0.425,0.465,0.41,0.385,0.443,0.382,0.406,0.391,0.403,0.394,0.379,0.371,0.411,0.415,0.395,0.394,0.407,0.431,0.402,0.394,0.384,0.427,0.416,0.422,0.404,0.415,0.424,0.436,0.424,0.399,0.434,0.406,0.407,0.445,0.412,0.434,0.421,0.437,0.414,0.436,0.435,0.43,0.455,0.423,0.466,0.449,0.449,0.484,0.483,0.441,0.485,0.484,0.488,0.503,0.511,0.502,0.497,0.5,0.501,0.497,0.5,0.507,0.508,0.51,0.502,0.511,0.523,0.511,0.513,0.515,0.52,0.518,0.515,0.521,0.516,0.52,0.513,0.522,0.529,0.526,0.525
2.231,1.791,1.441,1.105,0.718,0.77,0.659,0.633,0.527,0.55,0.512,0.489,0.514,0.425,0.427,0.431,0.528,0.374,0.398,0.39,0.448,0.42,0.365,0.37,0.391,0.363,0.397,0.385,0.426,0.366,0.358,0.395,0.416,0.452,0.4,0.404,0.387,0.414,0.416,0.412,0.407,0.419,0.423,0.408,0.409,0.432,0.439,0.416,0.444,0.466,0.434,0.456,0.475,0.412,0.449,0.426,0.432,0.475,0.442,0.456,0.428,0.44,0.457,0.458,0.467,0.465,0.482,0.481,0.465,0.472,0.476,0.493,0.476,0.495,0.488,0.509,0.515,0.51,0.503,0.527,0.509,0.511,0.507,0.503,0.51,0.521,0.512,0.503,0.505,0.512,0.512,0.512,0.511,0.51,0.51,0.512,0.518,0.516,0.523,0.52

learning_rate
0.05,0.05,0.05,0.05,0.05,0.05,0.05,0.05,0.05,0.05,0.05,0.05,0.05,0.05,0.05,0.05,0.05,0.05,0.05,0.05,0.05,0.05,0.05,0.05,0.05,0.049999,0.049999,0.049999,0.049999,0.049998,0.049998,0.049997,0.049996,0.049995,0.049994,0.049992,0.04999,0.049987,0.049984,0.049979,0.049973,0.049965,0.049955,0.049943,0.049926,0.049906,0.049879,0.049845,0.049801,0.049744,0.049672,0.04958,0.049462,0.049311,0.049119,0.048874,0.048564,0.048171,0.047676,0.047056,0.046283,0.045328,0.044159,0.042746,0.041061,0.039088,0.036822,0.03428,0.031501,0.028547,0.0255,0.022453,0.019499,0.01672,0.014178,0.011912,0.009939,0.008254,0.006841,0.005672,0.004717,0.003944,0.003324,0.002829,0.002436,0.002126,0.001881,0.001689,0.001538,0.00142,0.001328,0.001256,0.001199,0.001155,0.001121,0.001094,0.001074,0.001057,0.001045,0.001035
0.05,0.05,0.05,0.05,0.05,0.05,0.05,0.05,0.05,0.05,0.05,0.05,0.05,0.05,0.05,0.05,0.05,0.05,0.05,0.05,0.05,0.05,0.05,0.05,0.05,0.049999,0.049999,0.049999,0.049999,0.049998,0.049998,0.049997,0.049996,0.049995,0.049994,0.049992,0.04999,0.049987,0.049984,0.049979,0.049973,0.049965,0.049955,0.049943,0.049926,0.049906,0.049879,0.049845,0.049801,0.049744,0.049672,0.04958,0.049462,0.049311,0.049119,0.048874,0.048564,0.048171,0.047676,0.047056,0.046283,0.045328,0.044159,0.042746,0.041061,0.039088,0.036822,0.03428,0.031501,0.028547,0.0255,0.022453,0.019499,0.01672,0.014178,0.011912,0.009939,0.008254,0.006841,0.005672,0.004717,0.003944,0.003324,0.002829,0.002436,0.002126,0.001881,0.001689,0.001538,0.00142,0.001328,0.001256,0.001199,0.001155,0.001121,0.001094,0.001074,0.001057,0.001045,0.001035

