parameters
tas_alpha:50
tas_beta:0.5
tas_gamma:0.02
sgd_lr:0.05
sgd_momentum:0.9
sgd_weight_decay:0
sgd_dampening:0
sgd_nesterov:True
architecture:vgg19bn_
dataset:cifar10
combine_datasets:False
do_validation_set:False
epochs:50
batch_size:128
test_set_split:0.1666667
validation_set_split:0.0
reduce_train_set:1
executions:2
base_seed:1230
training_method:sgd
learning_method:tas

train_loss
2.238,1.717,1.421,1.139,0.931,0.772,0.671,0.599,0.541,0.492,0.453,0.421,0.387,0.359,0.334,0.318,0.289,0.277,0.258,0.24,0.224,0.212,0.195,0.176,0.151,0.117,0.086,0.068,0.056,0.051,0.05,0.048,0.046,0.045,0.046,0.044,0.043,0.042,0.044,0.041,0.04,0.041,0.04,0.04,0.039,0.038,0.038,0.038,0.038,0.036
2.328,1.824,1.561,1.259,1.001,0.833,0.728,0.642,0.581,0.527,0.481,0.442,0.409,0.38,0.352,0.333,0.308,0.289,0.27,0.252,0.238,0.224,0.205,0.184,0.156,0.121,0.094,0.068,0.059,0.053,0.053,0.05,0.05,0.046,0.049,0.048,0.048,0.045,0.048,0.045,0.044,0.043,0.044,0.044,0.041,0.04,0.041,0.038,0.041,0.04

train_acc1
18.518,34.134,47.46,59.312,67.262,73.382,77.088,79.546,81.718,83.402,84.696,85.848,86.818,87.886,88.764,89.27,90.252,90.538,91.184,91.728,92.338,92.7,93.35,93.914,94.868,96.096,97.078,97.744,98.138,98.294,98.34,98.492,98.436,98.436,98.5,98.538,98.556,98.556,98.504,98.638,98.666,98.644,98.668,98.626,98.686,98.67,98.744,98.774,98.688,98.788
14.376,28.48,40.566,54.168,64.698,71.228,75.06,78.102,80.462,82.268,83.694,85.116,86.204,87.282,88.154,88.69,89.59,90.228,90.836,91.478,91.89,92.38,93.014,93.674,94.684,95.902,96.864,97.748,98.052,98.214,98.194,98.322,98.322,98.47,98.402,98.466,98.38,98.428,98.404,98.472,98.554,98.556,98.514,98.52,98.564,98.624,98.624,98.7,98.642,98.626

val_acc1
29.52,40.9,50.77,61.15,70.63,72.64,76.84,76.97,81.19,81.12,82.52,83.59,81.49,84.87,85.61,85.0,85.56,87.56,86.54,87.25,84.89,86.89,87.55,88.05,89.26,89.34,90.04,90.71,90.89,90.96,90.81,90.94,90.83,90.96,90.88,90.92,90.97,90.93,91.0,90.89,90.94,91.0,91.02,90.75,90.95,91.0,90.95,90.87,90.83,90.98
22.23,35.54,46.59,57.08,67.77,72.11,75.54,77.83,80.3,79.17,82.13,82.39,82.49,85.35,84.57,85.41,85.17,85.91,86.64,84.65,86.04,86.9,86.41,87.58,89.28,89.2,89.89,90.48,90.66,90.68,90.58,90.73,90.62,90.6,90.62,90.62,90.77,90.68,90.65,90.74,90.72,90.63,90.62,90.76,90.75,90.81,90.77,90.67,90.65,90.68

val_loss
1.807,1.53,1.377,1.094,0.835,0.79,0.693,0.664,0.584,0.578,0.527,0.483,0.557,0.471,0.433,0.454,0.449,0.372,0.427,0.393,0.479,0.423,0.38,0.418,0.351,0.36,0.368,0.349,0.355,0.355,0.36,0.359,0.362,0.366,0.373,0.365,0.366,0.383,0.37,0.374,0.384,0.374,0.386,0.377,0.39,0.4,0.388,0.388,0.397,0.395
2.072,1.679,1.416,1.367,0.922,0.817,0.72,0.67,0.598,0.65,0.546,0.519,0.544,0.45,0.459,0.452,0.479,0.437,0.413,0.457,0.456,0.44,0.427,0.393,0.36,0.366,0.36,0.354,0.365,0.36,0.361,0.359,0.364,0.37,0.378,0.373,0.379,0.378,0.371,0.37,0.389,0.382,0.382,0.381,0.396,0.405,0.39,0.391,0.393,0.392

learning_rate
0.05,0.05,0.05,0.05,0.05,0.05,0.05,0.05,0.05,0.05,0.05,0.05,0.05,0.05,0.049999,0.049998,0.049994,0.049984,0.049955,0.049879,0.049672,0.049119,0.047676,0.044159,0.036822,0.0255,0.014178,0.006841,0.003324,0.001881,0.001328,0.001121,0.001045,0.001016,0.001006,0.001002,0.001001,0.001,0.001,0.001,0.001,0.001,0.001,0.001,0.001,0.001,0.001,0.001,0.001,0.001
0.05,0.05,0.05,0.05,0.05,0.05,0.05,0.05,0.05,0.05,0.05,0.05,0.05,0.05,0.049999,0.049998,0.049994,0.049984,0.049955,0.049879,0.049672,0.049119,0.047676,0.044159,0.036822,0.0255,0.014178,0.006841,0.003324,0.001881,0.001328,0.001121,0.001045,0.001016,0.001006,0.001002,0.001001,0.001,0.001,0.001,0.001,0.001,0.001,0.001,0.001,0.001,0.001,0.001,0.001,0.001

