parameters
sgd_lr:0.05
sgd_momentum:0.1
sgd_weight_decay:0
sgd_dampening:0
sgd_nesterov:True
architecture:vgg19bn_
dataset:cifar10
combine_datasets:False
do_validation_set:False
epochs:100
batch_size:128
test_set_split:0.1666667
validation_set_split:0.0
reduce_train_set:1
executions:2
base_seed:1230
training_method:sgd
learning_method:constant

train_loss
1.718,1.188,0.947,0.797,0.701,0.621,0.565,0.522,0.485,0.444,0.416,0.392,0.367,0.344,0.325,0.313,0.292,0.276,0.261,0.249,0.237,0.222,0.213,0.205,0.191,0.18,0.17,0.165,0.157,0.146,0.142,0.137,0.131,0.122,0.12,0.112,0.109,0.1,0.099,0.098,0.092,0.087,0.083,0.083,0.075,0.076,0.074,0.069,0.067,0.064,0.067,0.061,0.055,0.061,0.055,0.049,0.05,0.048,0.044,0.048,0.039,0.045,0.04,0.04,0.042,0.034,0.039,0.039,0.036,0.033,0.032,0.033,0.032,0.032,0.031,0.033,0.031,0.029,0.029,0.027,0.028,0.026,0.026,0.024,0.027,0.023,0.027,0.021,0.02,0.022,0.022,0.02,0.023,0.02,0.018,0.022,0.017,0.02,0.018,0.016
1.728,1.208,0.956,0.803,0.706,0.624,0.567,0.525,0.49,0.449,0.418,0.393,0.369,0.345,0.327,0.313,0.289,0.277,0.262,0.25,0.235,0.221,0.212,0.202,0.19,0.186,0.173,0.165,0.154,0.149,0.138,0.141,0.128,0.124,0.117,0.115,0.109,0.103,0.1,0.096,0.094,0.088,0.087,0.081,0.077,0.076,0.071,0.071,0.065,0.067,0.066,0.059,0.055,0.056,0.052,0.053,0.051,0.051,0.045,0.047,0.043,0.045,0.043,0.037,0.04,0.037,0.038,0.036,0.039,0.035,0.035,0.032,0.032,0.031,0.03,0.031,0.029,0.029,0.029,0.03,0.028,0.026,0.024,0.026,0.026,0.024,0.025,0.022,0.025,0.022,0.021,0.02,0.021,0.022,0.02,0.019,0.022,0.019,0.016,0.017

train_acc1
36.362,56.93,66.162,71.812,75.514,78.436,80.258,81.77,83.006,84.57,85.604,86.466,87.172,88.076,88.702,89.07,89.85,90.234,90.962,91.154,91.564,92.3,92.518,92.804,93.284,93.472,94.052,94.208,94.504,94.848,94.978,95.038,95.376,95.758,95.76,96.108,96.092,96.472,96.516,96.574,96.756,96.976,97.074,97.056,97.402,97.31,97.344,97.592,97.636,97.754,97.686,97.852,98.06,97.836,98.046,98.244,98.286,98.3,98.446,98.302,98.664,98.458,98.584,98.636,98.556,98.828,98.616,98.636,98.72,98.88,98.838,98.872,98.816,98.904,98.902,98.866,98.918,99.0,99.034,99.058,99.042,99.122,99.096,99.126,99.066,99.194,99.054,99.304,99.324,99.252,99.238,99.272,99.22,99.266,99.382,99.232,99.398,99.324,99.368,99.444
36.144,56.124,65.984,71.928,75.328,78.286,80.256,81.626,82.842,84.482,85.578,86.524,87.316,88.034,88.72,89.118,89.948,90.422,90.89,91.234,91.644,92.324,92.608,93.008,93.318,93.468,93.868,94.242,94.608,94.656,95.19,95.03,95.418,95.6,95.882,95.862,96.098,96.302,96.414,96.608,96.602,96.904,96.922,97.114,97.346,97.324,97.486,97.542,97.672,97.632,97.644,97.942,98.064,98.104,98.228,98.096,98.198,98.202,98.35,98.374,98.51,98.42,98.48,98.648,98.69,98.636,98.708,98.744,98.648,98.798,98.802,98.85,98.884,98.962,98.914,98.966,98.984,98.994,99.006,98.952,99.018,99.064,99.16,99.134,99.118,99.17,99.116,99.222,99.128,99.292,99.214,99.31,99.254,99.192,99.31,99.31,99.254,99.376,99.464,99.44

val_acc1
37.87,54.28,62.57,68.98,73.82,72.75,76.14,81.07,76.91,78.27,81.17,80.4,79.35,81.77,83.83,83.27,83.98,82.36,83.83,84.93,82.32,85.48,81.17,83.07,85.23,85.31,84.47,86.36,87.54,86.25,85.61,85.75,81.23,87.26,87.52,87.09,87.66,86.54,87.89,87.24,83.39,86.71,88.14,86.67,88.58,87.91,88.3,87.64,87.61,88.24,88.97,86.5,87.51,88.5,89.01,88.32,88.69,88.85,89.38,88.63,85.78,88.08,89.22,89.34,88.87,89.41,88.19,89.11,88.94,89.08,86.74,88.99,88.05,89.32,88.3,89.69,88.86,87.93,89.03,88.36,88.7,89.15,89.48,89.36,89.19,89.14,89.26,89.45,89.26,87.54,89.64,88.8,89.45,89.05,89.94,89.52,90.34,89.76,89.64,89.7
36.25,53.01,67.1,70.11,72.74,75.57,75.75,79.97,79.81,77.0,79.58,81.74,79.76,82.2,83.02,81.23,82.98,82.21,84.05,85.61,81.95,85.32,82.31,84.16,84.22,85.54,86.22,86.03,86.01,87.32,83.84,84.86,84.74,87.42,86.11,87.63,87.0,87.28,86.96,86.3,85.94,87.83,86.45,86.37,86.5,88.08,87.2,86.33,88.29,88.0,88.81,88.13,87.33,87.97,86.53,88.27,87.83,88.58,88.23,87.98,88.55,88.59,87.43,88.83,89.41,89.23,88.98,88.93,89.24,88.91,88.64,88.72,89.61,88.72,89.16,89.53,89.5,86.97,89.61,89.24,89.3,89.37,88.31,89.07,88.95,87.55,88.61,89.32,89.4,89.34,89.47,89.76,88.02,89.98,89.76,89.43,89.49,89.68,89.47,89.97

val_loss
1.926,1.28,1.069,0.889,0.782,0.819,0.684,0.548,0.716,0.662,0.577,0.598,0.669,0.587,0.482,0.493,0.499,0.551,0.526,0.467,0.6,0.469,0.624,0.577,0.497,0.479,0.537,0.478,0.453,0.492,0.511,0.534,0.747,0.458,0.467,0.502,0.447,0.521,0.444,0.492,0.684,0.519,0.459,0.524,0.485,0.505,0.479,0.514,0.52,0.5,0.468,0.575,0.567,0.487,0.474,0.514,0.499,0.49,0.489,0.513,0.673,0.561,0.487,0.512,0.494,0.509,0.587,0.504,0.503,0.523,0.656,0.522,0.597,0.543,0.568,0.505,0.529,0.589,0.531,0.624,0.545,0.543,0.533,0.534,0.554,0.561,0.548,0.505,0.554,0.655,0.551,0.623,0.512,0.578,0.52,0.539,0.504,0.552,0.533,0.547
2.049,1.366,0.971,0.857,0.837,0.713,0.7,0.577,0.611,0.7,0.623,0.535,0.65,0.555,0.507,0.585,0.536,0.551,0.517,0.465,0.634,0.477,0.592,0.543,0.537,0.461,0.466,0.491,0.489,0.431,0.596,0.555,0.578,0.445,0.523,0.462,0.491,0.491,0.512,0.548,0.574,0.455,0.549,0.572,0.586,0.5,0.542,0.592,0.497,0.491,0.482,0.49,0.555,0.533,0.604,0.497,0.536,0.491,0.553,0.544,0.513,0.509,0.574,0.511,0.484,0.515,0.546,0.512,0.492,0.532,0.558,0.531,0.514,0.547,0.532,0.509,0.51,0.699,0.511,0.532,0.552,0.509,0.577,0.562,0.564,0.685,0.561,0.549,0.553,0.546,0.564,0.52,0.621,0.518,0.53,0.562,0.553,0.557,0.562,0.531

learning_rate
0.05,0.05,0.05,0.05,0.05,0.05,0.05,0.05,0.05,0.05,0.05,0.05,0.05,0.05,0.05,0.05,0.05,0.05,0.05,0.05,0.05,0.05,0.05,0.05,0.05,0.05,0.05,0.05,0.05,0.05,0.05,0.05,0.05,0.05,0.05,0.05,0.05,0.05,0.05,0.05,0.05,0.05,0.05,0.05,0.05,0.05,0.05,0.05,0.05,0.05,0.05,0.05,0.05,0.05,0.05,0.05,0.05,0.05,0.05,0.05,0.05,0.05,0.05,0.05,0.05,0.05,0.05,0.05,0.05,0.05,0.05,0.05,0.05,0.05,0.05,0.05,0.05,0.05,0.05,0.05,0.05,0.05,0.05,0.05,0.05,0.05,0.05,0.05,0.05,0.05,0.05,0.05,0.05,0.05,0.05,0.05,0.05,0.05,0.05,0.05
0.05,0.05,0.05,0.05,0.05,0.05,0.05,0.05,0.05,0.05,0.05,0.05,0.05,0.05,0.05,0.05,0.05,0.05,0.05,0.05,0.05,0.05,0.05,0.05,0.05,0.05,0.05,0.05,0.05,0.05,0.05,0.05,0.05,0.05,0.05,0.05,0.05,0.05,0.05,0.05,0.05,0.05,0.05,0.05,0.05,0.05,0.05,0.05,0.05,0.05,0.05,0.05,0.05,0.05,0.05,0.05,0.05,0.05,0.05,0.05,0.05,0.05,0.05,0.05,0.05,0.05,0.05,0.05,0.05,0.05,0.05,0.05,0.05,0.05,0.05,0.05,0.05,0.05,0.05,0.05,0.05,0.05,0.05,0.05,0.05,0.05,0.05,0.05,0.05,0.05,0.05,0.05,0.05,0.05,0.05,0.05,0.05,0.05,0.05,0.05

