parameters
tas_alpha:50
tas_beta:0.7
tas_gamma:0.02
sgd_lr:0.05
sgd_momentum:0.9
sgd_weight_decay:0
sgd_dampening:0
sgd_nesterov:True
architecture:vgg19bn_
dataset:cifar10
combine_datasets:False
do_validation_set:False
epochs:100
batch_size:128
test_set_split:0.1666667
validation_set_split:0.0
reduce_train_set:1
executions:2
base_seed:1230
training_method:sgd
learning_method:tas

train_loss
2.238,1.717,1.421,1.139,0.931,0.772,0.671,0.599,0.541,0.493,0.453,0.422,0.387,0.359,0.335,0.319,0.289,0.277,0.256,0.242,0.225,0.214,0.2,0.189,0.177,0.168,0.158,0.15,0.141,0.131,0.127,0.118,0.111,0.104,0.101,0.097,0.091,0.085,0.083,0.081,0.076,0.071,0.071,0.068,0.06,0.062,0.058,0.06,0.053,0.052,0.054,0.047,0.049,0.046,0.044,0.04,0.039,0.043,0.038,0.033,0.039,0.034,0.032,0.032,0.029,0.03,0.025,0.022,0.017,0.015,0.011,0.007,0.005,0.004,0.004,0.003,0.003,0.003,0.003,0.003,0.003,0.002,0.002,0.002,0.002,0.002,0.002,0.002,0.002,0.002,0.002,0.002,0.002,0.002,0.002,0.003,0.002,0.002,0.002,0.002
2.328,1.824,1.561,1.259,1.001,0.833,0.728,0.642,0.582,0.527,0.481,0.442,0.41,0.378,0.351,0.334,0.308,0.287,0.271,0.253,0.235,0.226,0.209,0.198,0.187,0.173,0.168,0.155,0.149,0.137,0.131,0.124,0.121,0.111,0.111,0.101,0.096,0.09,0.085,0.083,0.082,0.075,0.073,0.071,0.067,0.062,0.061,0.06,0.056,0.055,0.054,0.052,0.047,0.046,0.045,0.044,0.041,0.038,0.038,0.039,0.037,0.037,0.031,0.031,0.031,0.028,0.026,0.02,0.021,0.016,0.012,0.007,0.005,0.005,0.003,0.004,0.003,0.003,0.003,0.003,0.003,0.002,0.003,0.002,0.002,0.003,0.002,0.002,0.002,0.002,0.002,0.002,0.002,0.002,0.002,0.002,0.002,0.002,0.001,0.002

train_acc1
18.518,34.134,47.46,59.312,67.262,73.382,77.088,79.546,81.746,83.448,84.806,85.8,86.872,87.894,88.612,89.256,90.294,90.528,91.274,91.738,92.354,92.646,93.11,93.492,93.93,94.194,94.582,94.78,95.116,95.482,95.552,95.912,96.146,96.436,96.458,96.662,96.914,97.076,97.09,97.172,97.342,97.548,97.504,97.674,97.9,97.884,97.914,97.916,98.16,98.19,98.066,98.368,98.358,98.42,98.488,98.648,98.696,98.506,98.706,98.894,98.666,98.866,98.93,98.9,98.996,98.978,99.106,99.272,99.392,99.514,99.62,99.782,99.824,99.854,99.858,99.918,99.9,99.922,99.918,99.888,99.91,99.932,99.928,99.946,99.934,99.928,99.952,99.944,99.93,99.936,99.94,99.94,99.928,99.94,99.944,99.92,99.934,99.948,99.94,99.936
14.376,28.48,40.566,54.168,64.698,71.228,75.06,78.102,80.422,82.376,83.674,85.098,86.08,87.372,88.152,88.824,89.468,90.324,90.724,91.358,91.94,92.328,92.906,93.216,93.596,94.13,94.208,94.732,94.982,95.304,95.552,95.776,95.826,96.196,96.24,96.524,96.662,96.92,97.096,97.146,97.208,97.424,97.502,97.572,97.68,97.886,97.924,97.876,98.15,98.046,98.142,98.238,98.416,98.466,98.414,98.482,98.57,98.712,98.646,98.63,98.746,98.762,98.912,98.924,98.946,99.054,99.138,99.336,99.272,99.456,99.55,99.758,99.816,99.84,99.91,99.874,99.908,99.912,99.906,99.91,99.914,99.928,99.922,99.938,99.918,99.914,99.942,99.922,99.934,99.948,99.948,99.908,99.938,99.936,99.922,99.922,99.936,99.934,99.952,99.944

val_acc1
29.52,40.9,50.77,61.15,70.63,72.64,76.84,76.97,81.22,80.9,82.33,84.04,82.62,83.79,85.48,85.03,85.4,87.39,86.84,87.58,85.75,87.16,87.86,88.0,88.18,88.0,88.15,88.47,88.19,88.53,88.35,88.8,88.33,89.48,88.3,87.9,88.43,88.92,88.75,89.2,89.34,88.97,89.3,89.54,89.55,88.67,89.59,89.34,89.32,89.02,89.68,89.46,89.74,89.77,89.96,89.72,89.56,90.06,90.04,90.0,89.54,89.96,89.78,90.5,89.66,89.64,90.16,90.97,90.47,91.19,91.07,91.4,91.43,91.45,91.45,91.63,91.63,91.6,91.71,91.68,91.67,91.74,91.76,91.73,91.74,91.63,91.65,91.71,91.72,91.6,91.66,91.59,91.69,91.7,91.77,91.78,91.7,91.66,91.73,91.77
22.23,35.54,46.59,57.08,67.77,72.11,75.54,77.83,80.34,77.98,81.92,83.07,82.74,85.53,84.15,85.96,82.49,86.38,85.94,85.41,85.76,86.71,86.07,86.29,87.27,87.97,87.93,87.98,88.37,88.33,88.71,89.15,88.18,88.69,88.91,88.6,89.04,88.68,89.26,89.19,88.92,89.38,89.32,89.36,89.74,89.2,89.69,89.08,89.22,89.49,89.53,89.26,90.15,89.16,90.13,88.92,90.19,90.02,90.08,89.8,89.85,89.5,89.97,90.35,90.05,90.32,90.95,89.86,90.36,90.26,90.77,90.92,91.25,91.38,91.49,91.56,91.55,91.39,91.42,91.5,91.62,91.6,91.52,91.61,91.71,91.67,91.65,91.58,91.57,91.66,91.52,91.66,91.61,91.63,91.67,91.71,91.65,91.65,91.65,91.69

val_loss
1.807,1.53,1.377,1.094,0.835,0.79,0.693,0.664,0.573,0.584,0.535,0.459,0.539,0.506,0.432,0.463,0.452,0.373,0.419,0.388,0.473,0.407,0.392,0.395,0.374,0.391,0.4,0.375,0.406,0.395,0.402,0.411,0.426,0.362,0.422,0.442,0.419,0.429,0.442,0.407,0.393,0.43,0.403,0.394,0.408,0.436,0.418,0.424,0.447,0.457,0.416,0.433,0.414,0.425,0.442,0.454,0.463,0.415,0.43,0.473,0.475,0.441,0.455,0.451,0.485,0.476,0.483,0.439,0.485,0.443,0.46,0.462,0.482,0.466,0.473,0.478,0.48,0.485,0.469,0.477,0.494,0.474,0.475,0.475,0.477,0.487,0.484,0.477,0.488,0.479,0.486,0.482,0.485,0.485,0.48,0.485,0.486,0.486,0.491,0.49
2.072,1.679,1.416,1.367,0.922,0.817,0.72,0.67,0.597,0.674,0.553,0.494,0.521,0.448,0.474,0.423,0.558,0.406,0.445,0.449,0.468,0.417,0.443,0.428,0.402,0.369,0.41,0.412,0.413,0.381,0.37,0.391,0.439,0.402,0.389,0.416,0.403,0.435,0.416,0.425,0.404,0.42,0.435,0.414,0.41,0.455,0.438,0.436,0.466,0.447,0.445,0.454,0.418,0.481,0.436,0.47,0.428,0.436,0.434,0.447,0.444,0.442,0.473,0.457,0.442,0.453,0.434,0.531,0.472,0.483,0.492,0.477,0.494,0.486,0.485,0.489,0.484,0.482,0.486,0.489,0.495,0.507,0.492,0.491,0.494,0.505,0.484,0.494,0.5,0.488,0.494,0.494,0.501,0.502,0.5,0.497,0.498,0.497,0.502,0.509

learning_rate
0.05,0.05,0.05,0.05,0.05,0.05,0.05,0.05,0.05,0.05,0.05,0.05,0.05,0.05,0.05,0.05,0.05,0.05,0.05,0.05,0.05,0.05,0.05,0.05,0.05,0.05,0.05,0.05,0.05,0.05,0.05,0.05,0.05,0.05,0.05,0.05,0.05,0.05,0.05,0.05,0.05,0.05,0.05,0.05,0.05,0.05,0.05,0.05,0.049999,0.049999,0.049998,0.049996,0.049994,0.04999,0.049984,0.049973,0.049955,0.049926,0.049879,0.049801,0.049672,0.049462,0.049119,0.048564,0.047676,0.046283,0.044159,0.041061,0.036822,0.031501,0.0255,0.019499,0.014178,0.009939,0.006841,0.004717,0.003324,0.002436,0.001881,0.001538,0.001328,0.001199,0.001121,0.001074,0.001045,0.001027,0.001016,0.00101,0.001006,0.001004,0.001002,0.001001,0.001001,0.001,0.001,0.001,0.001,0.001,0.001,0.001
0.05,0.05,0.05,0.05,0.05,0.05,0.05,0.05,0.05,0.05,0.05,0.05,0.05,0.05,0.05,0.05,0.05,0.05,0.05,0.05,0.05,0.05,0.05,0.05,0.05,0.05,0.05,0.05,0.05,0.05,0.05,0.05,0.05,0.05,0.05,0.05,0.05,0.05,0.05,0.05,0.05,0.05,0.05,0.05,0.05,0.05,0.05,0.05,0.049999,0.049999,0.049998,0.049996,0.049994,0.04999,0.049984,0.049973,0.049955,0.049926,0.049879,0.049801,0.049672,0.049462,0.049119,0.048564,0.047676,0.046283,0.044159,0.041061,0.036822,0.031501,0.0255,0.019499,0.014178,0.009939,0.006841,0.004717,0.003324,0.002436,0.001881,0.001538,0.001328,0.001199,0.001121,0.001074,0.001045,0.001027,0.001016,0.00101,0.001006,0.001004,0.001002,0.001001,0.001001,0.001,0.001,0.001,0.001,0.001,0.001,0.001

