parameters
sgd_lr:0.05
sgd_momentum:0
sgd_weight_decay:0
sgd_dampening:0
sgd_nesterov:False
architecture:vgg19bn_
dataset:cifar10
combine_datasets:False
do_validation_set:False
epochs:100
batch_size:128
test_set_split:0.1666667
validation_set_split:0.0
reduce_train_set:1
executions:2
base_seed:1230
training_method:sgd
learning_method:constant

train_loss
1.746,1.218,0.963,0.805,0.706,0.63,0.569,0.523,0.492,0.453,0.426,0.398,0.375,0.351,0.331,0.32,0.296,0.284,0.266,0.255,0.244,0.227,0.217,0.207,0.194,0.189,0.178,0.166,0.161,0.156,0.144,0.141,0.135,0.126,0.121,0.117,0.111,0.105,0.102,0.094,0.095,0.091,0.088,0.086,0.079,0.075,0.075,0.071,0.07,0.066,0.066,0.064,0.058,0.059,0.06,0.054,0.053,0.05,0.051,0.043,0.044,0.05,0.04,0.04,0.043,0.042,0.038,0.04,0.035,0.034,0.036,0.034,0.034,0.032,0.033,0.033,0.031,0.03,0.029,0.031,0.03,0.024,0.026,0.028,0.023,0.024,0.025,0.023,0.023,0.024,0.024,0.019,0.02,0.021,0.019,0.018,0.024,0.02,0.018,0.019
1.726,1.213,0.961,0.805,0.709,0.629,0.574,0.529,0.495,0.455,0.425,0.4,0.374,0.352,0.333,0.319,0.297,0.286,0.265,0.257,0.241,0.228,0.219,0.207,0.194,0.189,0.181,0.169,0.161,0.152,0.147,0.142,0.131,0.128,0.121,0.121,0.11,0.103,0.103,0.097,0.097,0.088,0.087,0.087,0.081,0.076,0.077,0.074,0.068,0.068,0.067,0.062,0.059,0.059,0.058,0.056,0.05,0.049,0.05,0.047,0.043,0.046,0.042,0.039,0.042,0.041,0.038,0.036,0.036,0.037,0.037,0.033,0.028,0.034,0.032,0.032,0.031,0.029,0.029,0.026,0.029,0.027,0.025,0.026,0.027,0.024,0.021,0.027,0.023,0.022,0.024,0.022,0.02,0.024,0.023,0.021,0.02,0.019,0.016,0.018

train_acc1
34.98,55.612,65.53,71.652,75.224,78.038,80.2,81.836,82.91,84.258,85.252,86.256,87.022,87.808,88.458,88.874,89.762,90.042,90.768,91.116,91.362,91.988,92.44,92.744,93.096,93.456,93.804,94.136,94.316,94.434,94.948,95.026,95.238,95.55,95.722,95.854,96.06,96.308,96.398,96.702,96.606,96.822,96.88,97.022,97.202,97.368,97.342,97.556,97.578,97.684,97.668,97.744,98.01,97.99,97.884,98.08,98.078,98.274,98.192,98.522,98.406,98.248,98.55,98.598,98.49,98.598,98.654,98.576,98.822,98.782,98.686,98.814,98.814,98.826,98.862,98.872,98.926,98.916,99.008,98.982,98.914,99.154,99.094,98.986,99.192,99.2,99.106,99.2,99.21,99.164,99.182,99.352,99.348,99.278,99.298,99.368,99.136,99.274,99.382,99.344
36.164,56.062,65.57,71.82,75.226,78.078,80.136,81.694,82.814,84.148,85.18,86.21,86.942,87.872,88.384,88.954,89.528,89.878,90.66,91.066,91.524,92.038,92.318,92.802,93.094,93.314,93.598,93.974,94.184,94.726,94.922,94.998,95.388,95.492,95.73,95.696,96.134,96.4,96.346,96.52,96.598,96.902,96.914,96.904,97.088,97.31,97.27,97.386,97.582,97.692,97.686,97.854,97.908,97.97,98.032,98.014,98.234,98.308,98.286,98.336,98.486,98.394,98.544,98.648,98.528,98.584,98.65,98.696,98.746,98.688,98.698,98.87,99.068,98.784,98.906,98.87,98.91,99.008,99.006,99.076,98.992,99.064,99.152,99.108,99.034,99.142,99.262,99.038,99.198,99.24,99.106,99.288,99.322,99.17,99.184,99.23,99.328,99.326,99.472,99.358

val_acc1
33.72,50.29,66.04,69.82,74.23,77.21,78.21,78.75,79.88,74.24,79.03,79.67,79.72,82.02,83.41,82.79,80.7,81.36,83.65,85.87,83.58,83.57,85.95,84.48,86.25,85.89,85.8,86.21,87.12,84.97,86.82,85.54,84.66,86.13,87.0,85.46,87.78,86.41,86.15,85.34,87.31,86.8,86.36,85.75,88.11,87.62,87.53,86.75,86.33,87.71,88.64,87.62,87.03,88.19,85.76,86.82,87.99,88.89,88.35,88.4,88.4,88.85,87.9,88.97,87.84,88.54,88.48,89.41,88.78,88.75,89.23,88.86,88.24,89.56,85.89,89.21,88.59,89.01,88.49,88.03,89.63,90.1,89.47,89.46,88.66,88.97,89.02,89.79,88.1,88.9,89.21,89.98,89.63,89.46,88.77,89.74,89.48,90.12,89.43,88.87
31.44,55.13,65.73,67.35,67.55,65.42,76.08,80.23,78.59,74.88,80.61,83.74,78.1,84.91,81.51,83.05,83.46,83.85,83.93,85.06,85.38,85.39,84.91,83.74,83.99,85.09,85.44,86.49,86.95,86.94,84.42,85.39,85.64,86.45,86.18,86.12,87.6,85.85,87.58,87.44,85.5,87.8,86.42,87.15,87.71,87.2,87.63,84.99,87.84,87.96,88.58,88.89,87.79,88.66,87.43,88.13,88.28,88.19,88.08,88.56,88.38,88.31,88.26,88.94,89.08,89.18,87.97,89.07,87.46,89.39,88.39,89.14,88.1,88.43,88.28,88.14,88.9,88.27,89.08,86.19,88.62,88.49,89.32,88.09,88.58,88.97,88.7,89.45,88.72,89.2,89.36,89.58,88.13,89.44,89.18,89.43,89.21,89.89,89.04,89.11

val_loss
2.307,1.477,0.982,0.856,0.77,0.668,0.632,0.621,0.606,0.802,0.628,0.635,0.626,0.556,0.503,0.523,0.642,0.606,0.532,0.444,0.536,0.529,0.442,0.509,0.469,0.471,0.476,0.457,0.441,0.528,0.454,0.517,0.57,0.49,0.489,0.578,0.438,0.518,0.548,0.605,0.499,0.496,0.558,0.598,0.472,0.514,0.518,0.559,0.584,0.485,0.47,0.509,0.55,0.5,0.645,0.599,0.529,0.479,0.498,0.511,0.512,0.503,0.559,0.515,0.544,0.52,0.547,0.477,0.533,0.499,0.52,0.544,0.589,0.495,0.72,0.496,0.57,0.538,0.551,0.593,0.482,0.477,0.524,0.506,0.577,0.549,0.563,0.532,0.602,0.576,0.545,0.515,0.541,0.523,0.57,0.519,0.519,0.507,0.563,0.59
2.669,1.309,0.964,0.941,1.028,1.121,0.689,0.575,0.642,0.769,0.587,0.493,0.727,0.472,0.545,0.539,0.527,0.48,0.512,0.48,0.465,0.494,0.5,0.552,0.562,0.478,0.49,0.479,0.462,0.462,0.575,0.525,0.524,0.483,0.533,0.504,0.468,0.556,0.462,0.49,0.547,0.48,0.553,0.536,0.496,0.522,0.513,0.663,0.512,0.496,0.455,0.462,0.549,0.463,0.549,0.505,0.504,0.512,0.498,0.498,0.511,0.513,0.529,0.52,0.511,0.481,0.593,0.513,0.593,0.508,0.569,0.506,0.604,0.573,0.576,0.549,0.541,0.571,0.51,0.772,0.592,0.571,0.544,0.611,0.618,0.588,0.595,0.534,0.581,0.557,0.532,0.543,0.666,0.531,0.541,0.529,0.55,0.507,0.575,0.586

learning_rate
0.05,0.05,0.05,0.05,0.05,0.05,0.05,0.05,0.05,0.05,0.05,0.05,0.05,0.05,0.05,0.05,0.05,0.05,0.05,0.05,0.05,0.05,0.05,0.05,0.05,0.05,0.05,0.05,0.05,0.05,0.05,0.05,0.05,0.05,0.05,0.05,0.05,0.05,0.05,0.05,0.05,0.05,0.05,0.05,0.05,0.05,0.05,0.05,0.05,0.05,0.05,0.05,0.05,0.05,0.05,0.05,0.05,0.05,0.05,0.05,0.05,0.05,0.05,0.05,0.05,0.05,0.05,0.05,0.05,0.05,0.05,0.05,0.05,0.05,0.05,0.05,0.05,0.05,0.05,0.05,0.05,0.05,0.05,0.05,0.05,0.05,0.05,0.05,0.05,0.05,0.05,0.05,0.05,0.05,0.05,0.05,0.05,0.05,0.05,0.05
0.05,0.05,0.05,0.05,0.05,0.05,0.05,0.05,0.05,0.05,0.05,0.05,0.05,0.05,0.05,0.05,0.05,0.05,0.05,0.05,0.05,0.05,0.05,0.05,0.05,0.05,0.05,0.05,0.05,0.05,0.05,0.05,0.05,0.05,0.05,0.05,0.05,0.05,0.05,0.05,0.05,0.05,0.05,0.05,0.05,0.05,0.05,0.05,0.05,0.05,0.05,0.05,0.05,0.05,0.05,0.05,0.05,0.05,0.05,0.05,0.05,0.05,0.05,0.05,0.05,0.05,0.05,0.05,0.05,0.05,0.05,0.05,0.05,0.05,0.05,0.05,0.05,0.05,0.05,0.05,0.05,0.05,0.05,0.05,0.05,0.05,0.05,0.05,0.05,0.05,0.05,0.05,0.05,0.05,0.05,0.05,0.05,0.05,0.05,0.05

