parameters
tas_alpha:25
tas_beta:0.7
tas_gamma:0.02
sgd_lr:0.05
sgd_momentum:0.9
sgd_weight_decay:0
sgd_dampening:0
sgd_nesterov:True
architecture:vgg19bn_
dataset:cifar10
combine_datasets:False
do_validation_set:False
epochs:50
batch_size:128
test_set_split:0.1666667
validation_set_split:0.0
reduce_train_set:1
executions:2
base_seed:1230
training_method:sgd
learning_method:tas

train_loss
2.267,1.733,1.5,1.263,1.046,0.884,0.762,0.67,0.6,0.543,0.498,0.458,0.429,0.392,0.365,0.347,0.32,0.304,0.283,0.263,0.247,0.233,0.221,0.205,0.195,0.185,0.174,0.161,0.149,0.14,0.13,0.122,0.107,0.095,0.078,0.061,0.048,0.04,0.031,0.026,0.021,0.018,0.017,0.017,0.015,0.013,0.015,0.015,0.015,0.014
2.417,1.85,1.458,1.082,0.846,0.7,0.609,0.539,0.493,0.448,0.41,0.379,0.351,0.325,0.301,0.286,0.262,0.247,0.228,0.219,0.201,0.19,0.178,0.165,0.156,0.15,0.141,0.129,0.118,0.114,0.105,0.093,0.085,0.068,0.057,0.046,0.033,0.025,0.021,0.016,0.012,0.013,0.012,0.011,0.011,0.011,0.009,0.01,0.009,0.01

train_acc1
17.816,34.51,44.518,54.686,63.092,69.02,73.762,76.916,79.454,81.506,83.022,84.556,85.624,86.572,87.63,88.27,89.098,89.604,90.316,91.008,91.434,92.042,92.45,92.984,93.316,93.73,94.064,94.406,94.82,95.156,95.478,95.756,96.27,96.724,97.352,97.918,98.33,98.6,98.974,99.066,99.254,99.424,99.448,99.428,99.51,99.554,99.488,99.456,99.478,99.532
11.85,28.068,45.626,61.966,70.614,76.142,79.072,81.686,83.546,84.8,86.168,87.226,88.16,89.032,89.58,90.336,91.078,91.604,92.2,92.516,93.092,93.488,93.908,94.346,94.668,94.912,95.204,95.628,95.962,96.074,96.408,96.84,97.118,97.662,98.138,98.414,98.824,99.186,99.326,99.468,99.568,99.572,99.624,99.658,99.626,99.662,99.672,99.676,99.68,99.666

val_acc1
30.51,42.24,46.48,53.92,63.58,70.19,73.76,76.33,80.5,80.56,82.12,82.38,82.37,84.77,84.67,84.73,83.66,85.9,86.78,87.19,85.78,86.89,88.18,87.15,87.43,87.83,87.63,87.76,88.66,89.15,89.25,88.87,88.8,89.42,89.43,90.01,90.0,90.15,90.31,90.48,90.76,90.56,90.6,90.52,90.68,90.74,90.71,90.57,90.63,90.65
19.24,33.48,51.39,63.95,76.12,74.0,79.06,78.29,81.63,82.85,83.53,85.02,84.29,86.77,85.05,85.62,85.62,86.4,87.58,87.75,85.87,86.61,87.85,88.76,88.52,88.82,88.35,89.02,88.94,88.88,89.62,89.4,89.35,89.73,90.62,90.56,90.79,91.14,91.25,91.47,91.52,91.61,91.64,91.54,91.62,91.59,91.59,91.63,91.53,91.59

val_loss
2.127,1.562,1.559,1.338,1.044,0.853,0.76,0.691,0.579,0.585,0.524,0.526,0.52,0.453,0.467,0.457,0.531,0.427,0.406,0.397,0.455,0.423,0.374,0.419,0.383,0.394,0.4,0.405,0.39,0.356,0.359,0.391,0.4,0.377,0.39,0.395,0.396,0.404,0.408,0.408,0.421,0.419,0.436,0.427,0.441,0.459,0.443,0.446,0.448,0.456
2.231,1.791,1.441,1.063,0.705,0.759,0.659,0.641,0.566,0.53,0.489,0.44,0.509,0.411,0.468,0.437,0.455,0.416,0.383,0.386,0.475,0.438,0.388,0.366,0.381,0.368,0.391,0.369,0.386,0.394,0.356,0.385,0.397,0.39,0.379,0.383,0.394,0.405,0.4,0.407,0.416,0.408,0.414,0.419,0.425,0.433,0.42,0.42,0.422,0.425

learning_rate
0.05,0.05,0.05,0.05,0.05,0.05,0.05,0.05,0.05,0.05,0.05,0.05,0.05,0.049999,0.049999,0.049998,0.049996,0.049994,0.04999,0.049984,0.049973,0.049955,0.049926,0.049879,0.049801,0.049672,0.049462,0.049119,0.048564,0.047676,0.046283,0.044159,0.041061,0.036822,0.031501,0.0255,0.019499,0.014178,0.009939,0.006841,0.004717,0.003324,0.002436,0.001881,0.001538,0.001328,0.001199,0.001121,0.001074,0.001045
0.05,0.05,0.05,0.05,0.05,0.05,0.05,0.05,0.05,0.05,0.05,0.05,0.05,0.049999,0.049999,0.049998,0.049996,0.049994,0.04999,0.049984,0.049973,0.049955,0.049926,0.049879,0.049801,0.049672,0.049462,0.049119,0.048564,0.047676,0.046283,0.044159,0.041061,0.036822,0.031501,0.0255,0.019499,0.014178,0.009939,0.006841,0.004717,0.003324,0.002436,0.001881,0.001538,0.001328,0.001199,0.001121,0.001074,0.001045

