parameters
tas_alpha:25
tas_beta:0.5
tas_gamma:0.02
sgd_lr:0.05
sgd_momentum:0.9
sgd_weight_decay:0
sgd_dampening:0
sgd_nesterov:True
architecture:vgg19bn_
dataset:cifar10
combine_datasets:False
do_validation_set:False
epochs:25
batch_size:128
test_set_split:0.1666667
validation_set_split:0.0
reduce_train_set:1
executions:2
base_seed:1230
training_method:sgd
learning_method:tas

train_loss
2.225,1.741,1.44,1.153,0.959,0.804,0.691,0.607,0.552,0.496,0.448,0.405,0.35,0.293,0.243,0.218,0.199,0.189,0.186,0.183,0.179,0.179,0.176,0.174,0.173
2.397,1.871,1.556,1.263,1.003,0.823,0.712,0.629,0.569,0.512,0.463,0.416,0.357,0.3,0.249,0.222,0.203,0.194,0.19,0.188,0.182,0.182,0.183,0.182,0.176

train_acc1
18.494,33.326,46.604,58.716,66.298,72.108,76.448,79.204,81.226,83.228,84.858,86.362,88.066,89.97,91.744,92.476,93.112,93.494,93.596,93.754,93.922,93.786,93.936,93.998,94.088
12.376,27.212,40.788,54.322,64.63,71.31,75.448,78.386,80.508,82.786,84.444,85.966,87.912,89.874,91.484,92.488,93.13,93.364,93.426,93.67,93.758,93.754,93.87,93.836,93.984

val_acc1
26.59,40.51,51.37,61.2,69.71,69.87,73.32,79.59,80.83,78.26,84.08,85.32,84.57,87.01,87.87,88.31,88.81,88.94,88.86,89.15,89.1,89.18,89.02,88.9,88.86
20.89,34.71,43.95,45.84,68.25,72.0,77.05,77.16,80.79,79.95,83.48,84.29,85.33,87.77,88.11,88.57,88.88,89.04,89.23,89.07,89.09,89.05,89.0,89.16,89.07

val_loss
1.908,1.619,1.396,1.154,0.879,0.873,0.84,0.59,0.577,0.688,0.468,0.434,0.473,0.391,0.361,0.352,0.35,0.344,0.347,0.344,0.346,0.345,0.347,0.352,0.353
2.321,1.701,1.561,1.612,0.908,0.825,0.669,0.69,0.584,0.613,0.508,0.469,0.445,0.393,0.366,0.36,0.359,0.351,0.358,0.352,0.352,0.355,0.351,0.358,0.364

learning_rate
0.05,0.05,0.049999,0.049996,0.04999,0.049973,0.049926,0.049801,0.049462,0.048564,0.046283,0.041061,0.031501,0.019499,0.009939,0.004717,0.002436,0.001538,0.001199,0.001074,0.001027,0.00101,0.001004,0.001001,0.001
0.05,0.05,0.049999,0.049996,0.04999,0.049973,0.049926,0.049801,0.049462,0.048564,0.046283,0.041061,0.031501,0.019499,0.009939,0.004717,0.002436,0.001538,0.001199,0.001074,0.001027,0.00101,0.001004,0.001001,0.001

