parameters
tas_alpha:10
tas_beta:0.3
tas_gamma:0.02
sgd_lr:0.05
sgd_momentum:0.9
sgd_weight_decay:0
sgd_dampening:0
sgd_nesterov:True
architecture:vgg19bn_
dataset:cifar10
combine_datasets:False
do_validation_set:False
epochs:100
batch_size:128
test_set_split:0.1666667
validation_set_split:0.0
reduce_train_set:1
executions:2
base_seed:1230
training_method:sgd
learning_method:tas

train_loss
2.196,1.73,1.447,1.197,0.974,0.798,0.68,0.598,0.546,0.494,0.449,0.421,0.388,0.355,0.329,0.312,0.287,0.265,0.247,0.229,0.211,0.199,0.183,0.171,0.155,0.144,0.135,0.124,0.111,0.102,0.096,0.086,0.079,0.072,0.063,0.058,0.048,0.046,0.041,0.04,0.035,0.029,0.027,0.025,0.02,0.019,0.017,0.016,0.013,0.014,0.013,0.011,0.009,0.01,0.008,0.008,0.007,0.006,0.007,0.005,0.005,0.006,0.004,0.004,0.005,0.004,0.004,0.004,0.004,0.004,0.004,0.004,0.003,0.004,0.004,0.003,0.003,0.003,0.003,0.003,0.003,0.003,0.003,0.003,0.003,0.003,0.003,0.002,0.003,0.003,0.002,0.002,0.003,0.003,0.003,0.002,0.002,0.003,0.002,0.002
2.2,1.786,1.529,1.273,1.068,0.895,0.774,0.682,0.613,0.553,0.506,0.468,0.432,0.396,0.371,0.349,0.322,0.298,0.277,0.261,0.242,0.228,0.216,0.195,0.185,0.171,0.16,0.146,0.132,0.125,0.115,0.104,0.096,0.084,0.083,0.072,0.068,0.059,0.056,0.05,0.044,0.04,0.037,0.034,0.03,0.027,0.024,0.022,0.021,0.019,0.018,0.014,0.014,0.013,0.014,0.012,0.011,0.01,0.009,0.008,0.008,0.008,0.007,0.007,0.007,0.006,0.007,0.006,0.007,0.006,0.005,0.005,0.004,0.005,0.005,0.005,0.006,0.006,0.004,0.004,0.005,0.004,0.005,0.005,0.004,0.004,0.004,0.004,0.004,0.004,0.004,0.004,0.004,0.003,0.003,0.004,0.003,0.004,0.003,0.004

train_acc1
20.878,34.126,46.564,57.298,65.644,72.302,76.74,79.548,81.676,83.218,84.72,85.606,86.818,87.87,88.866,89.266,90.134,90.99,91.428,92.212,92.754,93.232,93.684,94.148,94.616,94.922,95.358,95.672,96.158,96.438,96.636,97.03,97.236,97.498,97.788,97.988,98.36,98.46,98.596,98.602,98.83,99.002,99.046,99.17,99.32,99.296,99.432,99.44,99.6,99.522,99.564,99.652,99.692,99.678,99.7,99.738,99.78,99.794,99.752,99.816,99.828,99.822,99.856,99.866,99.798,99.856,99.87,99.874,99.872,99.852,99.85,99.87,99.894,99.882,99.892,99.91,99.884,99.894,99.9,99.914,99.916,99.912,99.922,99.908,99.904,99.902,99.904,99.916,99.908,99.914,99.926,99.934,99.916,99.914,99.904,99.936,99.914,99.898,99.928,99.938
19.822,31.978,42.598,53.76,61.93,68.456,73.368,76.602,79.192,81.29,82.864,84.302,85.38,86.67,87.44,88.108,89.016,89.794,90.57,91.092,91.624,92.244,92.682,93.26,93.69,94.058,94.4,94.852,95.424,95.66,95.948,96.448,96.728,97.034,97.092,97.552,97.664,98.022,98.054,98.248,98.466,98.608,98.75,98.834,98.998,99.094,99.186,99.26,99.32,99.338,99.36,99.526,99.518,99.572,99.518,99.622,99.638,99.658,99.71,99.744,99.74,99.766,99.77,99.774,99.754,99.802,99.776,99.798,99.778,99.804,99.832,99.828,99.874,99.84,99.834,99.856,99.826,99.838,99.886,99.848,99.83,99.868,99.834,99.844,99.876,99.894,99.854,99.862,99.866,99.882,99.882,99.876,99.89,99.89,99.904,99.868,99.912,99.864,99.884,99.87

val_acc1
27.54,39.53,50.22,58.93,69.07,72.96,75.52,77.45,80.45,82.44,83.32,83.8,81.98,85.19,83.44,86.44,83.71,86.85,87.62,87.22,85.82,87.17,87.78,88.07,88.56,88.61,88.68,88.65,88.83,87.66,89.13,88.37,89.58,89.29,89.65,89.69,89.46,89.51,89.48,89.86,90.07,90.57,90.41,90.39,90.39,90.38,90.57,90.37,90.59,90.77,90.55,90.83,90.63,90.56,90.77,90.72,90.74,90.75,90.75,90.9,90.78,90.9,90.97,90.77,90.75,90.75,90.74,90.91,90.76,90.9,90.89,90.76,90.83,90.86,90.9,90.94,90.77,90.97,90.89,90.87,90.95,90.82,90.88,90.88,90.84,90.91,90.85,90.96,90.97,90.88,90.95,91.02,91.01,90.98,91.09,90.99,90.97,90.98,90.96,91.03
24.89,36.47,44.85,53.94,65.13,69.03,70.25,75.95,78.08,79.6,82.47,82.84,83.64,84.56,85.0,84.66,84.82,85.73,86.34,86.48,83.54,87.88,88.21,87.16,87.61,88.2,87.7,87.68,88.49,88.56,89.37,89.49,89.2,89.03,89.11,89.23,89.58,89.69,89.27,89.81,89.89,89.76,90.13,90.24,90.26,90.43,90.44,90.36,90.34,90.45,90.55,90.67,90.4,90.67,90.67,90.77,90.67,90.75,90.78,90.69,90.53,90.65,90.67,90.67,90.86,90.88,90.83,90.89,90.71,90.75,90.66,90.76,90.75,90.79,90.74,90.87,90.91,90.79,90.87,90.88,90.88,90.87,90.95,90.84,90.99,90.96,91.08,90.93,90.96,91.0,91.07,90.99,90.97,90.97,91.07,91.1,90.96,90.99,90.97,90.79

val_loss
1.907,1.654,1.377,1.131,0.902,0.802,0.726,0.649,0.586,0.537,0.503,0.475,0.553,0.467,0.519,0.403,0.496,0.401,0.387,0.402,0.475,0.426,0.398,0.39,0.376,0.374,0.378,0.413,0.396,0.456,0.408,0.462,0.413,0.4,0.425,0.424,0.457,0.46,0.457,0.454,0.46,0.444,0.471,0.47,0.493,0.522,0.507,0.513,0.515,0.505,0.508,0.521,0.535,0.557,0.551,0.554,0.551,0.552,0.549,0.564,0.563,0.56,0.557,0.58,0.574,0.573,0.591,0.579,0.586,0.598,0.604,0.597,0.61,0.605,0.604,0.606,0.613,0.617,0.605,0.601,0.622,0.614,0.617,0.62,0.616,0.638,0.623,0.623,0.633,0.617,0.637,0.619,0.639,0.629,0.62,0.622,0.633,0.632,0.636,0.64
2.006,1.736,1.58,1.372,0.997,0.912,0.889,0.718,0.672,0.637,0.524,0.523,0.501,0.468,0.453,0.469,0.472,0.425,0.438,0.433,0.582,0.396,0.378,0.425,0.401,0.389,0.413,0.416,0.404,0.388,0.385,0.404,0.412,0.417,0.425,0.421,0.425,0.424,0.428,0.431,0.464,0.46,0.461,0.448,0.486,0.482,0.481,0.49,0.484,0.481,0.49,0.493,0.528,0.515,0.507,0.516,0.537,0.537,0.533,0.542,0.553,0.554,0.563,0.579,0.559,0.562,0.579,0.55,0.571,0.574,0.587,0.569,0.577,0.587,0.582,0.587,0.59,0.594,0.578,0.593,0.596,0.604,0.588,0.598,0.589,0.605,0.603,0.597,0.603,0.601,0.608,0.606,0.621,0.609,0.602,0.611,0.608,0.61,0.617,0.608

learning_rate
0.047676,0.047444,0.047191,0.046914,0.046612,0.046283,0.045925,0.045535,0.045112,0.044654,0.044159,0.043625,0.043049,0.042431,0.041769,0.041061,0.040307,0.039506,0.038658,0.037763,0.036822,0.035837,0.034809,0.033741,0.032637,0.031501,0.030336,0.029148,0.027942,0.026724,0.0255,0.024276,0.023058,0.021852,0.020664,0.019499,0.018363,0.017259,0.016191,0.015163,0.014178,0.013237,0.012342,0.011494,0.010693,0.009939,0.009231,0.008569,0.007951,0.007375,0.006841,0.006346,0.005888,0.005465,0.005075,0.004717,0.004388,0.004086,0.003809,0.003556,0.003324,0.003112,0.002919,0.002743,0.002582,0.002436,0.002303,0.002182,0.002072,0.001972,0.001881,0.001799,0.001724,0.001656,0.001594,0.001538,0.001488,0.001442,0.0014,0.001362,0.001328,0.001297,0.001269,0.001243,0.00122,0.001199,0.001181,0.001163,0.001148,0.001134,0.001121,0.00111,0.001099,0.00109,0.001081,0.001074,0.001067,0.00106,0.001055,0.001049
0.047676,0.047444,0.047191,0.046914,0.046612,0.046283,0.045925,0.045535,0.045112,0.044654,0.044159,0.043625,0.043049,0.042431,0.041769,0.041061,0.040307,0.039506,0.038658,0.037763,0.036822,0.035837,0.034809,0.033741,0.032637,0.031501,0.030336,0.029148,0.027942,0.026724,0.0255,0.024276,0.023058,0.021852,0.020664,0.019499,0.018363,0.017259,0.016191,0.015163,0.014178,0.013237,0.012342,0.011494,0.010693,0.009939,0.009231,0.008569,0.007951,0.007375,0.006841,0.006346,0.005888,0.005465,0.005075,0.004717,0.004388,0.004086,0.003809,0.003556,0.003324,0.003112,0.002919,0.002743,0.002582,0.002436,0.002303,0.002182,0.002072,0.001972,0.001881,0.001799,0.001724,0.001656,0.001594,0.001538,0.001488,0.001442,0.0014,0.001362,0.001328,0.001297,0.001269,0.001243,0.00122,0.001199,0.001181,0.001163,0.001148,0.001134,0.001121,0.00111,0.001099,0.00109,0.001081,0.001074,0.001067,0.00106,0.001055,0.001049

