parameters
tas_alpha:10
tas_beta:0.3
tas_gamma:0.02
sgd_lr:0.05
sgd_momentum:0.9
sgd_weight_decay:0
sgd_dampening:0
sgd_nesterov:True
architecture:vgg19bn_
dataset:cifar10
combine_datasets:False
do_validation_set:False
epochs:10
batch_size:128
test_set_split:0.1666667
validation_set_split:0.0
reduce_train_set:1
executions:2
base_seed:1230
training_method:sgd
learning_method:tas

train_loss
2.182,1.753,1.521,1.282,1.07,0.914,0.828,0.775,0.746,0.723
2.229,1.813,1.516,1.196,0.981,0.842,0.763,0.718,0.696,0.674

train_acc1
20.902,33.058,42.892,52.916,61.686,67.36,70.682,72.344,73.4,74.51
18.182,30.164,42.614,56.684,64.934,70.026,72.994,74.55,75.498,76.328

val_acc1
28.59,37.34,43.98,52.85,64.13,69.26,71.32,72.49,73.43,73.66
26.08,36.31,48.84,53.69,66.02,69.08,72.67,74.0,74.82,75.55

val_loss
1.851,1.797,1.593,1.293,0.995,0.87,0.817,0.789,0.771,0.751
1.917,1.64,1.417,1.326,0.97,0.896,0.772,0.734,0.724,0.708

learning_rate
0.047676,0.044159,0.036822,0.0255,0.014178,0.006841,0.003324,0.001881,0.001328,0.001121
0.047676,0.044159,0.036822,0.0255,0.014178,0.006841,0.003324,0.001881,0.001328,0.001121

