parameters
tas_alpha:10
tas_beta:0.7
tas_gamma:0.02
sgd_lr:0.05
sgd_momentum:0.9
sgd_weight_decay:0
sgd_dampening:0
sgd_nesterov:True
architecture:vgg19bn_
dataset:cifar10
combine_datasets:False
do_validation_set:False
epochs:25
batch_size:128
test_set_split:0.1666667
validation_set_split:0.0
reduce_train_set:1
executions:2
base_seed:1230
training_method:sgd
learning_method:tas

train_loss
2.246,1.763,1.477,1.219,1.003,0.824,0.695,0.608,0.553,0.5,0.453,0.422,0.385,0.352,0.322,0.298,0.263,0.236,0.206,0.182,0.153,0.136,0.119,0.108,0.097
2.407,1.892,1.661,1.389,1.167,0.997,0.857,0.748,0.67,0.606,0.556,0.512,0.47,0.435,0.396,0.369,0.333,0.306,0.275,0.249,0.22,0.199,0.183,0.168,0.155

train_acc1
19.7,33.658,45.852,56.442,64.948,71.568,76.166,79.232,81.34,82.902,84.658,85.696,87.074,87.928,88.982,89.848,90.934,92.046,92.918,93.75,94.738,95.312,95.858,96.364,96.664
13.494,25.782,36.172,48.424,58.044,64.806,69.92,73.956,77.036,79.492,81.09,82.832,84.094,85.368,86.632,87.478,88.66,89.66,90.62,91.526,92.352,93.16,93.734,94.086,94.624

val_acc1
28.1,38.01,48.42,55.36,65.01,72.38,75.76,79.91,81.39,82.32,83.69,84.4,82.54,84.25,84.88,85.93,86.8,87.13,87.72,87.97,88.43,89.14,88.87,89.25,89.29
21.25,28.96,41.75,51.87,62.3,67.88,71.81,75.16,75.54,78.32,77.56,81.1,82.54,84.81,81.98,85.48,86.04,86.4,86.91,87.28,88.03,88.55,88.75,89.01,89.06

val_loss
2.111,1.852,1.522,1.369,1.022,0.808,0.715,0.588,0.563,0.537,0.486,0.464,0.544,0.48,0.463,0.415,0.408,0.385,0.387,0.382,0.369,0.362,0.37,0.377,0.382
2.003,1.822,1.545,1.321,1.064,0.921,0.807,0.734,0.748,0.662,0.7,0.54,0.514,0.475,0.563,0.433,0.426,0.409,0.407,0.392,0.384,0.362,0.356,0.358,0.365

learning_rate
0.049955,0.049933,0.049901,0.049852,0.04978,0.049672,0.049512,0.049276,0.048928,0.048418,0.047676,0.046612,0.045112,0.043049,0.040307,0.036822,0.032637,0.027942,0.023058,0.018363,0.014178,0.010693,0.007951,0.005888,0.004388
0.049955,0.049933,0.049901,0.049852,0.04978,0.049672,0.049512,0.049276,0.048928,0.048418,0.047676,0.046612,0.045112,0.043049,0.040307,0.036822,0.032637,0.027942,0.023058,0.018363,0.014178,0.010693,0.007951,0.005888,0.004388

