parameters
tas_alpha:25
tas_beta:0.3
tas_gamma:0.02
sgd_lr:0.05
sgd_momentum:0.9
sgd_weight_decay:0
sgd_dampening:0
sgd_nesterov:True
architecture:vgg19bn_
dataset:cifar10
combine_datasets:False
do_validation_set:False
epochs:100
batch_size:128
test_set_split:0.1666667
validation_set_split:0.0
reduce_train_set:1
executions:2
base_seed:1230
training_method:sgd
learning_method:tas

train_loss
2.27,1.851,1.572,1.287,1.059,0.873,0.74,0.648,0.587,0.526,0.482,0.448,0.412,0.38,0.357,0.33,0.311,0.291,0.267,0.252,0.237,0.22,0.202,0.188,0.175,0.159,0.147,0.13,0.117,0.103,0.088,0.079,0.067,0.058,0.048,0.043,0.034,0.03,0.026,0.025,0.02,0.02,0.018,0.016,0.014,0.015,0.015,0.013,0.014,0.014,0.013,0.012,0.011,0.012,0.012,0.011,0.011,0.011,0.011,0.01,0.011,0.012,0.01,0.01,0.011,0.01,0.01,0.009,0.011,0.009,0.01,0.01,0.009,0.009,0.009,0.009,0.009,0.009,0.008,0.009,0.01,0.008,0.008,0.009,0.008,0.007,0.007,0.008,0.008,0.009,0.008,0.007,0.008,0.008,0.006,0.008,0.007,0.008,0.006,0.007
2.403,1.883,1.546,1.266,1.058,0.881,0.751,0.659,0.594,0.543,0.491,0.455,0.424,0.393,0.365,0.346,0.317,0.3,0.283,0.263,0.242,0.231,0.22,0.199,0.184,0.172,0.159,0.141,0.126,0.112,0.099,0.089,0.076,0.066,0.053,0.049,0.041,0.036,0.033,0.029,0.027,0.024,0.021,0.022,0.021,0.019,0.017,0.017,0.017,0.016,0.016,0.015,0.015,0.015,0.016,0.014,0.015,0.014,0.014,0.012,0.014,0.013,0.014,0.012,0.014,0.012,0.013,0.012,0.013,0.012,0.013,0.012,0.012,0.011,0.011,0.011,0.011,0.011,0.011,0.01,0.011,0.011,0.011,0.01,0.012,0.009,0.009,0.01,0.01,0.009,0.01,0.01,0.01,0.01,0.009,0.009,0.008,0.011,0.009,0.009

train_acc1
17.316,28.104,41.034,53.384,62.818,69.736,74.556,77.896,80.036,82.236,83.538,84.984,86.032,87.208,87.93,88.842,89.504,90.208,90.838,91.438,91.774,92.514,93.074,93.49,93.934,94.526,94.932,95.538,96.036,96.422,96.932,97.238,97.718,97.936,98.404,98.556,98.792,99.006,99.102,99.154,99.332,99.328,99.382,99.462,99.514,99.512,99.48,99.556,99.54,99.518,99.538,99.6,99.622,99.616,99.594,99.674,99.654,99.66,99.642,99.682,99.652,99.602,99.676,99.676,99.66,99.65,99.632,99.688,99.668,99.722,99.646,99.674,99.712,99.708,99.688,99.706,99.716,99.662,99.742,99.674,99.666,99.73,99.718,99.704,99.724,99.766,99.748,99.746,99.746,99.712,99.728,99.752,99.742,99.75,99.79,99.732,99.776,99.728,99.796,99.766
13.586,26.802,42.054,53.888,62.194,69.25,74.026,77.45,80.09,81.698,83.228,84.72,85.696,86.81,87.688,88.22,89.304,89.988,90.4,91.128,91.626,92.148,92.422,93.198,93.726,94.102,94.552,95.154,95.63,96.054,96.59,96.952,97.41,97.754,98.214,98.344,98.53,98.8,98.916,99.018,99.122,99.196,99.32,99.27,99.296,99.352,99.408,99.434,99.464,99.442,99.448,99.496,99.5,99.498,99.44,99.536,99.508,99.558,99.526,99.57,99.58,99.558,99.566,99.63,99.532,99.586,99.604,99.622,99.572,99.59,99.554,99.608,99.584,99.592,99.614,99.634,99.608,99.648,99.624,99.64,99.602,99.592,99.624,99.652,99.576,99.684,99.66,99.672,99.682,99.712,99.664,99.672,99.644,99.69,99.672,99.672,99.724,99.602,99.676,99.692

val_acc1
25.48,35.67,46.32,53.9,63.59,69.41,74.93,77.92,79.76,80.76,80.92,84.35,83.18,84.45,85.05,86.58,85.9,86.79,87.63,86.31,86.43,87.4,88.18,88.0,87.89,87.95,88.57,89.32,89.15,89.5,89.68,89.68,89.63,90.33,90.21,90.79,90.41,90.64,90.91,90.89,90.9,90.92,90.95,91.09,91.05,91.24,91.04,91.06,91.14,91.22,91.24,91.05,91.12,91.26,91.29,91.21,91.32,91.02,91.3,91.12,91.14,91.18,91.04,91.04,91.12,91.11,91.16,91.18,91.16,91.23,91.02,91.15,91.3,91.12,91.11,91.19,91.1,91.05,91.01,91.23,91.19,91.18,91.15,91.03,91.06,91.04,91.09,91.13,90.97,91.08,91.1,91.23,91.11,91.19,91.23,91.16,91.22,91.17,91.22,91.17
22.36,33.72,46.02,54.71,63.73,66.42,74.49,78.15,75.19,80.08,82.57,83.74,81.29,85.07,85.36,84.28,85.22,86.59,86.9,86.42,86.81,87.18,87.52,88.16,88.54,88.26,88.69,89.01,88.72,89.54,89.12,89.46,90.13,90.14,90.0,90.58,90.81,90.78,90.87,90.72,90.84,90.94,90.96,91.01,91.11,91.12,91.0,90.88,90.88,91.06,91.14,91.15,91.06,91.02,91.09,91.06,91.05,91.1,91.13,91.19,91.01,91.18,91.14,91.2,91.04,91.07,91.13,91.16,91.07,91.05,91.1,91.04,91.14,91.18,91.08,91.24,91.3,91.12,91.11,91.24,91.23,91.13,91.21,91.27,91.13,90.99,91.29,91.23,91.12,91.13,91.1,91.23,91.17,90.99,91.05,91.25,91.12,90.99,91.09,91.18

val_loss
1.957,1.805,1.55,1.314,1.035,0.914,0.744,0.652,0.619,0.584,0.576,0.463,0.501,0.48,0.457,0.408,0.43,0.416,0.39,0.444,0.43,0.399,0.379,0.39,0.399,0.383,0.383,0.364,0.369,0.374,0.377,0.391,0.414,0.41,0.435,0.404,0.426,0.436,0.434,0.435,0.441,0.449,0.449,0.464,0.481,0.485,0.463,0.468,0.478,0.482,0.488,0.48,0.493,0.483,0.482,0.494,0.498,0.494,0.494,0.504,0.504,0.497,0.499,0.513,0.502,0.496,0.524,0.513,0.503,0.501,0.521,0.513,0.525,0.515,0.507,0.518,0.527,0.528,0.523,0.519,0.522,0.528,0.521,0.517,0.524,0.541,0.534,0.538,0.546,0.537,0.536,0.546,0.539,0.545,0.543,0.548,0.556,0.547,0.551,0.548
1.961,1.7,1.445,1.614,1.125,0.986,0.73,0.635,0.78,0.615,0.516,0.475,0.606,0.451,0.449,0.479,0.463,0.409,0.412,0.416,0.417,0.396,0.375,0.376,0.365,0.373,0.381,0.359,0.388,0.361,0.402,0.387,0.381,0.389,0.409,0.382,0.393,0.411,0.404,0.412,0.429,0.422,0.436,0.437,0.445,0.454,0.44,0.45,0.46,0.461,0.466,0.451,0.456,0.461,0.482,0.476,0.475,0.468,0.465,0.484,0.48,0.47,0.48,0.49,0.48,0.481,0.495,0.484,0.488,0.49,0.494,0.492,0.494,0.49,0.484,0.499,0.502,0.506,0.498,0.514,0.507,0.51,0.497,0.504,0.497,0.523,0.522,0.519,0.519,0.524,0.519,0.528,0.526,0.531,0.523,0.516,0.524,0.529,0.528,0.515

learning_rate
0.049973,0.049965,0.049955,0.049943,0.049926,0.049906,0.049879,0.049845,0.049801,0.049744,0.049672,0.04958,0.049462,0.049311,0.049119,0.048874,0.048564,0.048171,0.047676,0.047056,0.046283,0.045328,0.044159,0.042746,0.041061,0.039088,0.036822,0.03428,0.031501,0.028547,0.0255,0.022453,0.019499,0.01672,0.014178,0.011912,0.009939,0.008254,0.006841,0.005672,0.004717,0.003944,0.003324,0.002829,0.002436,0.002126,0.001881,0.001689,0.001538,0.00142,0.001328,0.001256,0.001199,0.001155,0.001121,0.001094,0.001074,0.001057,0.001045,0.001035,0.001027,0.001021,0.001016,0.001013,0.00101,0.001008,0.001006,0.001005,0.001004,0.001003,0.001002,0.001002,0.001001,0.001001,0.001001,0.001001,0.001,0.001,0.001,0.001,0.001,0.001,0.001,0.001,0.001,0.001,0.001,0.001,0.001,0.001,0.001,0.001,0.001,0.001,0.001,0.001,0.001,0.001,0.001,0.001
0.049973,0.049965,0.049955,0.049943,0.049926,0.049906,0.049879,0.049845,0.049801,0.049744,0.049672,0.04958,0.049462,0.049311,0.049119,0.048874,0.048564,0.048171,0.047676,0.047056,0.046283,0.045328,0.044159,0.042746,0.041061,0.039088,0.036822,0.03428,0.031501,0.028547,0.0255,0.022453,0.019499,0.01672,0.014178,0.011912,0.009939,0.008254,0.006841,0.005672,0.004717,0.003944,0.003324,0.002829,0.002436,0.002126,0.001881,0.001689,0.001538,0.00142,0.001328,0.001256,0.001199,0.001155,0.001121,0.001094,0.001074,0.001057,0.001045,0.001035,0.001027,0.001021,0.001016,0.001013,0.00101,0.001008,0.001006,0.001005,0.001004,0.001003,0.001002,0.001002,0.001001,0.001001,0.001001,0.001001,0.001,0.001,0.001,0.001,0.001,0.001,0.001,0.001,0.001,0.001,0.001,0.001,0.001,0.001,0.001,0.001,0.001,0.001,0.001,0.001,0.001,0.001,0.001,0.001

