parameters
tas_alpha:50
tas_beta:0.5
tas_gamma:0.02
sgd_lr:0.05
sgd_momentum:0.9
sgd_weight_decay:0
sgd_dampening:0
sgd_nesterov:True
architecture:vgg19bn_
dataset:cifar10
combine_datasets:False
do_validation_set:False
epochs:25
batch_size:128
test_set_split:0.1666667
validation_set_split:0.0
reduce_train_set:1
executions:2
base_seed:1230
training_method:sgd
learning_method:tas

train_loss
2.238,1.717,1.421,1.139,0.932,0.773,0.672,0.601,0.542,0.496,0.455,0.419,0.36,0.281,0.233,0.22,0.215,0.213,0.21,0.209,0.202,0.203,0.203,0.2,0.197
2.328,1.824,1.561,1.259,1.003,0.835,0.728,0.643,0.582,0.526,0.478,0.437,0.381,0.297,0.248,0.236,0.229,0.224,0.223,0.221,0.214,0.216,0.213,0.21,0.211

train_acc1
18.518,34.134,47.46,59.312,67.208,73.474,77.052,79.46,81.668,83.182,84.652,85.896,87.71,90.318,92.138,92.658,92.734,92.776,92.856,92.878,93.194,93.176,93.106,93.148,93.254
14.376,28.48,40.566,54.168,64.678,71.202,75.032,78.066,80.414,82.342,83.916,85.174,86.98,89.956,91.55,92.106,92.212,92.444,92.384,92.536,92.646,92.65,92.742,92.788,92.916

val_acc1
29.52,40.9,50.77,61.15,69.5,73.4,76.23,78.4,80.26,80.3,81.88,84.2,84.43,87.36,88.56,88.52,88.45,88.38,88.47,88.61,88.49,88.6,88.72,88.63,88.54
22.23,35.54,46.59,57.08,68.32,71.68,74.61,77.43,79.92,79.04,82.54,82.83,85.18,87.7,88.18,88.32,88.25,88.37,88.34,88.5,88.46,88.42,88.37,88.55,88.44

val_loss
1.807,1.53,1.377,1.094,0.866,0.782,0.738,0.619,0.608,0.594,0.55,0.464,0.484,0.382,0.355,0.361,0.359,0.355,0.36,0.357,0.357,0.356,0.356,0.361,0.358
2.072,1.679,1.416,1.367,0.892,0.826,0.744,0.664,0.606,0.645,0.524,0.508,0.448,0.386,0.36,0.362,0.364,0.357,0.362,0.355,0.352,0.359,0.355,0.362,0.358

learning_rate
0.05,0.05,0.05,0.05,0.05,0.05,0.05,0.049999,0.049994,0.049955,0.049672,0.047676,0.036822,0.014178,0.003324,0.001328,0.001045,0.001006,0.001001,0.001,0.001,0.001,0.001,0.001,0.001
0.05,0.05,0.05,0.05,0.05,0.05,0.05,0.049999,0.049994,0.049955,0.049672,0.047676,0.036822,0.014178,0.003324,0.001328,0.001045,0.001006,0.001001,0.001,0.001,0.001,0.001,0.001,0.001

