parameters
tas_alpha:25
tas_beta:0.3
tas_gamma:0.02
sgd_lr:0.05
sgd_momentum:0.9
sgd_weight_decay:0
sgd_dampening:0
sgd_nesterov:True
architecture:vgg19bn_
dataset:cifar10
combine_datasets:False
do_validation_set:False
epochs:25
batch_size:128
test_set_split:0.1666667
validation_set_split:0.0
reduce_train_set:1
executions:2
base_seed:1230
training_method:sgd
learning_method:tas

train_loss
2.27,1.829,1.517,1.226,0.998,0.82,0.698,0.592,0.509,0.44,0.394,0.37,0.353,0.346,0.34,0.343,0.335,0.328,0.328,0.325,0.318,0.318,0.314,0.31,0.306
2.403,1.881,1.543,1.261,1.045,0.864,0.731,0.625,0.533,0.463,0.418,0.393,0.379,0.368,0.36,0.364,0.353,0.351,0.348,0.348,0.34,0.338,0.334,0.329,0.327

train_acc1
17.316,29.134,43.12,55.81,65.028,71.754,75.924,79.864,82.474,85.042,86.578,87.306,87.858,88.188,88.402,88.322,88.54,88.638,88.708,88.918,89.096,88.946,89.31,89.23,89.378
13.586,26.862,42.042,53.826,62.782,69.866,74.878,78.684,81.96,84.24,85.774,86.438,87.212,87.434,87.77,87.44,87.828,87.982,88.002,88.094,88.34,88.468,88.536,88.788,88.806

val_acc1
25.48,36.69,44.74,55.65,68.26,72.34,75.69,77.27,81.78,83.84,85.27,85.31,85.74,85.86,85.68,85.68,85.91,85.86,86.15,85.79,86.15,86.17,86.17,86.03,86.37
22.36,33.08,44.32,55.54,66.17,68.12,74.32,78.34,82.29,83.19,84.39,84.63,85.04,85.39,85.24,85.34,85.33,85.28,85.58,85.44,85.61,85.6,85.4,85.78,85.93

val_loss
1.957,1.983,1.643,1.253,0.88,0.808,0.708,0.679,0.543,0.481,0.443,0.438,0.43,0.435,0.431,0.429,0.431,0.423,0.426,0.421,0.419,0.418,0.42,0.427,0.419
1.961,1.855,1.584,1.86,1.0,0.942,0.744,0.642,0.53,0.494,0.46,0.446,0.438,0.444,0.436,0.439,0.436,0.435,0.435,0.428,0.424,0.427,0.429,0.432,0.426

learning_rate
0.049973,0.049926,0.049801,0.049462,0.048564,0.046283,0.041061,0.031501,0.019499,0.009939,0.004717,0.002436,0.001538,0.001199,0.001074,0.001027,0.00101,0.001004,0.001001,0.001,0.001,0.001,0.001,0.001,0.001
0.049973,0.049926,0.049801,0.049462,0.048564,0.046283,0.041061,0.031501,0.019499,0.009939,0.004717,0.002436,0.001538,0.001199,0.001074,0.001027,0.00101,0.001004,0.001001,0.001,0.001,0.001,0.001,0.001,0.001

