parameters
tas_alpha:10
tas_beta:0.5
tas_gamma:0.02
sgd_lr:0.05
sgd_momentum:0.9
sgd_weight_decay:0
sgd_dampening:0
sgd_nesterov:True
architecture:vgg19bn_
dataset:cifar10
combine_datasets:False
do_validation_set:False
epochs:50
batch_size:128
test_set_split:0.1666667
validation_set_split:0.0
reduce_train_set:1
executions:2
base_seed:1230
training_method:sgd
learning_method:tas

train_loss
2.294,1.82,1.502,1.223,0.986,0.814,0.697,0.613,0.556,0.509,0.465,0.428,0.396,0.363,0.336,0.317,0.294,0.27,0.252,0.232,0.213,0.198,0.181,0.16,0.146,0.131,0.119,0.105,0.091,0.081,0.072,0.062,0.054,0.049,0.044,0.039,0.034,0.03,0.028,0.028,0.026,0.021,0.02,0.02,0.019,0.019,0.018,0.017,0.016,0.017
2.274,1.81,1.586,1.368,1.128,0.919,0.768,0.665,0.595,0.534,0.489,0.452,0.412,0.38,0.351,0.332,0.304,0.28,0.258,0.246,0.221,0.206,0.188,0.169,0.152,0.141,0.123,0.11,0.093,0.083,0.073,0.064,0.058,0.049,0.046,0.037,0.035,0.03,0.028,0.026,0.024,0.024,0.021,0.021,0.017,0.017,0.016,0.017,0.016,0.016

train_acc1
16.484,29.792,44.014,55.956,65.216,72.018,76.016,78.996,81.108,82.83,84.338,85.678,86.696,87.674,88.644,89.298,90.064,90.818,91.408,92.186,92.708,93.26,93.764,94.498,94.958,95.522,95.91,96.386,96.89,97.222,97.484,97.902,98.174,98.362,98.496,98.672,98.868,98.992,99.072,99.1,99.13,99.276,99.33,99.32,99.406,99.358,99.414,99.418,99.464,99.436
17.592,30.53,39.76,49.842,59.774,67.97,73.352,76.988,79.75,81.966,83.484,84.798,86.06,87.018,88.164,88.712,89.736,90.522,91.34,91.526,92.386,92.936,93.56,94.146,94.752,95.056,95.774,96.242,96.762,97.104,97.48,97.834,98.016,98.284,98.396,98.72,98.828,98.946,99.07,99.14,99.18,99.176,99.292,99.234,99.442,99.446,99.484,99.43,99.43,99.436

val_acc1
26.16,36.87,49.84,55.46,68.2,73.21,77.17,78.52,80.5,81.04,84.34,83.06,84.11,85.02,85.58,85.63,83.91,86.48,86.99,87.06,85.89,88.12,87.73,88.8,89.29,88.86,89.17,89.32,89.77,89.73,89.51,90.01,90.47,90.19,90.21,90.53,90.61,90.51,90.63,90.71,90.8,90.74,90.81,90.68,90.79,90.66,90.62,90.65,90.78,90.81
24.68,33.41,40.81,50.54,60.88,69.73,73.57,78.71,78.91,79.37,82.44,83.46,83.48,84.68,85.09,85.82,84.07,86.46,87.7,87.39,86.55,87.65,88.13,87.69,87.75,88.8,88.63,88.46,89.52,89.17,89.49,90.0,89.74,90.13,90.21,90.21,90.24,90.29,90.32,90.37,90.24,90.19,90.38,90.42,90.46,90.51,90.29,90.34,90.47,90.4

val_loss
2.166,1.769,1.416,1.252,0.914,0.794,0.668,0.637,0.582,0.59,0.478,0.501,0.483,0.458,0.453,0.434,0.503,0.41,0.418,0.409,0.476,0.385,0.406,0.372,0.36,0.375,0.373,0.38,0.37,0.374,0.394,0.398,0.392,0.416,0.427,0.407,0.424,0.443,0.441,0.443,0.443,0.446,0.456,0.463,0.484,0.495,0.484,0.478,0.473,0.488
2.097,1.789,1.667,1.413,1.121,0.884,0.752,0.622,0.614,0.607,0.523,0.478,0.503,0.46,0.455,0.428,0.498,0.424,0.382,0.394,0.439,0.403,0.378,0.399,0.428,0.375,0.407,0.418,0.4,0.396,0.396,0.412,0.415,0.41,0.425,0.443,0.436,0.462,0.46,0.469,0.481,0.485,0.492,0.497,0.501,0.521,0.511,0.504,0.509,0.518

learning_rate
0.049672,0.0496,0.049512,0.049406,0.049276,0.049119,0.048928,0.048697,0.048418,0.048081,0.047676,0.047191,0.046612,0.045925,0.045112,0.044159,0.043049,0.041769,0.040307,0.038658,0.036822,0.034809,0.032637,0.030336,0.027942,0.0255,0.023058,0.020664,0.018363,0.016191,0.014178,0.012342,0.010693,0.009231,0.007951,0.006841,0.005888,0.005075,0.004388,0.003809,0.003324,0.002919,0.002582,0.002303,0.002072,0.001881,0.001724,0.001594,0.001488,0.0014
0.049672,0.0496,0.049512,0.049406,0.049276,0.049119,0.048928,0.048697,0.048418,0.048081,0.047676,0.047191,0.046612,0.045925,0.045112,0.044159,0.043049,0.041769,0.040307,0.038658,0.036822,0.034809,0.032637,0.030336,0.027942,0.0255,0.023058,0.020664,0.018363,0.016191,0.014178,0.012342,0.010693,0.009231,0.007951,0.006841,0.005888,0.005075,0.004388,0.003809,0.003324,0.002919,0.002582,0.002303,0.002072,0.001881,0.001724,0.001594,0.001488,0.0014

