parameters
tas_alpha:50
tas_beta:0.7
tas_gamma:0.02
sgd_lr:0.05
sgd_momentum:0.9
sgd_weight_decay:0
sgd_dampening:0
sgd_nesterov:True
architecture:vgg19bn_
dataset:cifar10
combine_datasets:False
do_validation_set:False
epochs:100
batch_size:128
test_set_split:0.1666667
validation_set_split:0.0
reduce_train_set:1
executions:2
base_seed:1230
training_method:sgd
learning_method:tas

train_loss
2.286,1.818,1.468,1.169,0.949,0.786,0.677,0.596,0.543,0.491,0.448,0.414,0.384,0.355,0.329,0.313,0.292,0.273,0.254,0.239,0.221,0.212,0.198,0.188,0.176,0.171,0.158,0.146,0.135,0.128,0.123,0.119,0.11,0.106,0.102,0.094,0.091,0.084,0.084,0.081,0.076,0.074,0.069,0.068,0.062,0.061,0.056,0.058,0.053,0.051,0.052,0.05,0.047,0.047,0.047,0.04,0.04,0.04,0.039,0.039,0.036,0.033,0.031,0.031,0.029,0.025,0.026,0.022,0.019,0.014,0.01,0.007,0.005,0.004,0.003,0.003,0.003,0.003,0.003,0.003,0.003,0.002,0.002,0.002,0.002,0.003,0.002,0.002,0.002,0.002,0.002,0.002,0.002,0.002,0.002,0.002,0.002,0.002,0.002,0.002
2.271,1.874,1.593,1.291,1.06,0.876,0.745,0.656,0.592,0.538,0.488,0.454,0.417,0.386,0.358,0.338,0.312,0.296,0.274,0.258,0.24,0.229,0.214,0.199,0.188,0.183,0.17,0.158,0.148,0.142,0.134,0.126,0.121,0.116,0.11,0.101,0.098,0.092,0.092,0.088,0.08,0.077,0.071,0.071,0.064,0.063,0.06,0.062,0.058,0.054,0.056,0.05,0.05,0.05,0.048,0.043,0.043,0.039,0.038,0.037,0.036,0.034,0.035,0.034,0.031,0.027,0.028,0.021,0.019,0.015,0.009,0.008,0.006,0.005,0.003,0.003,0.003,0.003,0.003,0.002,0.003,0.003,0.003,0.002,0.003,0.002,0.002,0.002,0.003,0.002,0.002,0.002,0.002,0.002,0.002,0.002,0.002,0.003,0.002,0.002

train_acc1
16.762,29.698,45.7,58.176,66.556,72.838,76.83,79.664,81.58,83.334,84.69,86.058,86.946,87.958,88.842,89.316,90.056,90.694,91.432,91.858,92.348,92.744,93.174,93.57,93.9,94.112,94.584,95.052,95.336,95.688,95.822,95.9,96.162,96.314,96.45,96.748,96.86,97.09,97.134,97.22,97.456,97.462,97.65,97.73,97.874,97.932,98.08,97.986,98.216,98.24,98.162,98.32,98.4,98.414,98.388,98.616,98.616,98.634,98.712,98.654,98.82,98.858,98.96,98.918,99.054,99.122,99.064,99.288,99.336,99.53,99.658,99.76,99.854,99.862,99.89,99.902,99.902,99.896,99.912,99.912,99.912,99.928,99.952,99.918,99.912,99.898,99.936,99.94,99.92,99.946,99.922,99.94,99.946,99.94,99.934,99.936,99.952,99.942,99.946,99.922
16.244,26.774,40.118,52.846,62.416,69.15,74.076,77.404,79.676,81.902,83.452,84.61,85.888,86.952,87.824,88.592,89.402,89.958,90.748,91.364,91.774,92.186,92.792,93.104,93.57,93.716,94.156,94.556,94.87,95.086,95.406,95.682,95.808,95.956,96.194,96.524,96.612,96.922,96.962,96.99,97.246,97.424,97.49,97.602,97.81,97.84,97.986,97.926,97.962,98.178,98.038,98.27,98.278,98.274,98.34,98.524,98.506,98.662,98.666,98.708,98.852,98.852,98.752,98.806,98.962,99.116,99.062,99.288,99.358,99.502,99.682,99.732,99.796,99.838,99.88,99.892,99.886,99.892,99.906,99.942,99.914,99.908,99.922,99.932,99.896,99.932,99.942,99.93,99.922,99.936,99.924,99.924,99.93,99.93,99.932,99.928,99.94,99.924,99.942,99.946

val_acc1
26.1,38.19,53.46,58.34,67.98,67.73,75.73,79.35,80.18,80.49,82.49,84.33,83.27,85.32,85.83,84.42,84.95,87.71,86.79,86.91,85.81,87.72,87.53,87.9,87.29,88.01,89.26,88.05,88.44,88.72,88.82,88.6,89.22,89.09,88.58,89.65,89.26,88.97,89.7,89.41,89.81,89.0,89.58,89.62,89.28,89.44,89.64,89.58,89.5,89.23,89.77,90.13,90.62,90.13,90.07,90.39,90.02,90.32,90.0,90.01,90.19,90.01,90.15,90.21,90.41,90.52,90.44,90.68,91.2,91.14,91.42,91.72,91.8,91.84,91.69,91.91,91.8,91.85,91.83,91.94,91.84,91.85,91.81,91.86,91.96,91.96,91.9,91.86,91.95,91.76,91.89,91.91,91.91,91.82,91.84,91.86,91.82,91.82,91.83,91.85
22.45,35.4,47.14,51.61,64.15,70.45,72.85,77.82,78.58,79.31,80.85,83.89,84.05,84.92,84.25,85.71,84.11,86.31,87.36,85.91,86.5,86.27,87.8,86.83,87.07,88.27,87.58,86.85,87.66,87.89,88.7,87.73,88.65,88.98,88.2,89.38,88.96,88.45,88.37,89.4,89.04,89.49,89.65,89.56,89.68,89.31,88.04,88.8,89.53,89.23,89.55,89.88,90.03,89.8,89.03,89.44,89.88,88.93,90.16,90.18,90.09,89.75,89.7,89.39,89.89,90.01,89.6,90.41,90.37,90.62,90.91,91.02,91.05,91.09,91.05,91.16,91.13,91.19,91.25,91.2,91.26,91.19,91.33,91.28,91.31,91.32,91.21,91.21,91.21,91.35,91.31,91.33,91.15,91.3,91.28,91.35,91.31,91.4,91.37,91.34

val_loss
1.852,1.67,1.33,1.177,0.933,0.959,0.711,0.6,0.598,0.581,0.519,0.464,0.519,0.443,0.43,0.471,0.478,0.373,0.415,0.418,0.468,0.386,0.385,0.382,0.417,0.368,0.356,0.409,0.406,0.387,0.394,0.403,0.38,0.394,0.411,0.383,0.398,0.404,0.393,0.385,0.393,0.419,0.429,0.416,0.442,0.429,0.448,0.426,0.432,0.457,0.433,0.415,0.412,0.425,0.397,0.429,0.435,0.409,0.43,0.458,0.456,0.449,0.434,0.461,0.453,0.461,0.484,0.491,0.434,0.46,0.458,0.459,0.484,0.473,0.48,0.479,0.492,0.495,0.488,0.499,0.495,0.495,0.484,0.49,0.492,0.5,0.502,0.491,0.5,0.496,0.495,0.501,0.493,0.506,0.494,0.497,0.505,0.495,0.501,0.495
2.02,1.714,1.444,1.436,1.094,0.847,0.804,0.65,0.654,0.636,0.593,0.475,0.502,0.463,0.477,0.424,0.485,0.404,0.393,0.423,0.427,0.461,0.383,0.418,0.439,0.374,0.411,0.44,0.42,0.409,0.403,0.446,0.407,0.401,0.426,0.411,0.409,0.45,0.44,0.41,0.44,0.411,0.417,0.404,0.448,0.428,0.551,0.464,0.43,0.454,0.413,0.415,0.423,0.448,0.507,0.488,0.435,0.495,0.434,0.447,0.448,0.471,0.464,0.482,0.452,0.462,0.516,0.482,0.478,0.473,0.523,0.492,0.505,0.511,0.504,0.514,0.514,0.514,0.51,0.513,0.522,0.53,0.52,0.515,0.514,0.529,0.519,0.52,0.522,0.517,0.525,0.525,0.527,0.525,0.523,0.516,0.524,0.527,0.524,0.532

learning_rate
0.05,0.05,0.05,0.05,0.05,0.05,0.05,0.05,0.05,0.05,0.05,0.05,0.05,0.05,0.05,0.05,0.05,0.05,0.05,0.05,0.05,0.05,0.05,0.05,0.05,0.05,0.05,0.05,0.05,0.05,0.05,0.05,0.05,0.05,0.05,0.05,0.05,0.05,0.05,0.05,0.05,0.05,0.05,0.05,0.05,0.05,0.05,0.05,0.049999,0.049999,0.049998,0.049996,0.049994,0.04999,0.049984,0.049973,0.049955,0.049926,0.049879,0.049801,0.049672,0.049462,0.049119,0.048564,0.047676,0.046283,0.044159,0.041061,0.036822,0.031501,0.0255,0.019499,0.014178,0.009939,0.006841,0.004717,0.003324,0.002436,0.001881,0.001538,0.001328,0.001199,0.001121,0.001074,0.001045,0.001027,0.001016,0.00101,0.001006,0.001004,0.001002,0.001001,0.001001,0.001,0.001,0.001,0.001,0.001,0.001,0.001
0.05,0.05,0.05,0.05,0.05,0.05,0.05,0.05,0.05,0.05,0.05,0.05,0.05,0.05,0.05,0.05,0.05,0.05,0.05,0.05,0.05,0.05,0.05,0.05,0.05,0.05,0.05,0.05,0.05,0.05,0.05,0.05,0.05,0.05,0.05,0.05,0.05,0.05,0.05,0.05,0.05,0.05,0.05,0.05,0.05,0.05,0.05,0.05,0.049999,0.049999,0.049998,0.049996,0.049994,0.04999,0.049984,0.049973,0.049955,0.049926,0.049879,0.049801,0.049672,0.049462,0.049119,0.048564,0.047676,0.046283,0.044159,0.041061,0.036822,0.031501,0.0255,0.019499,0.014178,0.009939,0.006841,0.004717,0.003324,0.002436,0.001881,0.001538,0.001328,0.001199,0.001121,0.001074,0.001045,0.001027,0.001016,0.00101,0.001006,0.001004,0.001002,0.001001,0.001001,0.001,0.001,0.001,0.001,0.001,0.001,0.001

