parameters
tas_alpha:25
tas_beta:0.3
tas_gamma:0.02
sgd_lr:0.05
sgd_momentum:0.9
sgd_weight_decay:0
sgd_dampening:0
sgd_nesterov:True
architecture:vgg19bn_
dataset:cifar10
combine_datasets:False
do_validation_set:False
epochs:100
batch_size:128
test_set_split:0.1666667
validation_set_split:0.0
reduce_train_set:1
executions:2
base_seed:1230
training_method:sgd
learning_method:tas

train_loss
2.305,1.733,1.355,1.069,0.861,0.714,0.625,0.559,0.509,0.466,0.423,0.393,0.367,0.335,0.314,0.301,0.274,0.259,0.244,0.226,0.204,0.195,0.179,0.167,0.155,0.142,0.127,0.118,0.1,0.088,0.077,0.067,0.059,0.049,0.041,0.033,0.028,0.025,0.023,0.019,0.018,0.016,0.014,0.014,0.013,0.013,0.012,0.012,0.011,0.012,0.011,0.011,0.011,0.011,0.011,0.009,0.01,0.009,0.01,0.009,0.01,0.009,0.008,0.009,0.009,0.008,0.009,0.008,0.008,0.007,0.008,0.007,0.008,0.008,0.008,0.007,0.008,0.008,0.007,0.007,0.008,0.007,0.007,0.007,0.008,0.006,0.007,0.007,0.006,0.006,0.007,0.006,0.007,0.006,0.006,0.007,0.006,0.007,0.006,0.006
2.211,1.767,1.554,1.312,1.078,0.9,0.781,0.699,0.634,0.572,0.523,0.484,0.447,0.409,0.383,0.362,0.331,0.316,0.287,0.272,0.255,0.24,0.226,0.207,0.192,0.176,0.165,0.145,0.129,0.121,0.104,0.093,0.081,0.07,0.059,0.053,0.047,0.039,0.036,0.031,0.028,0.027,0.024,0.024,0.022,0.021,0.02,0.019,0.02,0.018,0.017,0.017,0.017,0.017,0.017,0.016,0.015,0.016,0.016,0.015,0.015,0.014,0.014,0.014,0.014,0.014,0.015,0.013,0.015,0.014,0.015,0.013,0.014,0.013,0.012,0.014,0.013,0.013,0.012,0.012,0.013,0.013,0.013,0.013,0.012,0.011,0.012,0.012,0.011,0.012,0.012,0.011,0.01,0.01,0.01,0.01,0.01,0.011,0.011,0.01

train_acc1
16.892,34.606,50.566,62.352,70.358,75.802,78.63,81.06,82.804,84.256,85.724,86.706,87.63,88.704,89.5,89.774,90.678,91.314,91.808,92.352,92.86,93.344,93.784,94.204,94.69,95.194,95.588,95.892,96.576,96.926,97.344,97.702,97.968,98.33,98.634,98.866,99.03,99.182,99.218,99.374,99.38,99.48,99.564,99.514,99.564,99.55,99.596,99.61,99.622,99.596,99.63,99.652,99.666,99.664,99.672,99.718,99.684,99.688,99.646,99.722,99.692,99.712,99.726,99.712,99.72,99.744,99.712,99.722,99.732,99.756,99.75,99.804,99.756,99.776,99.752,99.786,99.744,99.76,99.766,99.766,99.75,99.736,99.758,99.754,99.75,99.82,99.78,99.782,99.798,99.786,99.764,99.796,99.758,99.792,99.782,99.762,99.806,99.768,99.782,99.822
19.248,32.142,41.138,52.218,61.72,68.458,73.222,75.87,78.468,80.786,82.358,83.58,84.924,86.132,87.08,87.82,88.798,89.322,90.266,90.732,91.362,91.86,92.286,92.98,93.578,93.924,94.4,95.082,95.534,95.964,96.438,96.808,97.248,97.58,97.966,98.226,98.444,98.722,98.782,98.944,99.032,99.11,99.194,99.156,99.27,99.28,99.342,99.426,99.342,99.442,99.412,99.442,99.424,99.426,99.462,99.488,99.458,99.464,99.466,99.514,99.51,99.55,99.536,99.552,99.542,99.51,99.548,99.57,99.504,99.534,99.536,99.596,99.554,99.568,99.618,99.544,99.59,99.584,99.642,99.63,99.552,99.582,99.58,99.55,99.592,99.616,99.622,99.604,99.642,99.614,99.606,99.626,99.646,99.684,99.652,99.672,99.68,99.64,99.62,99.656

val_acc1
28.72,41.86,52.79,61.36,72.01,74.3,77.44,80.31,80.82,83.2,84.6,83.88,83.49,86.36,85.78,85.21,86.05,86.89,87.56,86.84,87.01,87.48,87.88,88.12,89.0,88.95,88.68,88.57,89.16,89.6,89.86,90.02,89.99,90.36,90.23,90.85,91.0,91.02,90.97,91.23,91.3,91.37,91.4,91.56,91.47,91.3,91.37,91.27,91.35,91.3,91.4,91.58,91.46,91.31,91.43,91.41,91.33,91.36,91.37,91.4,91.4,91.35,91.27,91.66,91.44,91.43,91.41,91.45,91.44,91.44,91.26,91.33,91.34,91.38,91.41,91.43,91.42,91.36,91.34,91.21,91.33,91.3,91.44,91.36,91.41,91.55,91.47,91.5,91.37,91.39,91.45,91.38,91.31,91.48,91.39,91.33,91.42,91.33,91.44,91.3
25.27,37.25,42.84,52.5,63.89,69.55,70.15,76.85,78.25,79.92,80.84,83.29,82.11,84.45,84.24,85.58,84.66,85.26,85.78,86.4,86.86,86.84,87.13,87.58,88.62,87.56,88.51,88.3,88.43,88.85,88.96,89.62,89.32,90.32,89.45,90.35,90.55,90.54,90.48,90.86,90.68,90.79,90.84,90.83,90.92,90.75,90.84,90.88,90.8,90.94,90.87,90.78,90.78,90.91,90.87,90.98,90.95,90.85,90.82,90.87,90.74,90.88,90.77,90.75,90.72,90.86,90.79,90.77,90.71,90.75,90.74,90.71,90.76,90.73,90.69,90.83,90.63,90.72,90.72,90.81,90.79,90.8,90.85,90.83,90.88,90.83,90.88,90.73,90.83,90.82,90.81,90.89,90.81,90.81,90.89,90.93,90.89,90.8,90.76,90.78

val_loss
1.85,1.586,1.436,1.263,0.816,0.781,0.677,0.574,0.589,0.53,0.477,0.457,0.552,0.423,0.433,0.462,0.427,0.399,0.388,0.42,0.43,0.41,0.391,0.41,0.37,0.355,0.373,0.382,0.391,0.379,0.371,0.385,0.388,0.386,0.409,0.403,0.406,0.418,0.42,0.424,0.433,0.436,0.45,0.449,0.468,0.465,0.453,0.449,0.458,0.46,0.464,0.448,0.457,0.453,0.459,0.467,0.464,0.472,0.463,0.476,0.474,0.464,0.479,0.48,0.478,0.479,0.498,0.487,0.49,0.485,0.495,0.486,0.503,0.488,0.484,0.5,0.502,0.504,0.503,0.518,0.51,0.514,0.494,0.509,0.499,0.522,0.514,0.512,0.517,0.519,0.512,0.515,0.511,0.534,0.523,0.52,0.521,0.515,0.53,0.521
2.375,1.663,1.571,1.403,1.041,0.884,0.892,0.701,0.638,0.6,0.565,0.492,0.546,0.468,0.492,0.432,0.466,0.427,0.459,0.413,0.416,0.427,0.409,0.397,0.363,0.41,0.393,0.406,0.429,0.387,0.409,0.397,0.389,0.385,0.412,0.388,0.389,0.429,0.422,0.417,0.438,0.435,0.429,0.439,0.455,0.469,0.454,0.449,0.453,0.458,0.464,0.458,0.461,0.456,0.465,0.479,0.475,0.471,0.47,0.483,0.482,0.477,0.474,0.488,0.483,0.482,0.484,0.486,0.494,0.493,0.501,0.486,0.497,0.497,0.488,0.488,0.501,0.502,0.494,0.495,0.502,0.51,0.494,0.499,0.5,0.515,0.508,0.504,0.506,0.506,0.511,0.506,0.521,0.513,0.514,0.511,0.515,0.523,0.524,0.523

learning_rate
0.049973,0.049965,0.049955,0.049943,0.049926,0.049906,0.049879,0.049845,0.049801,0.049744,0.049672,0.04958,0.049462,0.049311,0.049119,0.048874,0.048564,0.048171,0.047676,0.047056,0.046283,0.045328,0.044159,0.042746,0.041061,0.039088,0.036822,0.03428,0.031501,0.028547,0.0255,0.022453,0.019499,0.01672,0.014178,0.011912,0.009939,0.008254,0.006841,0.005672,0.004717,0.003944,0.003324,0.002829,0.002436,0.002126,0.001881,0.001689,0.001538,0.00142,0.001328,0.001256,0.001199,0.001155,0.001121,0.001094,0.001074,0.001057,0.001045,0.001035,0.001027,0.001021,0.001016,0.001013,0.00101,0.001008,0.001006,0.001005,0.001004,0.001003,0.001002,0.001002,0.001001,0.001001,0.001001,0.001001,0.001,0.001,0.001,0.001,0.001,0.001,0.001,0.001,0.001,0.001,0.001,0.001,0.001,0.001,0.001,0.001,0.001,0.001,0.001,0.001,0.001,0.001,0.001,0.001
0.049973,0.049965,0.049955,0.049943,0.049926,0.049906,0.049879,0.049845,0.049801,0.049744,0.049672,0.04958,0.049462,0.049311,0.049119,0.048874,0.048564,0.048171,0.047676,0.047056,0.046283,0.045328,0.044159,0.042746,0.041061,0.039088,0.036822,0.03428,0.031501,0.028547,0.0255,0.022453,0.019499,0.01672,0.014178,0.011912,0.009939,0.008254,0.006841,0.005672,0.004717,0.003944,0.003324,0.002829,0.002436,0.002126,0.001881,0.001689,0.001538,0.00142,0.001328,0.001256,0.001199,0.001155,0.001121,0.001094,0.001074,0.001057,0.001045,0.001035,0.001027,0.001021,0.001016,0.001013,0.00101,0.001008,0.001006,0.001005,0.001004,0.001003,0.001002,0.001002,0.001001,0.001001,0.001001,0.001001,0.001,0.001,0.001,0.001,0.001,0.001,0.001,0.001,0.001,0.001,0.001,0.001,0.001,0.001,0.001,0.001,0.001,0.001,0.001,0.001,0.001,0.001,0.001,0.001

