parameters
tas_alpha:10
tas_beta:0.5
tas_gamma:0.02
sgd_lr:0.05
sgd_momentum:0.9
sgd_weight_decay:0
sgd_dampening:0
sgd_nesterov:True
architecture:vgg19bn_
dataset:cifar10
combine_datasets:False
do_validation_set:False
epochs:100
batch_size:128
test_set_split:0.1666667
validation_set_split:0.0
reduce_train_set:1
executions:2
base_seed:1230
training_method:sgd
learning_method:tas

train_loss
2.266,1.745,1.366,1.051,0.868,0.733,0.651,0.578,0.526,0.48,0.438,0.408,0.376,0.348,0.32,0.303,0.281,0.267,0.243,0.232,0.214,0.202,0.192,0.176,0.168,0.158,0.148,0.139,0.125,0.122,0.116,0.108,0.102,0.094,0.089,0.08,0.074,0.073,0.067,0.061,0.058,0.052,0.051,0.045,0.041,0.04,0.038,0.032,0.03,0.027,0.025,0.022,0.021,0.019,0.015,0.013,0.012,0.012,0.011,0.008,0.009,0.008,0.007,0.005,0.006,0.005,0.005,0.004,0.005,0.004,0.004,0.003,0.003,0.003,0.003,0.003,0.002,0.003,0.002,0.002,0.002,0.002,0.002,0.002,0.002,0.001,0.001,0.002,0.001,0.002,0.001,0.002,0.001,0.001,0.002,0.001,0.001,0.001,0.001,0.001
2.439,1.973,1.625,1.354,1.091,0.898,0.77,0.673,0.605,0.546,0.5,0.46,0.429,0.392,0.368,0.348,0.321,0.302,0.279,0.264,0.245,0.234,0.213,0.205,0.188,0.184,0.17,0.161,0.147,0.14,0.133,0.124,0.115,0.109,0.1,0.095,0.085,0.08,0.078,0.074,0.067,0.061,0.057,0.052,0.047,0.046,0.039,0.039,0.034,0.03,0.028,0.026,0.022,0.022,0.021,0.017,0.015,0.014,0.011,0.011,0.008,0.009,0.007,0.006,0.007,0.005,0.006,0.005,0.004,0.005,0.004,0.004,0.003,0.003,0.003,0.003,0.003,0.003,0.002,0.002,0.002,0.002,0.002,0.002,0.002,0.002,0.002,0.002,0.002,0.002,0.002,0.002,0.002,0.002,0.002,0.002,0.002,0.002,0.002,0.001

train_acc1
16.978,33.358,50.114,62.962,69.692,74.91,77.71,80.468,82.3,83.822,85.19,86.364,87.248,88.298,89.05,89.66,90.446,91.08,91.814,92.072,92.676,93.084,93.534,93.97,94.26,94.52,94.988,95.284,95.842,95.812,95.964,96.258,96.476,96.79,96.87,97.262,97.488,97.538,97.662,97.91,98.1,98.186,98.238,98.406,98.6,98.632,98.68,98.904,98.99,99.1,99.138,99.248,99.292,99.338,99.49,99.546,99.602,99.616,99.626,99.73,99.72,99.74,99.788,99.816,99.792,99.806,99.848,99.842,99.818,99.854,99.886,99.914,99.904,99.884,99.91,99.9,99.92,99.908,99.94,99.932,99.936,99.934,99.95,99.948,99.932,99.958,99.962,99.95,99.956,99.952,99.96,99.938,99.944,99.944,99.962,99.946,99.96,99.958,99.964,99.96
11.15,23.248,37.71,50.212,61.258,68.434,73.276,76.738,79.416,81.464,82.924,84.47,85.572,86.802,87.63,88.318,89.102,89.83,90.576,91.08,91.788,92.046,92.868,93.068,93.696,93.814,94.106,94.476,94.962,95.142,95.278,95.65,96.032,96.236,96.558,96.78,97.062,97.204,97.334,97.422,97.728,97.898,98.036,98.158,98.3,98.452,98.636,98.674,98.806,98.912,99.054,99.166,99.266,99.256,99.266,99.404,99.476,99.508,99.608,99.644,99.726,99.722,99.752,99.776,99.772,99.844,99.784,99.824,99.858,99.83,99.856,99.876,99.9,99.888,99.896,99.892,99.914,99.92,99.94,99.934,99.924,99.926,99.932,99.932,99.942,99.938,99.934,99.946,99.944,99.948,99.946,99.942,99.952,99.934,99.954,99.94,99.944,99.926,99.952,99.948

val_acc1
25.64,39.89,51.77,61.97,69.6,69.45,76.14,76.28,79.87,78.65,83.05,84.79,80.18,85.59,85.46,86.57,86.15,87.09,87.68,86.34,87.3,86.78,87.95,88.36,87.88,88.81,88.79,88.01,88.43,88.39,88.7,89.07,88.31,89.39,89.09,90.21,88.95,89.25,89.87,89.9,89.83,90.47,90.17,89.86,90.28,90.04,90.64,89.86,90.48,90.78,90.19,91.12,90.52,90.5,90.93,90.91,90.77,90.86,91.34,91.19,90.99,91.07,91.36,91.41,91.45,91.28,91.41,91.38,91.38,91.35,91.45,91.31,91.39,91.48,91.43,91.59,91.61,91.67,91.5,91.57,91.49,91.51,91.55,91.53,91.52,91.53,91.56,91.5,91.61,91.62,91.48,91.53,91.51,91.66,91.63,91.51,91.67,91.59,91.57,91.59
12.57,32.29,41.85,55.62,63.75,69.9,71.76,76.55,79.12,79.85,82.61,83.35,82.14,84.06,85.48,85.89,85.47,86.55,86.87,86.03,86.47,86.64,87.61,87.54,88.47,87.88,88.12,88.11,87.94,88.57,88.77,87.88,88.33,87.94,88.58,89.53,88.64,88.58,88.93,89.3,89.27,89.56,89.85,89.86,89.68,90.03,89.95,90.12,89.4,90.19,90.13,90.11,90.06,90.17,90.14,90.65,90.23,90.73,90.54,90.68,90.72,90.95,91.0,91.19,90.99,91.2,91.16,90.95,90.96,91.02,91.15,90.92,91.08,91.09,91.03,91.3,91.07,91.01,91.1,91.22,91.26,91.17,91.18,91.15,91.15,91.08,91.17,91.19,91.15,91.17,91.3,91.26,91.15,91.18,91.23,91.17,91.1,91.11,91.17,91.11

val_loss
2.2,1.637,1.338,1.104,0.945,0.908,0.728,0.718,0.606,0.696,0.507,0.454,0.627,0.447,0.462,0.399,0.424,0.387,0.388,0.428,0.417,0.437,0.383,0.387,0.403,0.39,0.379,0.398,0.416,0.397,0.397,0.4,0.423,0.402,0.403,0.382,0.441,0.432,0.398,0.404,0.417,0.384,0.416,0.429,0.457,0.445,0.446,0.46,0.456,0.434,0.488,0.451,0.456,0.488,0.492,0.499,0.513,0.492,0.471,0.519,0.509,0.516,0.506,0.544,0.523,0.538,0.54,0.537,0.53,0.518,0.531,0.533,0.554,0.555,0.552,0.557,0.556,0.564,0.561,0.548,0.563,0.569,0.564,0.567,0.569,0.592,0.566,0.576,0.577,0.575,0.579,0.578,0.59,0.585,0.582,0.581,0.589,0.583,0.587,0.6
2.315,1.726,1.619,1.267,1.045,0.874,0.838,0.691,0.638,0.614,0.527,0.493,0.535,0.5,0.433,0.42,0.461,0.407,0.414,0.433,0.433,0.434,0.388,0.409,0.388,0.395,0.416,0.4,0.431,0.396,0.392,0.431,0.402,0.453,0.416,0.395,0.437,0.451,0.423,0.431,0.432,0.43,0.425,0.444,0.462,0.446,0.474,0.446,0.492,0.463,0.467,0.491,0.495,0.515,0.497,0.498,0.525,0.5,0.522,0.532,0.531,0.53,0.535,0.56,0.548,0.56,0.574,0.569,0.578,0.566,0.577,0.567,0.585,0.586,0.581,0.581,0.593,0.6,0.59,0.586,0.605,0.605,0.596,0.595,0.602,0.63,0.601,0.607,0.616,0.607,0.607,0.621,0.617,0.617,0.615,0.607,0.619,0.624,0.612,0.625

learning_rate
0.049672,0.049638,0.0496,0.049558,0.049512,0.049462,0.049406,0.049344,0.049276,0.049201,0.049119,0.049028,0.048928,0.048818,0.048697,0.048564,0.048418,0.048257,0.048081,0.047888,0.047676,0.047444,0.047191,0.046914,0.046612,0.046283,0.045925,0.045535,0.045112,0.044654,0.044159,0.043625,0.043049,0.042431,0.041769,0.041061,0.040307,0.039506,0.038658,0.037763,0.036822,0.035837,0.034809,0.033741,0.032637,0.031501,0.030336,0.029148,0.027942,0.026724,0.0255,0.024276,0.023058,0.021852,0.020664,0.019499,0.018363,0.017259,0.016191,0.015163,0.014178,0.013237,0.012342,0.011494,0.010693,0.009939,0.009231,0.008569,0.007951,0.007375,0.006841,0.006346,0.005888,0.005465,0.005075,0.004717,0.004388,0.004086,0.003809,0.003556,0.003324,0.003112,0.002919,0.002743,0.002582,0.002436,0.002303,0.002182,0.002072,0.001972,0.001881,0.001799,0.001724,0.001656,0.001594,0.001538,0.001488,0.001442,0.0014,0.001362
0.049672,0.049638,0.0496,0.049558,0.049512,0.049462,0.049406,0.049344,0.049276,0.049201,0.049119,0.049028,0.048928,0.048818,0.048697,0.048564,0.048418,0.048257,0.048081,0.047888,0.047676,0.047444,0.047191,0.046914,0.046612,0.046283,0.045925,0.045535,0.045112,0.044654,0.044159,0.043625,0.043049,0.042431,0.041769,0.041061,0.040307,0.039506,0.038658,0.037763,0.036822,0.035837,0.034809,0.033741,0.032637,0.031501,0.030336,0.029148,0.027942,0.026724,0.0255,0.024276,0.023058,0.021852,0.020664,0.019499,0.018363,0.017259,0.016191,0.015163,0.014178,0.013237,0.012342,0.011494,0.010693,0.009939,0.009231,0.008569,0.007951,0.007375,0.006841,0.006346,0.005888,0.005465,0.005075,0.004717,0.004388,0.004086,0.003809,0.003556,0.003324,0.003112,0.002919,0.002743,0.002582,0.002436,0.002303,0.002182,0.002072,0.001972,0.001881,0.001799,0.001724,0.001656,0.001594,0.001538,0.001488,0.001442,0.0014,0.001362

