parameters
tas_alpha:25
tas_beta:0.5
tas_gamma:0.02
sgd_lr:0.05
sgd_momentum:0.9
sgd_weight_decay:0
sgd_dampening:0
sgd_nesterov:True
architecture:vgg19bn_
dataset:cifar10
combine_datasets:False
do_validation_set:False
epochs:100
batch_size:128
test_set_split:0.1666667
validation_set_split:0.0
reduce_train_set:1
executions:2
base_seed:1230
training_method:sgd
learning_method:tas

train_loss
2.225,1.737,1.433,1.149,0.949,0.791,0.685,0.6,0.551,0.497,0.458,0.425,0.391,0.357,0.338,0.318,0.293,0.28,0.258,0.245,0.228,0.219,0.199,0.192,0.179,0.17,0.163,0.15,0.138,0.132,0.125,0.121,0.118,0.107,0.1,0.097,0.091,0.083,0.077,0.077,0.067,0.066,0.058,0.058,0.05,0.045,0.039,0.038,0.031,0.027,0.022,0.018,0.014,0.013,0.013,0.009,0.007,0.007,0.005,0.004,0.004,0.004,0.004,0.003,0.003,0.003,0.004,0.003,0.003,0.003,0.003,0.003,0.002,0.002,0.002,0.002,0.003,0.003,0.002,0.002,0.003,0.002,0.003,0.003,0.003,0.002,0.002,0.002,0.003,0.002,0.003,0.002,0.003,0.002,0.002,0.002,0.002,0.002,0.002,0.002
2.397,1.868,1.546,1.253,1.001,0.821,0.713,0.627,0.568,0.517,0.468,0.433,0.403,0.367,0.341,0.323,0.296,0.278,0.259,0.248,0.228,0.215,0.201,0.188,0.178,0.168,0.159,0.146,0.136,0.132,0.126,0.118,0.113,0.105,0.103,0.095,0.09,0.084,0.08,0.073,0.07,0.067,0.059,0.06,0.05,0.043,0.036,0.038,0.032,0.027,0.023,0.017,0.015,0.012,0.01,0.008,0.007,0.005,0.005,0.005,0.004,0.004,0.004,0.004,0.004,0.004,0.003,0.003,0.003,0.003,0.003,0.003,0.003,0.003,0.003,0.002,0.003,0.003,0.002,0.003,0.002,0.003,0.003,0.003,0.003,0.002,0.002,0.002,0.003,0.003,0.002,0.002,0.002,0.002,0.003,0.002,0.002,0.002,0.002,0.003

train_acc1
18.494,33.538,46.936,59.024,66.756,72.816,76.538,79.522,81.216,83.356,84.578,85.636,86.734,87.848,88.606,89.178,89.984,90.442,91.224,91.686,92.182,92.54,93.134,93.482,93.926,94.084,94.308,94.914,95.278,95.448,95.746,95.854,95.946,96.266,96.468,96.694,96.86,97.126,97.386,97.386,97.694,97.722,97.996,97.944,98.234,98.474,98.62,98.732,98.952,99.126,99.258,99.396,99.48,99.564,99.596,99.71,99.766,99.808,99.832,99.876,99.886,99.896,99.856,99.9,99.888,99.902,99.89,99.924,99.91,99.88,99.898,99.92,99.934,99.93,99.932,99.93,99.91,99.906,99.924,99.94,99.906,99.92,99.908,99.9,99.928,99.944,99.942,99.946,99.918,99.938,99.918,99.928,99.926,99.948,99.95,99.928,99.91,99.936,99.942,99.944
12.376,27.218,41.236,54.706,64.826,71.362,75.566,78.542,80.842,82.6,84.364,85.506,86.446,87.548,88.586,89.172,89.964,90.592,91.178,91.584,92.242,92.682,93.22,93.528,93.902,94.246,94.498,94.966,95.274,95.508,95.602,95.99,96.156,96.4,96.482,96.792,96.974,97.106,97.298,97.472,97.588,97.71,97.93,97.918,98.202,98.526,98.72,98.684,98.904,99.092,99.22,99.448,99.522,99.57,99.664,99.726,99.748,99.844,99.832,99.81,99.852,99.886,99.876,99.866,99.884,99.888,99.894,99.898,99.924,99.902,99.922,99.914,99.908,99.924,99.902,99.922,99.916,99.91,99.932,99.902,99.928,99.914,99.918,99.904,99.912,99.942,99.922,99.928,99.908,99.916,99.93,99.94,99.92,99.92,99.918,99.928,99.942,99.938,99.92,99.916

val_acc1
26.59,42.0,48.87,59.07,69.21,71.31,73.43,78.87,81.27,81.58,84.1,84.21,82.05,85.25,85.41,86.9,83.67,86.42,86.86,88.18,86.01,87.1,87.42,88.13,88.13,87.87,88.42,87.47,88.67,88.75,89.14,88.86,88.62,89.56,88.25,88.99,88.78,89.38,89.07,89.78,89.33,89.67,89.71,89.88,89.34,89.76,90.25,90.17,90.82,91.08,90.93,91.16,90.75,90.8,91.26,91.39,91.46,91.4,91.55,91.59,91.63,91.57,91.55,91.65,91.51,91.54,91.59,91.65,91.74,91.51,91.63,91.69,91.74,91.57,91.61,91.62,91.65,91.71,91.6,91.61,91.64,91.52,91.74,91.71,91.7,91.71,91.7,91.79,91.86,91.71,91.67,91.69,91.63,91.64,91.7,91.65,91.71,91.73,91.75,91.76
20.89,36.06,43.32,54.87,67.52,73.19,76.47,77.82,78.31,81.18,82.29,82.58,85.33,85.91,85.18,85.23,85.15,85.48,86.86,86.85,85.46,87.73,87.78,87.65,87.87,87.79,88.26,88.43,87.94,87.91,89.42,88.69,88.24,89.09,88.4,89.04,89.54,89.41,89.13,89.19,89.45,89.7,89.68,89.49,89.75,90.4,90.18,90.75,90.28,90.54,90.88,90.93,91.15,91.09,91.15,91.33,91.32,91.32,91.43,91.47,91.31,91.42,91.24,91.48,91.48,91.46,91.63,91.57,91.55,91.61,91.35,91.6,91.69,91.64,91.63,91.54,91.53,91.48,91.56,91.69,91.55,91.52,91.62,91.7,91.62,91.57,91.63,91.65,91.61,91.56,91.51,91.63,91.58,91.61,91.67,91.69,91.59,91.58,91.65,91.56

val_loss
1.908,1.54,1.465,1.272,0.88,0.835,0.848,0.625,0.566,0.55,0.476,0.464,0.563,0.462,0.451,0.39,0.515,0.4,0.421,0.368,0.46,0.419,0.401,0.397,0.385,0.406,0.381,0.415,0.4,0.386,0.372,0.411,0.408,0.37,0.407,0.402,0.399,0.408,0.421,0.385,0.431,0.4,0.427,0.42,0.431,0.454,0.428,0.445,0.442,0.411,0.445,0.435,0.477,0.48,0.458,0.47,0.481,0.469,0.474,0.495,0.491,0.502,0.494,0.499,0.498,0.502,0.51,0.504,0.513,0.51,0.512,0.503,0.511,0.505,0.508,0.508,0.511,0.508,0.51,0.528,0.522,0.521,0.511,0.52,0.519,0.535,0.519,0.522,0.52,0.524,0.524,0.521,0.532,0.533,0.529,0.525,0.529,0.531,0.53,0.525
2.321,1.654,1.625,1.275,0.914,0.771,0.7,0.642,0.678,0.569,0.533,0.517,0.447,0.439,0.448,0.441,0.465,0.436,0.406,0.423,0.484,0.389,0.392,0.4,0.403,0.391,0.397,0.384,0.414,0.417,0.351,0.417,0.421,0.406,0.441,0.4,0.375,0.405,0.41,0.44,0.431,0.409,0.456,0.401,0.453,0.434,0.448,0.431,0.458,0.445,0.462,0.472,0.469,0.471,0.472,0.492,0.497,0.492,0.491,0.509,0.51,0.508,0.516,0.52,0.503,0.503,0.519,0.511,0.508,0.508,0.52,0.513,0.522,0.515,0.52,0.52,0.52,0.526,0.522,0.52,0.526,0.539,0.531,0.526,0.524,0.546,0.525,0.535,0.539,0.524,0.537,0.529,0.536,0.53,0.531,0.525,0.532,0.533,0.545,0.543

learning_rate
0.05,0.05,0.05,0.05,0.05,0.049999,0.049999,0.049999,0.049999,0.049998,0.049998,0.049997,0.049996,0.049995,0.049994,0.049992,0.04999,0.049987,0.049984,0.049979,0.049973,0.049965,0.049955,0.049943,0.049926,0.049906,0.049879,0.049845,0.049801,0.049744,0.049672,0.04958,0.049462,0.049311,0.049119,0.048874,0.048564,0.048171,0.047676,0.047056,0.046283,0.045328,0.044159,0.042746,0.041061,0.039088,0.036822,0.03428,0.031501,0.028547,0.0255,0.022453,0.019499,0.01672,0.014178,0.011912,0.009939,0.008254,0.006841,0.005672,0.004717,0.003944,0.003324,0.002829,0.002436,0.002126,0.001881,0.001689,0.001538,0.00142,0.001328,0.001256,0.001199,0.001155,0.001121,0.001094,0.001074,0.001057,0.001045,0.001035,0.001027,0.001021,0.001016,0.001013,0.00101,0.001008,0.001006,0.001005,0.001004,0.001003,0.001002,0.001002,0.001001,0.001001,0.001001,0.001001,0.001,0.001,0.001,0.001
0.05,0.05,0.05,0.05,0.05,0.049999,0.049999,0.049999,0.049999,0.049998,0.049998,0.049997,0.049996,0.049995,0.049994,0.049992,0.04999,0.049987,0.049984,0.049979,0.049973,0.049965,0.049955,0.049943,0.049926,0.049906,0.049879,0.049845,0.049801,0.049744,0.049672,0.04958,0.049462,0.049311,0.049119,0.048874,0.048564,0.048171,0.047676,0.047056,0.046283,0.045328,0.044159,0.042746,0.041061,0.039088,0.036822,0.03428,0.031501,0.028547,0.0255,0.022453,0.019499,0.01672,0.014178,0.011912,0.009939,0.008254,0.006841,0.005672,0.004717,0.003944,0.003324,0.002829,0.002436,0.002126,0.001881,0.001689,0.001538,0.00142,0.001328,0.001256,0.001199,0.001155,0.001121,0.001094,0.001074,0.001057,0.001045,0.001035,0.001027,0.001021,0.001016,0.001013,0.00101,0.001008,0.001006,0.001005,0.001004,0.001003,0.001002,0.001002,0.001001,0.001001,0.001001,0.001001,0.001,0.001,0.001,0.001

