parameters
tas_alpha:10
tas_beta:0.7
tas_gamma:0.02
sgd_lr:0.05
sgd_momentum:0.9
sgd_weight_decay:0
sgd_dampening:0
sgd_nesterov:True
architecture:vgg19bn_
dataset:cifar10
combine_datasets:False
do_validation_set:False
epochs:15
batch_size:128
test_set_split:0.1666667
validation_set_split:0.0
reduce_train_set:1
executions:2
base_seed:1230
training_method:sgd
learning_method:tas

train_loss
2.261,1.784,1.42,1.13,0.914,0.753,0.659,0.574,0.522,0.458,0.4,0.354,0.306,0.268,0.238
2.379,1.874,1.605,1.34,1.111,0.915,0.775,0.677,0.6,0.528,0.46,0.407,0.354,0.308,0.28

train_acc1
17.01,31.776,47.682,59.914,67.894,74.192,77.548,80.26,82.372,84.562,86.336,87.876,89.584,90.828,91.918
14.14,28.462,39.836,50.76,60.256,67.992,73.382,76.62,79.644,82.118,84.666,86.206,87.954,89.652,90.526

val_acc1
25.84,37.83,45.55,54.78,72.72,72.85,78.41,76.6,82.53,82.56,83.87,86.11,87.02,87.9,88.23
22.43,37.1,41.78,49.21,64.21,66.65,74.52,77.04,78.58,82.48,82.63,85.35,85.68,86.92,86.7

val_loss
1.898,1.684,1.593,1.369,0.789,0.798,0.64,0.714,0.519,0.533,0.492,0.408,0.392,0.372,0.359
1.972,1.668,1.645,1.388,1.128,1.002,0.755,0.671,0.648,0.541,0.509,0.437,0.423,0.409,0.393

learning_rate
0.049955,0.049913,0.049831,0.049672,0.049365,0.048779,0.047676,0.045668,0.042215,0.036822,0.029546,0.021454,0.014178,0.008785,0.005332
0.049955,0.049913,0.049831,0.049672,0.049365,0.048779,0.047676,0.045668,0.042215,0.036822,0.029546,0.021454,0.014178,0.008785,0.005332

