parameters
tas_alpha:10
tas_beta:0.5
tas_gamma:0.02
sgd_lr:0.05
sgd_momentum:0.9
sgd_weight_decay:0
sgd_dampening:0
sgd_nesterov:True
architecture:vgg19bn_
dataset:cifar10
combine_datasets:False
do_validation_set:False
epochs:15
batch_size:128
test_set_split:0.1666667
validation_set_split:0.0
reduce_train_set:1
executions:2
base_seed:1230
training_method:sgd
learning_method:tas

train_loss
2.266,1.747,1.37,1.049,0.86,0.725,0.63,0.548,0.477,0.418,0.368,0.33,0.306,0.288,0.275
2.439,1.972,1.624,1.357,1.086,0.88,0.744,0.643,0.562,0.491,0.434,0.395,0.367,0.348,0.333

train_acc1
16.978,33.27,50.038,62.986,70.102,75.032,78.508,81.282,83.718,85.82,87.502,88.782,89.558,90.148,90.604
11.15,23.198,37.74,50.28,61.366,69.022,74.272,77.91,80.738,83.2,85.156,86.488,87.552,88.07,88.586

val_acc1
25.64,41.2,54.14,62.69,73.23,72.79,76.74,78.66,82.32,84.2,85.81,86.4,86.52,86.74,86.87
12.57,31.67,42.38,54.76,63.23,70.69,74.85,77.43,80.16,82.34,83.7,84.57,85.03,85.07,85.34

val_loss
2.2,1.584,1.266,1.072,0.801,0.821,0.702,0.635,0.542,0.481,0.434,0.413,0.419,0.42,0.405
2.315,1.741,1.622,1.304,1.064,0.861,0.755,0.661,0.596,0.528,0.493,0.458,0.456,0.454,0.449

learning_rate
0.049672,0.049365,0.048779,0.047676,0.045668,0.042215,0.036822,0.029546,0.021454,0.014178,0.008785,0.005332,0.003324,0.002221,0.001635
0.049672,0.049365,0.048779,0.047676,0.045668,0.042215,0.036822,0.029546,0.021454,0.014178,0.008785,0.005332,0.003324,0.002221,0.001635

