parameters
sgd_lr:0.05
sgd_momentum:0.7
sgd_weight_decay:0
sgd_dampening:0
sgd_nesterov:True
architecture:vgg19bn_
dataset:cifar10
combine_datasets:False
do_validation_set:False
epochs:100
batch_size:128
test_set_split:0.1666667
validation_set_split:0.0
reduce_train_set:1
executions:2
base_seed:1230
training_method:sgd
learning_method:constant

train_loss
1.973,1.269,0.922,0.738,0.634,0.552,0.498,0.453,0.421,0.38,0.355,0.331,0.308,0.287,0.27,0.256,0.238,0.223,0.21,0.197,0.183,0.174,0.163,0.159,0.15,0.14,0.128,0.126,0.118,0.109,0.104,0.102,0.097,0.091,0.085,0.08,0.076,0.077,0.073,0.067,0.066,0.065,0.061,0.058,0.06,0.053,0.049,0.054,0.048,0.047,0.048,0.044,0.04,0.042,0.038,0.04,0.037,0.035,0.033,0.034,0.034,0.03,0.03,0.03,0.03,0.028,0.028,0.028,0.024,0.027,0.025,0.026,0.023,0.023,0.023,0.022,0.026,0.02,0.021,0.022,0.02,0.018,0.018,0.019,0.02,0.018,0.016,0.018,0.017,0.017,0.018,0.015,0.018,0.016,0.014,0.016,0.015,0.015,0.014,0.013
1.895,1.288,0.95,0.767,0.656,0.572,0.51,0.466,0.43,0.395,0.362,0.341,0.313,0.292,0.276,0.263,0.243,0.231,0.214,0.202,0.187,0.179,0.17,0.161,0.153,0.142,0.134,0.128,0.118,0.112,0.109,0.105,0.098,0.092,0.09,0.089,0.079,0.076,0.074,0.071,0.067,0.065,0.063,0.061,0.055,0.054,0.052,0.052,0.047,0.047,0.048,0.043,0.04,0.044,0.041,0.037,0.036,0.037,0.036,0.033,0.034,0.031,0.029,0.029,0.031,0.028,0.031,0.026,0.027,0.027,0.025,0.023,0.024,0.023,0.022,0.024,0.02,0.024,0.02,0.02,0.019,0.021,0.018,0.016,0.019,0.018,0.016,0.016,0.017,0.017,0.018,0.016,0.014,0.015,0.016,0.016,0.013,0.016,0.016,0.012

train_acc1
27.958,54.536,67.438,74.632,78.05,81.172,83.118,84.328,85.414,86.996,87.886,88.656,89.338,90.184,90.758,91.184,91.798,92.348,92.588,93.252,93.574,94.026,94.314,94.546,94.752,95.014,95.524,95.604,95.986,96.224,96.488,96.384,96.606,96.76,97.046,97.228,97.338,97.278,97.49,97.69,97.632,97.66,97.85,97.98,97.82,98.21,98.258,98.156,98.332,98.374,98.336,98.462,98.576,98.578,98.682,98.634,98.648,98.852,98.858,98.816,98.772,99.038,98.996,98.94,98.9,99.008,99.036,99.016,99.184,99.104,99.178,99.082,99.228,99.196,99.234,99.234,99.076,99.316,99.256,99.248,99.26,99.352,99.37,99.378,99.326,99.312,99.458,99.366,99.402,99.396,99.38,99.494,99.426,99.476,99.534,99.484,99.516,99.48,99.522,99.54
30.798,53.626,66.474,73.44,77.316,80.336,82.52,83.878,85.154,86.496,87.616,88.284,89.188,89.948,90.528,90.722,91.61,91.946,92.472,93.046,93.45,93.724,93.938,94.298,94.732,95.008,95.26,95.58,95.904,96.034,96.174,96.388,96.498,96.752,96.824,96.868,97.174,97.378,97.434,97.512,97.608,97.712,97.744,97.796,98.076,98.172,98.188,98.12,98.296,98.302,98.308,98.518,98.66,98.428,98.562,98.658,98.73,98.764,98.692,98.824,98.792,98.936,99.004,98.964,98.918,98.996,98.952,99.126,99.006,99.066,99.108,99.234,99.144,99.16,99.26,99.166,99.302,99.148,99.31,99.322,99.316,99.258,99.358,99.442,99.358,99.37,99.428,99.45,99.426,99.45,99.352,99.436,99.522,99.454,99.414,99.43,99.544,99.46,99.462,99.572

val_acc1
40.21,58.94,66.37,75.92,77.52,78.14,78.34,83.14,81.67,82.65,83.78,85.2,81.09,85.63,86.88,85.21,86.46,86.32,87.48,87.39,87.01,86.36,87.38,84.41,88.07,88.09,88.66,88.04,87.87,88.01,89.14,88.78,86.76,89.26,88.68,89.36,89.68,89.71,89.08,89.15,88.51,89.49,88.77,89.35,89.63,88.91,90.14,89.73,89.54,89.93,90.05,89.13,89.07,90.38,89.44,89.45,90.32,89.28,90.38,89.73,90.06,90.23,90.38,90.51,90.22,90.89,89.71,90.11,90.32,89.69,90.55,90.47,90.19,90.67,89.96,90.15,90.3,90.37,91.03,90.17,90.6,90.64,90.05,90.31,90.64,90.76,89.93,90.55,90.37,90.68,90.84,90.93,90.97,90.58,90.41,90.86,90.67,90.98,91.03,90.68
39.23,57.4,60.41,71.76,78.09,74.92,79.02,82.33,83.19,82.91,81.76,84.38,79.5,84.79,84.82,85.63,86.78,86.38,86.92,87.81,86.47,87.36,88.08,85.71,88.65,88.07,85.71,87.47,88.22,88.28,88.97,88.02,87.02,89.08,89.06,88.03,89.62,88.43,88.56,89.3,88.87,89.44,89.19,88.8,88.84,89.43,89.18,88.57,89.95,88.89,89.72,89.33,90.05,89.87,88.42,88.9,90.0,89.83,90.05,89.55,89.86,89.81,90.18,90.19,89.97,90.09,89.87,89.64,89.77,90.04,90.18,90.21,90.35,90.64,89.74,90.86,89.62,90.39,90.17,90.11,90.57,90.65,90.29,90.34,90.06,89.5,90.24,90.26,90.81,90.69,90.16,90.58,90.7,89.61,90.92,90.38,90.14,90.61,90.32,90.05

val_loss
1.747,1.187,0.95,0.705,0.666,0.669,0.655,0.498,0.549,0.549,0.486,0.445,0.612,0.441,0.399,0.455,0.437,0.435,0.401,0.397,0.426,0.49,0.423,0.554,0.401,0.403,0.393,0.432,0.443,0.413,0.386,0.408,0.489,0.405,0.434,0.419,0.4,0.416,0.442,0.455,0.475,0.426,0.465,0.472,0.431,0.465,0.451,0.445,0.454,0.438,0.444,0.465,0.471,0.423,0.498,0.465,0.442,0.498,0.457,0.506,0.462,0.463,0.44,0.457,0.47,0.444,0.502,0.477,0.475,0.495,0.48,0.473,0.484,0.48,0.499,0.49,0.465,0.493,0.445,0.492,0.49,0.476,0.536,0.485,0.469,0.475,0.533,0.462,0.485,0.477,0.457,0.469,0.449,0.499,0.501,0.481,0.471,0.456,0.466,0.485
1.901,1.195,1.186,0.81,0.644,0.755,0.637,0.512,0.501,0.527,0.56,0.466,0.672,0.478,0.471,0.435,0.421,0.421,0.408,0.379,0.444,0.409,0.386,0.488,0.406,0.383,0.516,0.443,0.436,0.423,0.395,0.425,0.492,0.412,0.427,0.452,0.381,0.456,0.46,0.428,0.459,0.429,0.447,0.471,0.494,0.445,0.443,0.485,0.438,0.474,0.439,0.456,0.456,0.437,0.523,0.503,0.457,0.456,0.439,0.479,0.466,0.492,0.468,0.468,0.465,0.471,0.499,0.524,0.534,0.479,0.471,0.496,0.482,0.469,0.526,0.464,0.536,0.462,0.489,0.499,0.477,0.464,0.483,0.51,0.513,0.542,0.5,0.507,0.458,0.492,0.532,0.47,0.483,0.572,0.466,0.522,0.526,0.488,0.547,0.539

learning_rate
0.05,0.05,0.05,0.05,0.05,0.05,0.05,0.05,0.05,0.05,0.05,0.05,0.05,0.05,0.05,0.05,0.05,0.05,0.05,0.05,0.05,0.05,0.05,0.05,0.05,0.05,0.05,0.05,0.05,0.05,0.05,0.05,0.05,0.05,0.05,0.05,0.05,0.05,0.05,0.05,0.05,0.05,0.05,0.05,0.05,0.05,0.05,0.05,0.05,0.05,0.05,0.05,0.05,0.05,0.05,0.05,0.05,0.05,0.05,0.05,0.05,0.05,0.05,0.05,0.05,0.05,0.05,0.05,0.05,0.05,0.05,0.05,0.05,0.05,0.05,0.05,0.05,0.05,0.05,0.05,0.05,0.05,0.05,0.05,0.05,0.05,0.05,0.05,0.05,0.05,0.05,0.05,0.05,0.05,0.05,0.05,0.05,0.05,0.05,0.05
0.05,0.05,0.05,0.05,0.05,0.05,0.05,0.05,0.05,0.05,0.05,0.05,0.05,0.05,0.05,0.05,0.05,0.05,0.05,0.05,0.05,0.05,0.05,0.05,0.05,0.05,0.05,0.05,0.05,0.05,0.05,0.05,0.05,0.05,0.05,0.05,0.05,0.05,0.05,0.05,0.05,0.05,0.05,0.05,0.05,0.05,0.05,0.05,0.05,0.05,0.05,0.05,0.05,0.05,0.05,0.05,0.05,0.05,0.05,0.05,0.05,0.05,0.05,0.05,0.05,0.05,0.05,0.05,0.05,0.05,0.05,0.05,0.05,0.05,0.05,0.05,0.05,0.05,0.05,0.05,0.05,0.05,0.05,0.05,0.05,0.05,0.05,0.05,0.05,0.05,0.05,0.05,0.05,0.05,0.05,0.05,0.05,0.05,0.05,0.05

