parameters
tas_alpha:25
tas_beta:0.5
tas_gamma:0.02
sgd_lr:0.05
sgd_momentum:0.9
sgd_weight_decay:0
sgd_dampening:0
sgd_nesterov:True
architecture:vgg19bn_
dataset:cifar10
combine_datasets:False
do_validation_set:False
epochs:10
batch_size:128
test_set_split:0.1666667
validation_set_split:0.0
reduce_train_set:1
executions:2
base_seed:1230
training_method:sgd
learning_method:tas

train_loss
2.317,1.721,1.452,1.163,0.926,0.726,0.595,0.549,0.539,0.533
2.384,1.938,1.801,1.562,1.291,0.997,0.814,0.753,0.739,0.723

train_acc1
16.426,34.618,46.506,58.376,67.462,74.736,79.394,80.858,81.248,81.564
12.392,22.498,28.464,40.08,52.744,64.504,70.852,73.244,73.52,74.344

val_acc1
31.89,42.15,49.29,60.76,71.53,76.51,79.77,80.64,80.73,81.04
19.78,24.23,34.39,43.41,54.83,67.07,71.69,73.25,73.59,74.07

val_loss
1.809,1.591,1.478,1.123,0.816,0.683,0.585,0.565,0.572,0.558
2.204,1.882,1.705,1.547,1.289,0.928,0.782,0.744,0.744,0.73

learning_rate
0.05,0.049998,0.049973,0.049672,0.046283,0.0255,0.004717,0.001328,0.001027,0.001002
0.05,0.049998,0.049973,0.049672,0.046283,0.0255,0.004717,0.001328,0.001027,0.001002

