parameters
tas_alpha:50
tas_beta:0.3
tas_gamma:0.02
sgd_lr:0.05
sgd_momentum:0.9
sgd_weight_decay:0
sgd_dampening:0
sgd_nesterov:True
architecture:vgg19bn_
dataset:cifar10
combine_datasets:False
do_validation_set:False
epochs:15
batch_size:128
test_set_split:0.1666667
validation_set_split:0.0
reduce_train_set:1
executions:2
base_seed:1230
training_method:sgd
learning_method:tas

train_loss
2.244,1.816,1.513,1.245,1.012,0.773,0.695,0.672,0.667,0.659,0.649,0.639,0.63,0.62,0.613
2.29,1.896,1.68,1.397,1.092,0.827,0.737,0.713,0.708,0.695,0.687,0.676,0.666,0.657,0.647

train_acc1
18.524,29.76,42.946,54.93,64.166,72.492,75.37,76.268,76.532,76.764,77.164,77.616,78.076,78.224,78.45
15.496,24.39,34.734,48.556,60.982,70.528,73.8,74.758,74.958,75.374,75.594,76.034,76.462,76.786,77.154

val_acc1
25.14,38.09,45.14,51.76,66.52,73.83,75.71,76.15,76.29,76.76,77.06,77.67,77.77,78.23,78.44
22.49,27.9,39.67,49.54,62.02,72.11,73.53,73.96,74.5,74.34,74.74,74.99,75.4,75.79,76.05

val_loss
2.236,1.596,1.922,1.551,0.967,0.747,0.694,0.682,0.682,0.672,0.66,0.648,0.645,0.638,0.627
1.917,1.822,1.685,1.372,1.12,0.782,0.737,0.726,0.73,0.715,0.701,0.693,0.687,0.685,0.671

learning_rate
0.05,0.05,0.049988,0.049672,0.042215,0.008785,0.001328,0.001012,0.001,0.001,0.001,0.001,0.001,0.001,0.001
0.05,0.05,0.049988,0.049672,0.042215,0.008785,0.001328,0.001012,0.001,0.001,0.001,0.001,0.001,0.001,0.001

