parameters
sgd_lr:0.25
sgd_momentum:0
sgd_weight_decay:0
sgd_dampening:0
sgd_nesterov:False
architecture:vgg19bn_
dataset:cifar10
combine_datasets:False
do_validation_set:False
epochs:100
batch_size:128
test_set_split:0.1666667
validation_set_split:0.0
reduce_train_set:1
executions:2
base_seed:1230
training_method:sgd
learning_method:constant

train_loss
2.629,1.924,1.704,1.467,1.263,1.063,0.911,0.79,0.7,0.623,0.564,0.518,0.481,0.445,0.411,0.392,0.361,0.341,0.319,0.302,0.284,0.269,0.252,0.236,0.222,0.214,0.202,0.192,0.177,0.17,0.159,0.151,0.144,0.138,0.129,0.125,0.119,0.11,0.104,0.105,0.097,0.092,0.089,0.086,0.079,0.073,0.069,0.073,0.068,0.062,0.065,0.059,0.055,0.059,0.056,0.051,0.047,0.048,0.044,0.043,0.041,0.044,0.037,0.035,0.037,0.035,0.036,0.033,0.031,0.035,0.032,0.031,0.03,0.027,0.03,0.03,0.028,0.024,0.026,0.026,0.024,0.022,0.025,0.023,0.022,0.021,0.02,0.021,0.02,0.022,0.021,0.017,0.02,0.018,0.017,0.022,0.015,0.015,0.016,0.018
2.657,2.05,1.734,1.483,1.208,0.971,0.817,0.698,0.62,0.558,0.503,0.461,0.429,0.398,0.366,0.346,0.321,0.303,0.281,0.266,0.25,0.237,0.224,0.209,0.199,0.186,0.179,0.165,0.158,0.149,0.141,0.135,0.127,0.12,0.117,0.107,0.104,0.095,0.096,0.091,0.087,0.081,0.078,0.075,0.07,0.067,0.06,0.063,0.06,0.055,0.057,0.052,0.051,0.051,0.051,0.047,0.044,0.043,0.044,0.038,0.036,0.039,0.033,0.035,0.034,0.03,0.031,0.031,0.03,0.031,0.027,0.029,0.024,0.026,0.026,0.024,0.025,0.022,0.023,0.023,0.024,0.021,0.02,0.021,0.021,0.02,0.019,0.018,0.019,0.018,0.022,0.015,0.019,0.018,0.014,0.019,0.015,0.016,0.014,0.015

train_acc1
16.912,30.926,37.89,46.466,54.152,62.254,67.752,72.184,75.836,78.628,80.772,82.256,83.648,84.574,85.896,86.672,87.36,88.358,88.964,89.488,90.176,90.752,91.194,91.864,92.334,92.64,92.96,93.252,93.754,94.128,94.394,94.658,95.01,95.244,95.41,95.568,95.846,96.148,96.318,96.386,96.554,96.768,96.94,96.946,97.182,97.406,97.63,97.518,97.666,97.878,97.766,97.94,98.13,98.008,98.098,98.226,98.388,98.312,98.494,98.534,98.586,98.452,98.712,98.772,98.734,98.78,98.734,98.874,98.922,98.732,98.954,98.908,98.98,99.014,98.978,98.97,99.066,99.112,99.112,99.116,99.174,99.318,99.192,99.19,99.252,99.262,99.294,99.248,99.292,99.31,99.294,99.418,99.308,99.332,99.416,99.24,99.46,99.474,99.46,99.376
12.21,23.256,35.052,45.816,56.948,65.564,71.578,75.824,78.792,80.912,82.846,84.392,85.434,86.376,87.51,88.098,88.984,89.514,90.274,90.868,91.424,91.852,92.33,92.834,93.208,93.57,93.71,94.306,94.588,94.772,95.18,95.262,95.71,95.78,95.948,96.342,96.35,96.704,96.698,96.742,96.968,97.112,97.278,97.392,97.534,97.77,97.888,97.848,97.89,98.072,97.982,98.144,98.262,98.228,98.224,98.356,98.462,98.458,98.456,98.666,98.754,98.696,98.86,98.77,98.9,98.928,98.96,98.91,98.91,98.944,99.07,99.012,99.188,99.122,99.116,99.158,99.15,99.312,99.178,99.228,99.158,99.248,99.288,99.318,99.262,99.276,99.324,99.388,99.356,99.394,99.252,99.522,99.318,99.392,99.536,99.354,99.502,99.422,99.518,99.476

val_acc1
27.07,34.15,41.05,42.36,52.11,52.44,65.16,68.97,70.82,73.2,78.08,77.78,78.98,81.83,81.42,83.43,79.68,79.22,84.44,85.12,85.57,85.73,85.41,83.9,87.38,86.04,86.92,87.54,86.27,86.31,87.47,85.48,85.48,87.88,85.39,86.24,88.56,87.86,89.2,87.88,88.53,88.04,87.53,87.05,89.09,87.91,88.33,86.42,88.74,88.58,89.37,88.97,88.6,88.74,88.62,89.37,88.31,89.89,89.7,88.47,89.45,89.75,89.64,88.21,89.35,88.72,89.34,89.84,89.79,89.53,90.17,89.9,89.88,89.57,89.41,89.37,89.65,89.54,90.09,89.86,89.76,90.41,90.29,89.85,89.87,89.7,90.25,89.28,89.17,90.15,89.93,89.84,89.94,90.03,90.25,90.41,90.32,89.87,90.15,89.78
18.47,30.77,40.49,48.02,57.05,61.59,66.43,75.93,68.55,75.84,79.25,79.13,78.19,80.37,82.63,84.42,82.99,82.11,83.89,85.47,82.75,86.22,84.65,82.83,86.63,87.73,87.69,88.09,87.57,88.56,88.06,85.77,87.64,87.4,88.26,87.72,89.53,87.21,87.67,88.36,89.21,88.91,88.58,87.53,88.18,88.99,89.73,87.63,87.71,87.65,90.06,88.96,88.79,88.9,88.16,88.12,89.16,87.66,90.08,89.63,90.13,89.52,88.34,90.12,90.53,90.13,89.57,89.68,90.32,89.76,89.94,88.98,89.54,90.73,90.19,90.52,90.32,90.47,89.68,90.61,90.54,90.11,90.48,89.01,89.67,90.64,89.1,90.17,90.25,88.69,90.13,90.04,90.38,90.33,90.7,90.46,90.38,89.68,90.56,89.83

val_loss
2.128,3.168,1.65,1.816,1.376,1.471,0.963,0.9,0.885,0.814,0.658,0.645,0.635,0.566,0.556,0.501,0.623,0.61,0.478,0.458,0.444,0.447,0.437,0.512,0.401,0.453,0.428,0.411,0.481,0.451,0.431,0.505,0.525,0.414,0.559,0.496,0.402,0.454,0.402,0.448,0.416,0.454,0.483,0.521,0.414,0.518,0.481,0.542,0.46,0.468,0.426,0.46,0.511,0.461,0.478,0.435,0.505,0.418,0.459,0.513,0.467,0.461,0.458,0.586,0.471,0.528,0.515,0.486,0.501,0.497,0.483,0.469,0.497,0.522,0.494,0.507,0.487,0.516,0.492,0.497,0.503,0.474,0.473,0.493,0.493,0.527,0.49,0.555,0.569,0.503,0.516,0.528,0.516,0.53,0.521,0.46,0.514,0.53,0.525,0.524
2.161,2.863,1.559,1.682,1.384,1.131,0.951,0.725,1.024,0.746,0.635,0.619,0.679,0.604,0.528,0.453,0.546,0.546,0.502,0.458,0.59,0.45,0.493,0.559,0.427,0.399,0.411,0.406,0.443,0.38,0.423,0.526,0.421,0.45,0.427,0.465,0.385,0.513,0.451,0.461,0.396,0.409,0.441,0.498,0.491,0.424,0.425,0.489,0.494,0.531,0.411,0.479,0.519,0.48,0.495,0.534,0.474,0.592,0.415,0.468,0.465,0.463,0.536,0.437,0.414,0.463,0.513,0.482,0.469,0.482,0.476,0.5,0.526,0.458,0.473,0.456,0.448,0.452,0.503,0.462,0.463,0.504,0.475,0.565,0.532,0.49,0.586,0.542,0.497,0.643,0.471,0.525,0.487,0.484,0.502,0.482,0.514,0.493,0.495,0.507

learning_rate
0.25,0.25,0.25,0.25,0.25,0.25,0.25,0.25,0.25,0.25,0.25,0.25,0.25,0.25,0.25,0.25,0.25,0.25,0.25,0.25,0.25,0.25,0.25,0.25,0.25,0.25,0.25,0.25,0.25,0.25,0.25,0.25,0.25,0.25,0.25,0.25,0.25,0.25,0.25,0.25,0.25,0.25,0.25,0.25,0.25,0.25,0.25,0.25,0.25,0.25,0.25,0.25,0.25,0.25,0.25,0.25,0.25,0.25,0.25,0.25,0.25,0.25,0.25,0.25,0.25,0.25,0.25,0.25,0.25,0.25,0.25,0.25,0.25,0.25,0.25,0.25,0.25,0.25,0.25,0.25,0.25,0.25,0.25,0.25,0.25,0.25,0.25,0.25,0.25,0.25,0.25,0.25,0.25,0.25,0.25,0.25,0.25,0.25,0.25,0.25
0.25,0.25,0.25,0.25,0.25,0.25,0.25,0.25,0.25,0.25,0.25,0.25,0.25,0.25,0.25,0.25,0.25,0.25,0.25,0.25,0.25,0.25,0.25,0.25,0.25,0.25,0.25,0.25,0.25,0.25,0.25,0.25,0.25,0.25,0.25,0.25,0.25,0.25,0.25,0.25,0.25,0.25,0.25,0.25,0.25,0.25,0.25,0.25,0.25,0.25,0.25,0.25,0.25,0.25,0.25,0.25,0.25,0.25,0.25,0.25,0.25,0.25,0.25,0.25,0.25,0.25,0.25,0.25,0.25,0.25,0.25,0.25,0.25,0.25,0.25,0.25,0.25,0.25,0.25,0.25,0.25,0.25,0.25,0.25,0.25,0.25,0.25,0.25,0.25,0.25,0.25,0.25,0.25,0.25,0.25,0.25,0.25,0.25,0.25,0.25

