parameters
tas_alpha:50
tas_beta:0.3
tas_gamma:0.02
sgd_lr:0.05
sgd_momentum:0.9
sgd_weight_decay:0
sgd_dampening:0
sgd_nesterov:True
architecture:vgg19bn_
dataset:cifar10
combine_datasets:False
do_validation_set:False
epochs:25
batch_size:128
test_set_split:0.1666667
validation_set_split:0.0
reduce_train_set:1
executions:2
base_seed:1230
training_method:sgd
learning_method:tas

train_loss
2.188,1.71,1.357,1.081,0.897,0.758,0.652,0.555,0.452,0.39,0.367,0.36,0.355,0.352,0.348,0.351,0.342,0.34,0.334,0.333,0.326,0.327,0.325,0.318,0.315
2.263,1.766,1.368,1.042,0.839,0.708,0.619,0.531,0.428,0.368,0.344,0.338,0.338,0.329,0.326,0.328,0.32,0.316,0.315,0.309,0.302,0.305,0.303,0.299,0.294

train_acc1
19.542,34.446,50.158,61.558,68.746,74.008,77.844,81.154,84.662,86.78,87.452,87.744,88.018,87.988,88.148,87.988,88.284,88.466,88.614,88.642,88.772,88.834,88.954,89.206,89.376
16.85,32.37,50.08,62.758,70.69,75.658,78.86,81.946,85.48,87.256,88.214,88.366,88.412,88.752,88.876,88.664,89.092,89.166,89.2,89.448,89.582,89.474,89.588,89.786,89.95

val_acc1
25.86,35.69,51.49,51.77,67.79,74.76,77.08,78.52,83.9,85.19,85.44,85.61,85.63,85.78,85.81,85.83,85.73,85.94,85.83,85.96,86.15,85.86,85.9,86.09,86.17
24.8,42.35,56.55,60.14,73.35,71.8,76.42,80.6,83.74,85.76,86.07,86.13,86.04,86.21,86.32,86.49,86.34,86.48,86.45,86.87,86.67,86.68,86.64,87.01,86.84

val_loss
2.186,1.777,1.435,1.556,0.919,0.731,0.681,0.632,0.475,0.44,0.43,0.425,0.427,0.43,0.421,0.424,0.425,0.424,0.423,0.417,0.415,0.421,0.413,0.417,0.423
1.925,1.53,1.221,1.176,0.772,0.84,0.711,0.559,0.481,0.425,0.42,0.417,0.416,0.42,0.41,0.413,0.416,0.412,0.417,0.407,0.407,0.409,0.406,0.408,0.407

learning_rate
0.05,0.05,0.049999,0.049994,0.049955,0.049672,0.047676,0.036822,0.014178,0.003324,0.001328,0.001045,0.001006,0.001001,0.001,0.001,0.001,0.001,0.001,0.001,0.001,0.001,0.001,0.001,0.001
0.05,0.05,0.049999,0.049994,0.049955,0.049672,0.047676,0.036822,0.014178,0.003324,0.001328,0.001045,0.001006,0.001001,0.001,0.001,0.001,0.001,0.001,0.001,0.001,0.001,0.001,0.001,0.001

