parameters
tas_alpha:10
tas_beta:0.3
tas_gamma:0.02
sgd_lr:0.05
sgd_momentum:0.9
sgd_weight_decay:0
sgd_dampening:0
sgd_nesterov:True
architecture:vgg19bn_
dataset:cifar10
combine_datasets:False
do_validation_set:False
epochs:15
batch_size:128
test_set_split:0.1666667
validation_set_split:0.0
reduce_train_set:1
executions:2
base_seed:1230
training_method:sgd
learning_method:tas

train_loss
2.182,1.754,1.527,1.282,1.044,0.859,0.731,0.635,0.575,0.533,0.504,0.485,0.47,0.46,0.446
2.229,1.812,1.516,1.19,0.966,0.809,0.699,0.619,0.565,0.522,0.497,0.478,0.465,0.456,0.444

train_acc1
20.902,33.018,42.704,53.456,62.812,69.696,74.258,77.778,80.106,81.592,82.562,83.16,83.676,83.99,84.354
18.182,30.262,42.714,57.118,65.802,71.506,75.682,78.328,80.384,81.966,82.708,83.376,84.002,84.354,84.672

val_acc1
28.59,37.5,44.42,53.29,65.55,71.93,75.66,77.45,79.72,80.44,81.43,81.86,82.12,82.04,82.71
26.08,36.17,44.12,52.65,69.28,71.37,75.31,77.5,79.68,80.45,81.35,81.54,81.73,82.0,82.29

val_loss
1.851,1.739,1.538,1.304,0.964,0.801,0.706,0.659,0.599,0.565,0.551,0.532,0.522,0.529,0.509
1.917,1.65,1.618,1.456,0.876,0.855,0.705,0.659,0.611,0.591,0.555,0.551,0.541,0.545,0.531

learning_rate
0.047676,0.045668,0.042215,0.036822,0.029546,0.021454,0.014178,0.008785,0.005332,0.003324,0.002221,0.001635,0.001328,0.001169,0.001087
0.047676,0.045668,0.042215,0.036822,0.029546,0.021454,0.014178,0.008785,0.005332,0.003324,0.002221,0.001635,0.001328,0.001169,0.001087

