parameters
sgd_lr:0.5
sgd_momentum:0
sgd_weight_decay:0
sgd_dampening:0
sgd_nesterov:False
architecture:vgg19bn_
dataset:cifar10
combine_datasets:False
do_validation_set:False
epochs:100
batch_size:128
test_set_split:0.1666667
validation_set_split:0.0
reduce_train_set:1
executions:2
base_seed:1230
training_method:sgd
learning_method:constant

train_loss
2.804,2.287,2.151,1.962,1.882,1.764,1.667,1.588,1.516,1.415,1.297,1.173,1.052,0.952,0.854,0.793,0.727,0.674,0.629,0.587,0.549,0.518,0.492,0.464,0.444,0.424,0.399,0.385,0.361,0.343,0.328,0.314,0.299,0.28,0.272,0.262,0.246,0.234,0.225,0.218,0.208,0.199,0.192,0.183,0.174,0.164,0.16,0.155,0.143,0.14,0.136,0.131,0.127,0.123,0.117,0.113,0.106,0.101,0.095,0.094,0.09,0.089,0.079,0.08,0.079,0.077,0.073,0.072,0.071,0.065,0.069,0.064,0.06,0.059,0.059,0.056,0.058,0.05,0.047,0.043,0.044,0.05,0.041,0.048,0.043,0.043,0.038,0.039,0.04,0.036,0.037,0.038,0.035,0.033,0.031,0.035,0.032,0.03,0.03,0.028
2.816,2.247,2.036,1.894,1.794,1.668,1.535,1.408,1.28,1.157,1.044,0.946,0.854,0.781,0.712,0.672,0.623,0.584,0.543,0.509,0.478,0.459,0.432,0.409,0.393,0.373,0.354,0.34,0.318,0.305,0.292,0.282,0.266,0.258,0.247,0.237,0.229,0.215,0.206,0.199,0.188,0.179,0.173,0.172,0.156,0.154,0.145,0.141,0.137,0.131,0.128,0.125,0.117,0.116,0.109,0.105,0.101,0.095,0.096,0.087,0.086,0.083,0.081,0.078,0.078,0.074,0.07,0.067,0.066,0.062,0.062,0.059,0.058,0.053,0.057,0.056,0.053,0.048,0.049,0.047,0.047,0.045,0.044,0.044,0.045,0.042,0.041,0.036,0.037,0.036,0.035,0.032,0.035,0.035,0.034,0.033,0.031,0.029,0.026,0.03

train_acc1
11.004,11.366,16.868,22.498,25.208,30.974,34.662,37.61,41.288,47.056,52.69,57.85,62.568,66.192,70.112,72.41,74.91,76.836,78.38,80.21,81.484,82.606,83.436,84.452,85.124,85.9,86.612,87.226,87.748,88.588,88.926,89.502,89.988,90.6,90.98,91.112,91.702,92.036,92.468,92.622,92.978,93.338,93.602,93.854,94.212,94.406,94.52,94.776,95.132,95.288,95.356,95.458,95.714,95.844,96.074,96.11,96.5,96.588,96.806,96.816,97.024,97.034,97.354,97.352,97.34,97.404,97.622,97.62,97.59,97.858,97.712,97.918,97.978,98.038,98.088,98.114,98.022,98.382,98.428,98.59,98.544,98.368,98.668,98.422,98.65,98.556,98.648,98.698,98.758,98.73,98.764,98.766,98.85,98.904,98.978,98.864,98.908,98.998,98.992,99.058
10.554,15.576,23.24,26.994,30.574,36.144,41.234,46.846,52.696,58.022,62.572,66.25,69.68,72.722,75.372,76.918,78.748,80.192,81.542,82.946,83.974,84.528,85.602,86.45,86.96,87.542,88.118,88.514,89.25,89.74,90.16,90.588,91.208,91.288,91.658,92.098,92.254,92.808,93.002,93.196,93.73,94.05,94.258,94.064,94.722,94.716,95.032,95.196,95.368,95.55,95.642,95.786,96.028,96.194,96.318,96.51,96.564,96.808,96.812,96.988,97.136,97.276,97.334,97.35,97.348,97.518,97.662,97.808,97.836,97.902,97.868,97.996,98.002,98.24,98.072,98.108,98.224,98.332,98.382,98.472,98.416,98.504,98.504,98.54,98.458,98.55,98.64,98.82,98.732,98.814,98.824,98.962,98.802,98.828,98.91,98.872,98.992,98.988,99.124,99.008

val_acc1
10.6,12.94,20.34,22.56,23.56,31.92,33.58,30.97,40.82,43.69,48.75,53.14,54.54,60.77,66.65,61.46,70.3,70.2,71.86,79.29,79.89,79.71,75.9,79.87,82.58,82.17,80.97,82.4,83.42,85.06,84.14,82.89,83.03,85.47,85.88,84.36,85.54,84.86,86.55,84.09,85.87,85.54,86.55,84.5,86.52,85.36,87.36,86.66,86.42,87.42,87.7,86.89,86.69,87.69,86.15,87.19,87.75,88.87,88.34,88.97,89.18,88.27,88.75,88.25,87.74,89.28,88.06,87.27,88.65,88.44,88.48,86.85,89.32,89.55,88.5,89.11,86.52,89.25,88.67,89.15,88.36,89.4,88.45,89.12,89.4,89.45,89.48,88.75,88.78,89.5,88.84,89.31,89.41,89.17,89.24,89.55,89.05,88.8,89.57,89.91
13.25,20.04,24.3,27.98,34.08,37.99,44.65,44.34,49.2,57.57,52.05,63.56,67.69,68.96,73.56,71.3,76.23,71.92,79.88,78.63,74.59,78.84,79.68,81.05,84.31,78.89,85.43,85.04,83.82,84.46,80.92,84.93,84.08,84.26,84.22,81.68,86.69,85.25,85.85,84.26,86.32,87.25,87.23,86.63,88.13,87.65,87.65,87.51,87.2,87.68,87.57,88.16,87.94,87.42,85.9,88.34,86.21,87.16,88.72,86.81,88.55,88.45,88.39,88.82,88.44,88.25,88.24,88.68,89.53,89.07,88.95,88.45,89.52,88.95,87.82,89.01,89.25,89.15,88.9,89.56,89.44,89.39,89.0,89.2,87.37,89.44,88.44,89.68,89.23,89.11,89.37,89.96,89.3,89.64,89.46,88.92,89.63,89.53,88.37,89.09

val_loss
2.324,2.246,2.006,1.999,1.877,1.825,1.702,1.9,1.58,1.858,1.45,1.328,1.306,1.157,1.019,1.426,0.902,0.884,0.889,0.616,0.612,0.626,0.748,0.618,0.545,0.539,0.622,0.562,0.527,0.462,0.504,0.569,0.526,0.459,0.463,0.509,0.475,0.501,0.447,0.577,0.488,0.511,0.467,0.563,0.49,0.517,0.467,0.468,0.491,0.475,0.465,0.476,0.497,0.459,0.568,0.465,0.453,0.428,0.47,0.431,0.444,0.464,0.481,0.452,0.503,0.446,0.548,0.543,0.497,0.505,0.508,0.593,0.465,0.462,0.491,0.463,0.599,0.511,0.504,0.505,0.54,0.481,0.589,0.478,0.479,0.502,0.497,0.552,0.522,0.493,0.526,0.529,0.493,0.5,0.53,0.491,0.553,0.571,0.522,0.499
2.34,2.142,1.976,1.928,1.709,1.643,1.439,1.522,1.532,1.181,1.484,1.087,0.953,0.927,0.812,0.878,0.73,0.826,0.625,0.657,0.802,0.696,0.614,0.59,0.497,0.636,0.468,0.47,0.536,0.484,0.627,0.523,0.504,0.529,0.526,0.635,0.44,0.52,0.477,0.559,0.465,0.444,0.434,0.478,0.44,0.447,0.456,0.446,0.469,0.464,0.504,0.447,0.44,0.488,0.572,0.453,0.529,0.516,0.448,0.536,0.454,0.467,0.453,0.459,0.485,0.487,0.522,0.457,0.445,0.462,0.489,0.491,0.451,0.505,0.574,0.497,0.481,0.479,0.517,0.468,0.476,0.497,0.513,0.507,0.605,0.486,0.539,0.501,0.507,0.51,0.518,0.485,0.495,0.478,0.498,0.523,0.507,0.48,0.578,0.516

learning_rate
0.5,0.5,0.5,0.5,0.5,0.5,0.5,0.5,0.5,0.5,0.5,0.5,0.5,0.5,0.5,0.5,0.5,0.5,0.5,0.5,0.5,0.5,0.5,0.5,0.5,0.5,0.5,0.5,0.5,0.5,0.5,0.5,0.5,0.5,0.5,0.5,0.5,0.5,0.5,0.5,0.5,0.5,0.5,0.5,0.5,0.5,0.5,0.5,0.5,0.5,0.5,0.5,0.5,0.5,0.5,0.5,0.5,0.5,0.5,0.5,0.5,0.5,0.5,0.5,0.5,0.5,0.5,0.5,0.5,0.5,0.5,0.5,0.5,0.5,0.5,0.5,0.5,0.5,0.5,0.5,0.5,0.5,0.5,0.5,0.5,0.5,0.5,0.5,0.5,0.5,0.5,0.5,0.5,0.5,0.5,0.5,0.5,0.5,0.5,0.5
0.5,0.5,0.5,0.5,0.5,0.5,0.5,0.5,0.5,0.5,0.5,0.5,0.5,0.5,0.5,0.5,0.5,0.5,0.5,0.5,0.5,0.5,0.5,0.5,0.5,0.5,0.5,0.5,0.5,0.5,0.5,0.5,0.5,0.5,0.5,0.5,0.5,0.5,0.5,0.5,0.5,0.5,0.5,0.5,0.5,0.5,0.5,0.5,0.5,0.5,0.5,0.5,0.5,0.5,0.5,0.5,0.5,0.5,0.5,0.5,0.5,0.5,0.5,0.5,0.5,0.5,0.5,0.5,0.5,0.5,0.5,0.5,0.5,0.5,0.5,0.5,0.5,0.5,0.5,0.5,0.5,0.5,0.5,0.5,0.5,0.5,0.5,0.5,0.5,0.5,0.5,0.5,0.5,0.5,0.5,0.5,0.5,0.5,0.5,0.5

