parameters
tas_alpha:50
tas_beta:0.7
tas_gamma:0.02
sgd_lr:0.05
sgd_momentum:0.9
sgd_weight_decay:0
sgd_dampening:0
sgd_nesterov:True
architecture:vgg19bn_
dataset:cifar10
combine_datasets:False
do_validation_set:False
epochs:25
batch_size:128
test_set_split:0.1666667
validation_set_split:0.0
reduce_train_set:1
executions:2
base_seed:1230
training_method:sgd
learning_method:tas

train_loss
2.238,1.717,1.421,1.139,0.931,0.772,0.671,0.599,0.541,0.493,0.453,0.423,0.388,0.359,0.335,0.318,0.283,0.248,0.181,0.144,0.129,0.129,0.127,0.127,0.123
2.328,1.824,1.561,1.259,1.001,0.833,0.728,0.642,0.582,0.527,0.481,0.442,0.411,0.378,0.353,0.333,0.304,0.26,0.19,0.154,0.138,0.136,0.134,0.132,0.131

train_acc1
18.518,34.134,47.46,59.312,67.262,73.382,77.088,79.546,81.746,83.392,84.732,85.794,86.792,87.856,88.67,89.224,90.422,91.526,93.826,95.102,95.64,95.666,95.718,95.634,95.906
14.376,28.48,40.566,54.168,64.698,71.228,75.06,78.102,80.422,82.344,83.766,85.254,86.012,87.35,88.066,88.8,89.718,91.162,93.48,94.846,95.4,95.486,95.526,95.646,95.694

val_acc1
29.52,40.9,50.77,61.15,70.63,72.64,76.84,76.97,81.22,80.9,82.12,83.62,82.45,84.9,85.42,84.86,85.89,88.07,89.3,89.89,89.83,89.93,89.98,89.91,90.0
22.23,35.54,46.59,57.08,67.77,72.11,75.54,77.83,80.34,77.58,81.38,82.94,83.17,85.39,84.32,85.42,84.24,86.75,88.68,89.31,89.36,89.34,89.38,89.51,89.45

val_loss
1.807,1.53,1.377,1.094,0.835,0.79,0.693,0.664,0.573,0.584,0.531,0.482,0.529,0.459,0.436,0.456,0.442,0.362,0.338,0.328,0.33,0.33,0.33,0.34,0.332
2.072,1.679,1.416,1.367,0.922,0.817,0.72,0.67,0.597,0.684,0.566,0.5,0.515,0.45,0.479,0.449,0.498,0.393,0.362,0.333,0.333,0.342,0.336,0.347,0.344

learning_rate
0.05,0.05,0.05,0.05,0.05,0.05,0.05,0.05,0.05,0.05,0.05,0.05,0.049999,0.049994,0.049955,0.049672,0.047676,0.036822,0.014178,0.003324,0.001328,0.001045,0.001006,0.001001,0.001
0.05,0.05,0.05,0.05,0.05,0.05,0.05,0.05,0.05,0.05,0.05,0.05,0.049999,0.049994,0.049955,0.049672,0.047676,0.036822,0.014178,0.003324,0.001328,0.001045,0.001006,0.001001,0.001

