parameters
tas_alpha:10
tas_beta:0.5
tas_gamma:0.02
sgd_lr:0.05
sgd_momentum:0.9
sgd_weight_decay:0
sgd_dampening:0
sgd_nesterov:True
architecture:vgg19bn_
dataset:cifar10
combine_datasets:False
do_validation_set:False
epochs:25
batch_size:128
test_set_split:0.1666667
validation_set_split:0.0
reduce_train_set:1
executions:2
base_seed:1230
training_method:sgd
learning_method:tas

train_loss
2.294,1.823,1.499,1.218,0.997,0.824,0.702,0.613,0.553,0.498,0.448,0.403,0.363,0.321,0.287,0.26,0.227,0.206,0.185,0.172,0.16,0.15,0.144,0.139,0.133
2.274,1.81,1.59,1.376,1.138,0.928,0.77,0.667,0.594,0.534,0.48,0.433,0.388,0.345,0.307,0.28,0.247,0.22,0.199,0.189,0.17,0.163,0.156,0.148,0.143

train_acc1
16.484,29.768,44.204,56.144,64.876,71.762,76.1,79.062,81.248,83.24,84.998,86.258,87.756,89.084,90.142,91.26,92.296,92.978,93.618,94.14,94.526,94.864,95.046,95.12,95.42
17.592,30.49,39.394,49.436,59.376,67.614,73.25,77.074,79.698,81.928,83.678,85.29,86.806,88.298,89.496,90.25,91.57,92.508,93.182,93.542,94.082,94.356,94.624,94.938,95.058

val_acc1
26.16,35.21,48.51,54.92,68.31,70.72,75.33,78.75,80.07,80.99,84.41,83.69,84.76,86.35,86.88,86.75,88.15,88.23,88.76,88.81,89.24,89.07,89.15,89.15,89.0
24.68,34.43,39.16,49.57,62.62,67.48,75.14,77.64,79.98,81.26,82.71,83.53,84.05,84.81,86.53,86.51,86.87,87.59,87.77,87.94,88.27,88.56,88.54,88.44,88.71

val_loss
2.166,2.023,1.711,1.449,0.93,0.883,0.731,0.627,0.607,0.592,0.481,0.487,0.475,0.423,0.402,0.413,0.378,0.367,0.372,0.358,0.355,0.359,0.366,0.38,0.377
2.097,1.814,1.677,1.383,1.039,0.947,0.709,0.645,0.585,0.564,0.52,0.484,0.48,0.462,0.417,0.427,0.412,0.391,0.398,0.39,0.385,0.386,0.379,0.392,0.393

learning_rate
0.049672,0.049512,0.049276,0.048928,0.048418,0.047676,0.046612,0.045112,0.043049,0.040307,0.036822,0.032637,0.027942,0.023058,0.018363,0.014178,0.010693,0.007951,0.005888,0.004388,0.003324,0.002582,0.002072,0.001724,0.001488
0.049672,0.049512,0.049276,0.048928,0.048418,0.047676,0.046612,0.045112,0.043049,0.040307,0.036822,0.032637,0.027942,0.023058,0.018363,0.014178,0.010693,0.007951,0.005888,0.004388,0.003324,0.002582,0.002072,0.001724,0.001488

