parameters
tas_alpha:10
tas_beta:0.7
tas_gamma:0.02
sgd_lr:0.05
sgd_momentum:0.9
sgd_weight_decay:0
sgd_dampening:0
sgd_nesterov:True
architecture:vgg19bn_
dataset:cifar10
combine_datasets:False
do_validation_set:False
epochs:100
batch_size:128
test_set_split:0.1666667
validation_set_split:0.0
reduce_train_set:1
executions:2
base_seed:1230
training_method:sgd
learning_method:tas

train_loss
2.246,1.753,1.474,1.207,0.995,0.818,0.694,0.614,0.553,0.503,0.458,0.425,0.393,0.362,0.338,0.325,0.297,0.279,0.261,0.245,0.227,0.219,0.205,0.191,0.177,0.171,0.162,0.152,0.143,0.134,0.126,0.118,0.113,0.11,0.101,0.094,0.092,0.087,0.08,0.079,0.076,0.073,0.063,0.063,0.061,0.057,0.054,0.057,0.05,0.049,0.043,0.042,0.039,0.04,0.035,0.037,0.031,0.03,0.026,0.024,0.023,0.022,0.019,0.019,0.017,0.016,0.015,0.016,0.013,0.012,0.012,0.009,0.008,0.007,0.006,0.006,0.005,0.005,0.004,0.004,0.003,0.003,0.004,0.003,0.002,0.002,0.002,0.001,0.002,0.001,0.002,0.002,0.002,0.001,0.002,0.001,0.001,0.001,0.001,0.001
2.407,1.896,1.66,1.397,1.176,1.004,0.865,0.753,0.676,0.61,0.559,0.52,0.475,0.444,0.414,0.39,0.366,0.347,0.324,0.305,0.289,0.277,0.258,0.247,0.228,0.221,0.207,0.194,0.184,0.176,0.169,0.163,0.15,0.142,0.138,0.13,0.123,0.115,0.111,0.109,0.1,0.095,0.092,0.088,0.084,0.08,0.075,0.075,0.066,0.066,0.063,0.057,0.054,0.055,0.053,0.046,0.046,0.042,0.037,0.036,0.033,0.031,0.03,0.027,0.023,0.025,0.021,0.019,0.018,0.016,0.016,0.014,0.012,0.011,0.01,0.011,0.008,0.009,0.007,0.006,0.005,0.005,0.005,0.004,0.004,0.004,0.003,0.003,0.003,0.003,0.003,0.002,0.003,0.002,0.002,0.002,0.001,0.001,0.002,0.002

train_acc1
19.7,33.936,45.93,56.824,64.976,71.566,76.334,78.962,81.304,82.954,84.556,85.68,86.62,87.816,88.59,88.844,89.728,90.54,90.956,91.554,92.214,92.502,92.912,93.508,93.958,94.112,94.484,94.798,95.028,95.446,95.676,95.892,96.02,96.252,96.52,96.658,96.772,96.914,97.172,97.234,97.446,97.392,97.824,97.856,97.876,98.018,98.112,98.0,98.292,98.308,98.522,98.484,98.608,98.634,98.822,98.782,98.988,98.952,99.094,99.182,99.208,99.248,99.316,99.37,99.446,99.424,99.442,99.454,99.578,99.606,99.602,99.696,99.72,99.758,99.798,99.782,99.822,99.844,99.85,99.868,99.896,99.876,99.86,99.896,99.904,99.948,99.938,99.964,99.956,99.96,99.94,99.944,99.938,99.962,99.952,99.966,99.96,99.968,99.956,99.978
13.494,25.596,36.27,47.99,57.572,64.588,69.604,73.718,76.824,79.204,81.0,82.482,83.742,84.968,85.94,86.734,87.666,88.154,88.942,89.612,90.046,90.528,91.14,91.588,92.184,92.384,92.92,93.38,93.794,94.008,94.228,94.344,94.876,95.094,95.156,95.564,95.708,96.0,96.16,96.216,96.572,96.708,96.872,96.966,97.066,97.248,97.454,97.42,97.73,97.658,97.76,98.01,98.122,98.126,98.198,98.43,98.442,98.554,98.738,98.796,98.882,98.984,98.978,99.08,99.152,99.14,99.28,99.322,99.39,99.46,99.448,99.538,99.584,99.606,99.656,99.618,99.71,99.714,99.766,99.77,99.832,99.844,99.82,99.856,99.874,99.868,99.9,99.914,99.908,99.906,99.912,99.944,99.924,99.916,99.91,99.93,99.96,99.95,99.94,99.958

val_acc1
28.1,37.53,51.04,51.05,67.62,73.82,74.94,79.67,81.2,80.38,83.68,83.81,84.31,86.11,84.66,86.6,85.62,86.91,87.27,87.04,86.83,87.75,87.85,88.05,88.4,88.21,88.17,88.4,88.76,88.14,88.85,88.22,87.77,88.08,88.92,89.51,89.17,89.33,89.47,89.56,89.14,89.66,89.17,89.57,89.89,89.08,89.18,89.53,89.76,89.84,90.39,90.11,89.8,90.21,89.93,90.56,90.24,90.1,90.32,89.71,90.39,90.42,90.55,90.44,90.56,90.21,90.92,90.82,90.97,91.07,90.71,90.95,91.04,91.0,91.16,91.14,91.31,91.04,91.43,91.16,91.35,91.09,91.37,91.45,91.4,91.43,91.61,91.38,91.46,91.54,91.34,91.32,91.59,91.59,91.41,91.39,91.5,91.5,91.48,91.42
21.25,29.53,41.29,49.73,61.93,67.17,70.23,74.86,75.61,78.25,81.02,81.44,81.87,82.0,83.18,84.12,83.96,85.88,85.55,84.62,86.21,87.03,86.51,87.1,87.13,87.5,87.46,87.12,86.57,88.7,87.97,87.55,87.79,89.14,88.4,88.75,89.31,88.71,89.06,89.01,89.19,89.41,89.43,88.97,89.45,89.35,88.93,89.13,89.54,89.26,88.81,89.84,89.45,90.14,89.79,90.14,90.03,90.09,90.04,90.26,90.32,90.23,90.18,90.62,90.34,90.53,90.73,90.48,90.8,90.63,90.74,90.92,90.87,90.9,90.89,91.32,91.19,91.13,91.29,91.38,91.31,91.44,91.55,91.49,91.54,91.66,91.61,91.56,91.5,91.46,91.59,91.61,91.63,91.53,91.57,91.71,91.93,91.98,91.99,91.88

val_loss
2.111,1.82,1.375,1.503,0.917,0.757,0.749,0.604,0.561,0.597,0.492,0.485,0.474,0.431,0.47,0.408,0.448,0.397,0.402,0.417,0.425,0.389,0.382,0.386,0.375,0.392,0.398,0.394,0.397,0.403,0.374,0.416,0.45,0.437,0.401,0.404,0.4,0.396,0.418,0.42,0.419,0.411,0.445,0.435,0.424,0.467,0.476,0.435,0.442,0.443,0.426,0.444,0.47,0.436,0.475,0.431,0.459,0.476,0.462,0.515,0.497,0.475,0.495,0.492,0.477,0.506,0.52,0.495,0.5,0.505,0.506,0.52,0.532,0.556,0.536,0.542,0.544,0.556,0.539,0.564,0.563,0.568,0.566,0.56,0.568,0.586,0.576,0.574,0.602,0.592,0.595,0.592,0.587,0.584,0.588,0.594,0.6,0.603,0.604,0.599
2.003,1.795,1.573,1.445,1.064,0.927,0.866,0.731,0.748,0.664,0.57,0.545,0.546,0.548,0.518,0.472,0.496,0.426,0.472,0.471,0.429,0.399,0.417,0.4,0.41,0.389,0.397,0.434,0.453,0.365,0.388,0.433,0.422,0.386,0.411,0.397,0.37,0.433,0.389,0.401,0.403,0.396,0.413,0.411,0.431,0.444,0.437,0.426,0.419,0.434,0.488,0.418,0.465,0.412,0.443,0.423,0.43,0.438,0.461,0.429,0.462,0.467,0.455,0.462,0.493,0.491,0.486,0.509,0.477,0.48,0.47,0.476,0.503,0.525,0.509,0.501,0.528,0.512,0.502,0.513,0.524,0.529,0.521,0.532,0.537,0.558,0.546,0.553,0.557,0.558,0.559,0.561,0.554,0.57,0.564,0.564,0.573,0.567,0.573,0.569

learning_rate
0.049955,0.049951,0.049945,0.04994,0.049933,0.049926,0.049919,0.04991,0.049901,0.04989,0.049879,0.049866,0.049852,0.049837,0.049819,0.049801,0.04978,0.049757,0.049731,0.049703,0.049672,0.049638,0.0496,0.049558,0.049512,0.049462,0.049406,0.049344,0.049276,0.049201,0.049119,0.049028,0.048928,0.048818,0.048697,0.048564,0.048418,0.048257,0.048081,0.047888,0.047676,0.047444,0.047191,0.046914,0.046612,0.046283,0.045925,0.045535,0.045112,0.044654,0.044159,0.043625,0.043049,0.042431,0.041769,0.041061,0.040307,0.039506,0.038658,0.037763,0.036822,0.035837,0.034809,0.033741,0.032637,0.031501,0.030336,0.029148,0.027942,0.026724,0.0255,0.024276,0.023058,0.021852,0.020664,0.019499,0.018363,0.017259,0.016191,0.015163,0.014178,0.013237,0.012342,0.011494,0.010693,0.009939,0.009231,0.008569,0.007951,0.007375,0.006841,0.006346,0.005888,0.005465,0.005075,0.004717,0.004388,0.004086,0.003809,0.003556
0.049955,0.049951,0.049945,0.04994,0.049933,0.049926,0.049919,0.04991,0.049901,0.04989,0.049879,0.049866,0.049852,0.049837,0.049819,0.049801,0.04978,0.049757,0.049731,0.049703,0.049672,0.049638,0.0496,0.049558,0.049512,0.049462,0.049406,0.049344,0.049276,0.049201,0.049119,0.049028,0.048928,0.048818,0.048697,0.048564,0.048418,0.048257,0.048081,0.047888,0.047676,0.047444,0.047191,0.046914,0.046612,0.046283,0.045925,0.045535,0.045112,0.044654,0.044159,0.043625,0.043049,0.042431,0.041769,0.041061,0.040307,0.039506,0.038658,0.037763,0.036822,0.035837,0.034809,0.033741,0.032637,0.031501,0.030336,0.029148,0.027942,0.026724,0.0255,0.024276,0.023058,0.021852,0.020664,0.019499,0.018363,0.017259,0.016191,0.015163,0.014178,0.013237,0.012342,0.011494,0.010693,0.009939,0.009231,0.008569,0.007951,0.007375,0.006841,0.006346,0.005888,0.005465,0.005075,0.004717,0.004388,0.004086,0.003809,0.003556

