parameters
tas_alpha:50
tas_beta:0.7
tas_gamma:0.02
sgd_lr:0.05
sgd_momentum:0.9
sgd_weight_decay:0
sgd_dampening:0
sgd_nesterov:True
architecture:vgg19bn_
dataset:cifar10
combine_datasets:False
do_validation_set:False
epochs:15
batch_size:128
test_set_split:0.1666667
validation_set_split:0.0
reduce_train_set:1
executions:2
base_seed:1230
training_method:sgd
learning_method:tas

train_loss
2.286,1.818,1.468,1.169,0.949,0.786,0.676,0.595,0.539,0.49,0.431,0.324,0.285,0.276,0.269
2.271,1.874,1.593,1.291,1.06,0.876,0.744,0.656,0.593,0.535,0.47,0.363,0.321,0.311,0.306

train_acc1
16.762,29.698,45.7,58.176,66.556,72.838,76.774,79.738,81.872,83.43,85.396,89.026,90.276,90.52,90.836
16.244,26.774,40.118,52.846,62.416,69.15,74.124,77.278,79.62,81.94,84.124,87.764,89.028,89.46,89.648

val_acc1
26.1,38.19,53.46,58.34,67.98,67.73,77.55,79.01,80.97,81.08,81.55,87.03,87.74,87.89,87.94
22.45,35.4,47.14,51.61,64.15,70.45,73.32,78.37,79.53,79.86,83.22,86.13,86.58,86.81,87.04

val_loss
1.852,1.67,1.33,1.177,0.933,0.959,0.652,0.614,0.57,0.57,0.543,0.374,0.364,0.368,0.362
2.02,1.714,1.444,1.436,1.094,0.847,0.784,0.637,0.627,0.626,0.522,0.416,0.406,0.409,0.4

learning_rate
0.05,0.05,0.05,0.05,0.05,0.05,0.05,0.05,0.049988,0.049672,0.042215,0.008785,0.001328,0.001012,0.001
0.05,0.05,0.05,0.05,0.05,0.05,0.05,0.05,0.049988,0.049672,0.042215,0.008785,0.001328,0.001012,0.001

