parameters
tas_alpha:50
tas_beta:0.5
tas_gamma:0.02
sgd_lr:0.05
sgd_momentum:0.9
sgd_weight_decay:0
sgd_dampening:0
sgd_nesterov:True
architecture:vgg19bn_
dataset:cifar10
combine_datasets:False
do_validation_set:False
epochs:100
batch_size:128
test_set_split:0.1666667
validation_set_split:0.0
reduce_train_set:1
executions:2
base_seed:1230
training_method:sgd
learning_method:tas

train_loss
2.286,1.818,1.468,1.169,0.949,0.786,0.677,0.596,0.543,0.491,0.448,0.414,0.384,0.355,0.329,0.313,0.291,0.274,0.254,0.243,0.221,0.214,0.199,0.187,0.176,0.167,0.159,0.146,0.137,0.129,0.121,0.12,0.112,0.105,0.102,0.095,0.09,0.084,0.084,0.079,0.076,0.07,0.068,0.065,0.057,0.056,0.05,0.043,0.038,0.03,0.022,0.017,0.011,0.009,0.008,0.007,0.005,0.005,0.006,0.005,0.005,0.005,0.005,0.005,0.005,0.004,0.004,0.004,0.004,0.005,0.005,0.004,0.004,0.004,0.004,0.004,0.004,0.004,0.004,0.003,0.004,0.003,0.004,0.004,0.004,0.003,0.004,0.003,0.003,0.003,0.003,0.003,0.004,0.003,0.003,0.004,0.003,0.004,0.003,0.003
2.271,1.874,1.593,1.291,1.06,0.876,0.745,0.656,0.592,0.538,0.488,0.454,0.417,0.386,0.358,0.338,0.313,0.295,0.274,0.257,0.237,0.226,0.211,0.198,0.189,0.182,0.173,0.16,0.149,0.14,0.132,0.127,0.121,0.113,0.109,0.103,0.096,0.091,0.092,0.087,0.08,0.08,0.072,0.069,0.063,0.058,0.052,0.049,0.04,0.031,0.024,0.018,0.013,0.011,0.009,0.007,0.007,0.005,0.005,0.005,0.005,0.005,0.005,0.005,0.004,0.005,0.005,0.005,0.005,0.005,0.004,0.004,0.005,0.004,0.004,0.004,0.004,0.004,0.004,0.004,0.004,0.004,0.004,0.004,0.004,0.004,0.003,0.003,0.004,0.004,0.003,0.004,0.003,0.003,0.004,0.004,0.003,0.003,0.003,0.003

train_acc1
16.762,29.698,45.7,58.176,66.556,72.838,76.83,79.664,81.58,83.334,84.69,86.058,86.946,87.958,88.842,89.332,90.128,90.708,91.324,91.7,92.392,92.654,93.23,93.622,93.934,94.262,94.466,94.918,95.334,95.574,95.804,95.93,96.086,96.448,96.424,96.71,96.908,97.056,97.034,97.226,97.384,97.576,97.712,97.756,98.05,98.032,98.24,98.518,98.684,98.992,99.202,99.408,99.648,99.674,99.748,99.768,99.812,99.834,99.81,99.834,99.848,99.82,99.826,99.856,99.856,99.866,99.864,99.848,99.852,99.828,99.868,99.864,99.87,99.892,99.874,99.876,99.9,99.862,99.862,99.88,99.87,99.894,99.868,99.874,99.878,99.92,99.864,99.886,99.908,99.906,99.89,99.888,99.87,99.89,99.914,99.878,99.912,99.876,99.902,99.894
16.244,26.774,40.118,52.846,62.416,69.15,74.076,77.404,79.676,81.902,83.452,84.61,85.888,86.952,87.824,88.606,89.348,90.012,90.724,91.318,91.982,92.256,92.84,93.268,93.576,93.67,94.052,94.546,94.868,95.226,95.462,95.64,95.802,96.086,96.21,96.382,96.71,96.8,96.828,96.966,97.302,97.274,97.526,97.61,97.85,97.978,98.214,98.326,98.648,98.972,99.17,99.378,99.586,99.642,99.682,99.77,99.768,99.81,99.822,99.84,99.852,99.858,99.86,99.846,99.848,99.86,99.854,99.852,99.834,99.826,99.862,99.878,99.832,99.868,99.902,99.84,99.858,99.888,99.884,99.878,99.864,99.88,99.886,99.888,99.874,99.892,99.884,99.898,99.888,99.876,99.9,99.886,99.894,99.892,99.88,99.86,99.902,99.894,99.892,99.902

val_acc1
26.1,38.19,53.46,58.34,67.98,67.73,75.73,79.35,80.18,80.49,82.49,84.33,83.27,85.32,85.83,84.95,84.7,87.79,86.84,86.97,86.17,87.14,88.04,88.36,88.09,88.77,88.7,88.68,88.09,89.21,88.93,88.91,88.85,89.05,88.93,88.95,88.91,89.21,89.77,89.51,89.4,89.25,90.5,89.63,89.97,90.5,90.08,90.19,90.48,90.64,90.94,90.98,91.28,91.1,91.21,91.25,91.34,91.5,91.48,91.44,91.45,91.49,91.38,91.6,91.55,91.47,91.55,91.59,91.52,91.44,91.52,91.53,91.62,91.57,91.42,91.53,91.56,91.43,91.48,91.49,91.47,91.58,91.52,91.55,91.46,91.52,91.52,91.47,91.51,91.5,91.45,91.45,91.45,91.48,91.45,91.54,91.58,91.6,91.56,91.56
22.45,35.4,47.14,51.61,64.15,70.45,72.85,77.82,78.58,79.31,80.85,83.89,84.05,84.92,84.25,85.2,84.22,86.3,86.89,86.31,86.09,87.17,87.48,86.72,87.03,88.28,87.81,87.32,88.12,87.91,88.58,87.3,87.97,88.14,87.31,88.59,89.09,89.1,88.3,89.28,89.1,88.86,88.12,89.1,88.71,89.7,89.77,89.75,89.98,90.06,90.53,90.69,91.06,90.98,91.17,90.99,91.07,91.2,91.3,91.29,91.22,91.18,91.24,91.3,91.18,91.29,91.33,91.23,91.3,91.21,91.07,91.2,91.22,91.26,91.17,91.3,91.27,91.23,91.37,91.44,91.34,91.34,91.38,91.29,91.34,91.29,91.32,91.25,91.22,91.29,91.23,91.32,91.24,91.23,91.23,91.22,91.28,91.25,91.33,91.28

val_loss
1.852,1.67,1.33,1.177,0.933,0.959,0.711,0.6,0.598,0.581,0.519,0.464,0.519,0.443,0.43,0.456,0.491,0.37,0.422,0.412,0.464,0.408,0.384,0.379,0.388,0.354,0.383,0.404,0.426,0.372,0.394,0.384,0.42,0.393,0.393,0.435,0.429,0.412,0.378,0.398,0.39,0.435,0.396,0.426,0.447,0.408,0.421,0.435,0.417,0.436,0.45,0.438,0.463,0.469,0.47,0.485,0.469,0.473,0.472,0.475,0.485,0.473,0.475,0.487,0.477,0.481,0.486,0.486,0.485,0.483,0.492,0.481,0.49,0.486,0.482,0.489,0.501,0.495,0.495,0.5,0.503,0.504,0.492,0.502,0.502,0.512,0.51,0.503,0.51,0.51,0.505,0.514,0.506,0.517,0.505,0.506,0.519,0.506,0.514,0.508
2.02,1.714,1.444,1.436,1.094,0.847,0.804,0.65,0.654,0.636,0.593,0.475,0.502,0.463,0.477,0.445,0.479,0.403,0.411,0.419,0.438,0.419,0.401,0.424,0.428,0.389,0.408,0.429,0.398,0.418,0.387,0.468,0.44,0.444,0.465,0.425,0.387,0.408,0.438,0.409,0.413,0.419,0.493,0.456,0.475,0.423,0.45,0.428,0.427,0.449,0.465,0.464,0.472,0.47,0.474,0.483,0.486,0.489,0.488,0.494,0.495,0.496,0.497,0.51,0.491,0.495,0.501,0.503,0.494,0.5,0.519,0.505,0.514,0.519,0.508,0.515,0.506,0.522,0.514,0.506,0.517,0.536,0.515,0.517,0.515,0.536,0.524,0.525,0.527,0.52,0.531,0.527,0.531,0.53,0.535,0.526,0.529,0.528,0.527,0.542

learning_rate
0.05,0.05,0.05,0.05,0.05,0.05,0.05,0.05,0.05,0.05,0.05,0.05,0.05,0.05,0.05,0.05,0.05,0.05,0.05,0.05,0.05,0.05,0.05,0.05,0.05,0.05,0.05,0.05,0.049999,0.049999,0.049998,0.049996,0.049994,0.04999,0.049984,0.049973,0.049955,0.049926,0.049879,0.049801,0.049672,0.049462,0.049119,0.048564,0.047676,0.046283,0.044159,0.041061,0.036822,0.031501,0.0255,0.019499,0.014178,0.009939,0.006841,0.004717,0.003324,0.002436,0.001881,0.001538,0.001328,0.001199,0.001121,0.001074,0.001045,0.001027,0.001016,0.00101,0.001006,0.001004,0.001002,0.001001,0.001001,0.001,0.001,0.001,0.001,0.001,0.001,0.001,0.001,0.001,0.001,0.001,0.001,0.001,0.001,0.001,0.001,0.001,0.001,0.001,0.001,0.001,0.001,0.001,0.001,0.001,0.001,0.001
0.05,0.05,0.05,0.05,0.05,0.05,0.05,0.05,0.05,0.05,0.05,0.05,0.05,0.05,0.05,0.05,0.05,0.05,0.05,0.05,0.05,0.05,0.05,0.05,0.05,0.05,0.05,0.05,0.049999,0.049999,0.049998,0.049996,0.049994,0.04999,0.049984,0.049973,0.049955,0.049926,0.049879,0.049801,0.049672,0.049462,0.049119,0.048564,0.047676,0.046283,0.044159,0.041061,0.036822,0.031501,0.0255,0.019499,0.014178,0.009939,0.006841,0.004717,0.003324,0.002436,0.001881,0.001538,0.001328,0.001199,0.001121,0.001074,0.001045,0.001027,0.001016,0.00101,0.001006,0.001004,0.001002,0.001001,0.001001,0.001,0.001,0.001,0.001,0.001,0.001,0.001,0.001,0.001,0.001,0.001,0.001,0.001,0.001,0.001,0.001,0.001,0.001,0.001,0.001,0.001,0.001,0.001,0.001,0.001,0.001,0.001

