parameters
sgd_lr:2
sgd_momentum:0
sgd_weight_decay:0
sgd_dampening:0
sgd_nesterov:False
architecture:vgg19bn_
dataset:cifar10
combine_datasets:False
do_validation_set:False
epochs:100
batch_size:128
test_set_split:0.1666667
validation_set_split:0.0
reduce_train_set:1
executions:2
base_seed:1230
training_method:sgd
learning_method:constant

train_loss
2.725,2.284,2.248,2.21,2.123,1.999,1.956,1.937,1.927,1.909,1.871,1.846,1.82,1.804,1.788,1.777,1.763,1.742,1.698,1.641,1.559,1.509,1.469,1.422,1.366,1.309,1.247,1.141,1.06,1.008,0.949,0.908,0.869,0.825,0.795,0.762,0.73,0.693,0.67,0.652,0.629,0.607,0.585,0.566,0.535,0.524,0.505,0.494,0.473,0.46,0.454,0.435,0.423,0.419,0.413,0.397,0.379,0.376,0.37,0.351,0.346,0.342,0.326,0.317,0.315,0.302,0.3,0.292,0.289,0.277,0.271,0.264,0.254,0.256,0.25,0.244,0.238,0.223,0.22,0.22,0.217,0.212,0.206,0.204,0.202,0.194,0.188,0.188,0.18,0.176,0.176,0.166,0.164,0.162,0.161,0.161,0.146,0.152,0.147,0.141
2.653,2.307,2.307,2.307,2.307,2.306,2.306,2.306,2.307,2.307,2.307,2.307,2.307,2.306,2.307,2.307,2.306,2.307,2.306,2.306,2.307,2.307,2.307,2.306,2.306,2.306,2.306,2.307,2.307,2.306,2.307,2.307,2.307,2.306,2.307,2.307,2.306,2.306,2.306,2.307,2.306,2.307,2.307,2.306,2.307,2.307,2.307,2.306,2.306,2.307,2.307,2.307,2.306,2.307,2.307,2.307,2.306,2.307,2.307,2.306,2.307,2.307,2.306,2.307,2.307,2.307,2.307,2.306,2.307,2.307,2.307,2.307,2.307,2.307,2.307,2.307,2.307,2.307,2.306,2.307,2.307,2.307,2.307,2.307,2.307,2.307,2.306,2.307,2.307,2.307,2.306,2.307,2.307,2.306,2.307,2.307,2.307,2.307,2.306,2.307

train_acc1
10.476,11.786,13.142,14.55,16.438,18.496,19.426,20.05,20.414,21.612,23.296,24.788,25.478,26.56,26.756,27.144,28.136,30.27,32.758,34.642,37.008,38.922,41.0,43.524,46.172,49.588,53.744,59.092,62.51,64.876,67.362,69.286,70.982,72.438,74.03,75.178,76.45,77.47,78.5,79.088,79.912,80.786,81.334,81.91,83.072,83.278,83.992,84.516,84.928,85.274,85.55,86.09,86.472,86.804,86.934,87.412,87.75,88.03,88.396,88.748,89.07,89.07,89.594,89.982,90.022,90.424,90.408,90.766,90.73,91.144,91.396,91.58,91.77,91.942,92.05,92.068,92.372,92.784,92.858,93.016,93.096,93.194,93.466,93.472,93.698,93.786,94.016,94.034,94.24,94.298,94.396,94.718,94.762,94.894,94.772,94.958,95.354,95.128,95.278,95.486
9.976,9.826,9.952,10.156,9.69,9.986,10.046,10.202,9.556,10.106,9.85,9.822,10.04,10.036,9.874,9.938,10.076,10.132,9.81,10.0,9.882,10.162,9.874,9.962,10.206,10.17,9.97,9.732,9.876,9.858,9.902,9.766,9.924,9.878,10.062,9.772,10.282,10.194,10.152,9.962,10.142,10.004,9.64,9.986,10.076,10.06,10.002,10.15,9.966,9.884,9.946,9.938,10.17,10.08,9.994,9.974,10.0,10.102,9.994,9.962,9.874,9.89,9.968,9.896,9.918,10.332,9.942,10.23,9.926,9.886,10.044,9.862,9.942,9.994,9.882,9.804,9.856,9.754,9.916,9.942,9.97,9.98,10.02,9.722,9.768,10.008,9.996,9.972,9.856,9.808,10.152,9.73,9.902,9.972,10.04,9.976,9.97,9.932,10.16,9.822

val_acc1
9.95,10.42,10.52,12.77,18.34,18.17,18.86,18.14,22.66,18.25,20.71,25.45,21.89,28.92,25.91,23.14,23.16,28.46,37.46,29.82,31.36,34.76,42.25,28.1,47.41,53.21,50.2,57.77,56.71,66.48,53.45,60.66,72.04,64.62,68.62,72.78,74.85,76.08,74.09,71.14,76.51,78.56,76.31,72.79,80.86,76.65,79.82,78.63,80.65,81.71,81.35,78.84,82.66,83.24,76.96,82.09,76.9,83.56,84.09,81.05,84.15,84.91,84.09,84.89,86.1,84.62,82.81,85.94,85.97,84.72,85.44,83.4,83.96,85.91,80.48,86.59,85.75,83.73,85.95,86.68,85.33,86.01,86.48,85.64,86.14,86.76,85.94,87.51,85.76,85.77,84.56,86.89,83.02,83.51,86.14,86.91,85.37,87.86,84.19,87.47
10.03,10.0,10.04,10.02,10.01,10.01,10.0,10.02,10.0,10.01,10.01,10.02,10.01,9.99,10.01,10.02,10.0,10.02,10.0,10.01,10.0,10.01,10.03,10.01,10.01,10.01,10.01,10.02,10.01,10.02,10.01,10.0,10.01,10.0,10.02,10.01,10.0,10.01,10.01,10.01,10.03,10.0,10.02,10.01,10.01,10.0,10.0,10.0,10.01,10.0,10.0,10.0,10.02,10.0,10.01,10.0,10.04,10.03,10.02,10.0,10.01,10.01,10.0,10.0,10.01,10.02,10.01,10.01,10.0,10.01,10.0,10.01,10.0,10.01,10.0,10.01,10.01,10.0,10.01,10.01,10.0,10.01,10.02,10.01,10.01,10.01,10.0,10.02,9.98,10.0,10.03,10.0,10.03,10.01,10.0,10.01,10.0,10.02,10.0,10.0

val_loss
2.33,2.314,2.382,2.258,2.038,1.99,1.938,1.927,1.923,1.966,1.827,1.798,1.935,1.716,1.972,2.235,2.014,1.73,1.612,2.097,1.711,1.576,1.438,2.684,1.436,1.278,1.46,1.321,1.424,1.018,1.424,1.244,0.869,1.132,1.078,0.908,0.853,0.827,0.894,0.975,0.766,0.741,0.771,1.003,0.646,0.832,0.711,0.733,0.667,0.618,0.626,0.707,0.588,0.548,0.766,0.636,0.848,0.557,0.531,0.616,0.526,0.513,0.563,0.53,0.483,0.536,0.624,0.463,0.516,0.535,0.525,0.614,0.586,0.502,0.681,0.483,0.53,0.644,0.514,0.481,0.537,0.527,0.488,0.547,0.522,0.54,0.534,0.484,0.558,0.571,0.613,0.523,0.674,0.688,0.528,0.516,0.583,0.476,0.64,0.481
2.306,2.31,2.308,2.309,2.31,2.306,2.31,2.307,2.311,2.307,2.306,2.309,2.307,2.309,2.305,2.308,2.307,2.311,2.308,2.308,2.306,2.311,2.306,2.315,2.309,2.307,2.307,2.305,2.309,2.308,2.313,2.308,2.309,2.309,2.309,2.306,2.31,2.306,2.309,2.311,2.309,2.306,2.307,2.316,2.306,2.31,2.31,2.308,2.305,2.307,2.309,2.313,2.311,2.308,2.308,2.309,2.311,2.305,2.309,2.305,2.306,2.306,2.307,2.307,2.305,2.307,2.308,2.306,2.303,2.307,2.31,2.308,2.313,2.307,2.307,2.307,2.313,2.308,2.306,2.31,2.307,2.308,2.305,2.307,2.309,2.31,2.31,2.308,2.308,2.305,2.309,2.306,2.312,2.306,2.305,2.304,2.306,2.305,2.306,2.31

learning_rate
2.0,2.0,2.0,2.0,2.0,2.0,2.0,2.0,2.0,2.0,2.0,2.0,2.0,2.0,2.0,2.0,2.0,2.0,2.0,2.0,2.0,2.0,2.0,2.0,2.0,2.0,2.0,2.0,2.0,2.0,2.0,2.0,2.0,2.0,2.0,2.0,2.0,2.0,2.0,2.0,2.0,2.0,2.0,2.0,2.0,2.0,2.0,2.0,2.0,2.0,2.0,2.0,2.0,2.0,2.0,2.0,2.0,2.0,2.0,2.0,2.0,2.0,2.0,2.0,2.0,2.0,2.0,2.0,2.0,2.0,2.0,2.0,2.0,2.0,2.0,2.0,2.0,2.0,2.0,2.0,2.0,2.0,2.0,2.0,2.0,2.0,2.0,2.0,2.0,2.0,2.0,2.0,2.0,2.0,2.0,2.0,2.0,2.0,2.0,2.0
2.0,2.0,2.0,2.0,2.0,2.0,2.0,2.0,2.0,2.0,2.0,2.0,2.0,2.0,2.0,2.0,2.0,2.0,2.0,2.0,2.0,2.0,2.0,2.0,2.0,2.0,2.0,2.0,2.0,2.0,2.0,2.0,2.0,2.0,2.0,2.0,2.0,2.0,2.0,2.0,2.0,2.0,2.0,2.0,2.0,2.0,2.0,2.0,2.0,2.0,2.0,2.0,2.0,2.0,2.0,2.0,2.0,2.0,2.0,2.0,2.0,2.0,2.0,2.0,2.0,2.0,2.0,2.0,2.0,2.0,2.0,2.0,2.0,2.0,2.0,2.0,2.0,2.0,2.0,2.0,2.0,2.0,2.0,2.0,2.0,2.0,2.0,2.0,2.0,2.0,2.0,2.0,2.0,2.0,2.0,2.0,2.0,2.0,2.0,2.0

