parameters
tas_alpha:25
tas_beta:0.3
tas_gamma:0.02
sgd_lr:0.05
sgd_momentum:0.9
sgd_weight_decay:0
sgd_dampening:0
sgd_nesterov:True
architecture:vgg19bn_
dataset:cifar10
combine_datasets:False
do_validation_set:False
epochs:10
batch_size:128
test_set_split:0.1666667
validation_set_split:0.0
reduce_train_set:1
executions:2
base_seed:1230
training_method:sgd
learning_method:tas

train_loss
2.305,1.733,1.339,1.032,0.823,0.747,0.725,0.714,0.7,0.684
2.211,1.769,1.556,1.307,1.095,1.016,0.994,0.977,0.966,0.942

train_acc1
16.892,34.568,50.916,63.54,70.908,73.698,74.372,74.804,75.364,75.916
19.248,32.24,40.91,52.056,60.564,63.416,64.124,64.606,65.372,66.09

val_acc1
28.72,37.14,55.09,60.6,71.83,74.31,74.32,74.96,75.47,75.52
25.27,37.25,42.74,55.85,61.74,63.2,64.67,65.23,65.74,66.49

val_loss
1.85,1.759,1.304,1.228,0.795,0.739,0.726,0.705,0.709,0.69
2.375,1.672,1.599,1.238,1.06,1.008,0.979,0.961,0.963,0.939

learning_rate
0.049973,0.049672,0.046283,0.0255,0.004717,0.001328,0.001027,0.001002,0.001,0.001
0.049973,0.049672,0.046283,0.0255,0.004717,0.001328,0.001027,0.001002,0.001,0.001

