parameters
tas_alpha:25
tas_beta:0.7
tas_gamma:0.02
sgd_lr:0.05
sgd_momentum:0.9
sgd_weight_decay:0
sgd_dampening:0
sgd_nesterov:True
architecture:vgg19bn_
dataset:cifar10
combine_datasets:False
do_validation_set:False
epochs:15
batch_size:128
test_set_split:0.1666667
validation_set_split:0.0
reduce_train_set:1
executions:2
base_seed:1230
training_method:sgd
learning_method:tas

train_loss
2.281,1.834,1.607,1.33,1.073,0.875,0.745,0.659,0.586,0.524,0.45,0.371,0.313,0.293,0.281
2.248,1.771,1.518,1.258,1.033,0.863,0.754,0.665,0.598,0.534,0.464,0.382,0.327,0.303,0.295

train_acc1
16.65,27.906,38.762,51.372,61.824,69.314,74.218,77.552,80.064,82.198,84.76,87.256,89.35,89.936,90.488
17.408,31.874,43.196,54.334,63.446,69.616,73.758,77.15,79.462,81.954,84.176,86.996,88.816,89.574,89.898

val_acc1
22.95,33.36,41.46,54.23,65.75,68.56,75.13,75.64,78.78,74.75,82.87,84.99,86.84,87.04,87.16
26.45,39.42,48.02,52.79,65.25,67.53,74.15,77.21,78.42,79.54,83.3,85.22,86.55,86.73,86.76

val_loss
2.009,1.768,1.67,1.252,0.994,0.914,0.729,0.718,0.631,0.796,0.499,0.443,0.397,0.387,0.379
1.943,1.592,1.453,1.441,0.976,0.941,0.754,0.667,0.65,0.63,0.501,0.435,0.414,0.41,0.402

learning_rate
0.05,0.05,0.05,0.05,0.049999,0.049995,0.049973,0.049857,0.049252,0.046283,0.035156,0.015844,0.004717,0.001748,0.001143
0.05,0.05,0.05,0.05,0.049999,0.049995,0.049973,0.049857,0.049252,0.046283,0.035156,0.015844,0.004717,0.001748,0.001143

