parameters
tas_alpha:10
tas_beta:0.3
tas_gamma:0.02
sgd_lr:0.05
sgd_momentum:0.9
sgd_weight_decay:0
sgd_dampening:0
sgd_nesterov:True
architecture:vgg19bn_
dataset:cifar10
combine_datasets:False
do_validation_set:False
epochs:100
batch_size:128
test_set_split:0.1666667
validation_set_split:0.0
reduce_train_set:1
executions:2
base_seed:1230
training_method:sgd
learning_method:tas

train_loss
2.182,1.757,1.526,1.284,1.044,0.857,0.728,0.639,0.578,0.523,0.479,0.441,0.408,0.378,0.349,0.33,0.303,0.283,0.266,0.244,0.228,0.214,0.195,0.182,0.171,0.158,0.147,0.133,0.122,0.115,0.104,0.097,0.091,0.08,0.075,0.066,0.058,0.053,0.049,0.047,0.041,0.033,0.032,0.031,0.027,0.023,0.021,0.02,0.019,0.014,0.015,0.015,0.012,0.012,0.012,0.01,0.01,0.008,0.008,0.006,0.008,0.006,0.006,0.006,0.006,0.005,0.005,0.005,0.005,0.005,0.005,0.004,0.004,0.004,0.004,0.004,0.004,0.005,0.004,0.004,0.004,0.003,0.004,0.004,0.004,0.003,0.003,0.004,0.004,0.003,0.003,0.003,0.003,0.003,0.004,0.003,0.003,0.003,0.003,0.003
2.229,1.816,1.528,1.195,0.97,0.813,0.71,0.632,0.573,0.519,0.475,0.434,0.409,0.374,0.343,0.329,0.298,0.284,0.262,0.245,0.228,0.216,0.197,0.183,0.166,0.16,0.148,0.132,0.125,0.111,0.105,0.101,0.087,0.079,0.074,0.066,0.057,0.055,0.049,0.047,0.04,0.035,0.032,0.031,0.028,0.024,0.023,0.021,0.018,0.016,0.014,0.014,0.013,0.012,0.011,0.01,0.011,0.008,0.008,0.009,0.008,0.007,0.007,0.007,0.006,0.007,0.006,0.005,0.006,0.006,0.005,0.004,0.004,0.004,0.004,0.004,0.005,0.004,0.004,0.004,0.004,0.004,0.004,0.003,0.004,0.004,0.003,0.003,0.003,0.003,0.003,0.003,0.004,0.003,0.003,0.003,0.003,0.004,0.003,0.003

train_acc1
20.902,32.986,42.944,53.404,63.05,70.048,74.98,77.924,80.328,82.208,83.724,85.004,86.19,87.154,88.152,88.76,89.632,90.346,90.82,91.622,92.128,92.592,93.204,93.672,94.272,94.566,94.884,95.468,95.792,96.048,96.456,96.578,96.746,97.3,97.422,97.668,97.932,98.15,98.292,98.422,98.494,98.846,98.878,98.878,99.108,99.204,99.28,99.304,99.364,99.532,99.486,99.482,99.592,99.576,99.612,99.656,99.708,99.724,99.712,99.814,99.752,99.79,99.79,99.796,99.8,99.804,99.816,99.826,99.832,99.83,99.864,99.864,99.874,99.856,99.824,99.86,99.852,99.842,99.876,99.858,99.866,99.888,99.868,99.852,99.872,99.9,99.904,99.874,99.884,99.894,99.898,99.908,99.886,99.89,99.868,99.888,99.896,99.902,99.904,99.904
18.182,30.232,42.378,57.244,66.004,71.718,75.622,78.34,80.544,82.526,84.074,85.382,86.36,87.404,88.4,88.958,89.9,90.472,91.156,91.804,92.276,92.572,93.25,93.734,94.296,94.498,94.954,95.41,95.79,96.214,96.292,96.532,97.01,97.326,97.456,97.782,98.074,98.14,98.364,98.45,98.622,98.788,98.844,98.966,99.012,99.198,99.256,99.25,99.424,99.46,99.558,99.53,99.56,99.652,99.632,99.656,99.658,99.722,99.748,99.728,99.7,99.774,99.782,99.768,99.778,99.786,99.822,99.812,99.796,99.828,99.86,99.848,99.872,99.852,99.864,99.87,99.84,99.852,99.862,99.872,99.852,99.85,99.866,99.906,99.854,99.86,99.896,99.898,99.908,99.894,99.898,99.884,99.854,99.876,99.898,99.888,99.908,99.866,99.92,99.914

val_acc1
28.59,37.9,46.49,53.48,66.22,70.33,75.87,78.06,79.16,80.41,82.52,83.33,83.57,84.17,84.34,85.08,84.46,85.86,86.86,86.72,86.95,87.46,87.78,87.22,88.1,88.41,88.34,87.85,89.29,88.16,89.37,89.17,89.18,89.49,89.61,89.51,89.36,89.95,89.28,89.99,90.24,90.21,89.84,90.27,90.31,90.3,90.48,90.37,90.39,90.63,90.61,90.7,90.5,90.53,90.52,90.73,90.68,90.28,90.79,90.77,90.86,90.77,90.73,90.76,90.73,90.67,90.75,90.71,90.78,90.76,90.87,90.8,90.88,90.85,90.76,90.87,90.75,90.86,90.8,90.83,90.87,90.8,90.87,90.85,90.79,90.91,90.68,90.82,90.72,90.82,90.87,90.89,90.92,90.9,90.83,90.82,90.9,90.9,90.84,90.76
26.08,35.94,49.11,56.06,70.35,68.8,75.63,76.42,80.16,79.83,82.59,83.2,82.37,85.21,84.39,83.62,86.59,86.75,86.87,86.52,86.09,87.37,88.41,88.21,88.36,88.87,88.98,88.37,89.21,89.03,89.38,89.04,88.77,89.61,89.18,90.03,89.46,89.62,89.59,90.09,89.83,90.15,90.17,90.21,90.27,90.39,90.59,90.51,90.78,90.81,90.79,90.83,90.8,91.02,90.85,90.83,90.76,90.7,90.87,90.78,90.8,90.74,90.81,90.86,90.81,90.97,90.84,90.93,90.99,91.0,91.05,90.99,90.82,90.96,90.96,91.04,90.86,90.8,90.87,90.93,91.1,90.87,91.09,91.05,91.16,91.22,91.12,91.17,91.1,91.07,91.15,91.13,91.07,91.07,91.19,91.16,91.1,91.16,91.09,91.05

val_loss
1.851,1.778,1.525,1.331,0.93,0.886,0.692,0.642,0.628,0.589,0.521,0.498,0.502,0.489,0.477,0.446,0.489,0.422,0.406,0.411,0.404,0.396,0.394,0.427,0.379,0.385,0.387,0.42,0.38,0.414,0.38,0.41,0.408,0.417,0.407,0.413,0.43,0.436,0.464,0.431,0.436,0.457,0.479,0.455,0.487,0.495,0.486,0.479,0.494,0.505,0.514,0.497,0.487,0.504,0.511,0.518,0.514,0.541,0.524,0.541,0.545,0.55,0.548,0.566,0.553,0.55,0.58,0.563,0.565,0.57,0.571,0.569,0.577,0.577,0.58,0.58,0.581,0.588,0.581,0.593,0.586,0.595,0.583,0.587,0.591,0.597,0.596,0.594,0.6,0.596,0.601,0.596,0.595,0.604,0.6,0.599,0.604,0.594,0.612,0.6
1.917,1.644,1.411,1.28,0.858,0.95,0.722,0.711,0.603,0.634,0.524,0.489,0.548,0.457,0.475,0.505,0.419,0.408,0.415,0.425,0.462,0.408,0.371,0.372,0.373,0.369,0.38,0.392,0.379,0.392,0.372,0.4,0.435,0.401,0.426,0.397,0.429,0.434,0.437,0.431,0.441,0.46,0.479,0.463,0.478,0.479,0.463,0.463,0.47,0.473,0.495,0.483,0.488,0.503,0.491,0.52,0.511,0.53,0.522,0.535,0.534,0.529,0.532,0.54,0.528,0.536,0.535,0.544,0.543,0.537,0.556,0.548,0.57,0.563,0.561,0.575,0.568,0.579,0.577,0.567,0.581,0.589,0.577,0.581,0.573,0.596,0.574,0.581,0.589,0.581,0.587,0.594,0.591,0.596,0.595,0.581,0.593,0.589,0.592,0.602

learning_rate
0.047676,0.047444,0.047191,0.046914,0.046612,0.046283,0.045925,0.045535,0.045112,0.044654,0.044159,0.043625,0.043049,0.042431,0.041769,0.041061,0.040307,0.039506,0.038658,0.037763,0.036822,0.035837,0.034809,0.033741,0.032637,0.031501,0.030336,0.029148,0.027942,0.026724,0.0255,0.024276,0.023058,0.021852,0.020664,0.019499,0.018363,0.017259,0.016191,0.015163,0.014178,0.013237,0.012342,0.011494,0.010693,0.009939,0.009231,0.008569,0.007951,0.007375,0.006841,0.006346,0.005888,0.005465,0.005075,0.004717,0.004388,0.004086,0.003809,0.003556,0.003324,0.003112,0.002919,0.002743,0.002582,0.002436,0.002303,0.002182,0.002072,0.001972,0.001881,0.001799,0.001724,0.001656,0.001594,0.001538,0.001488,0.001442,0.0014,0.001362,0.001328,0.001297,0.001269,0.001243,0.00122,0.001199,0.001181,0.001163,0.001148,0.001134,0.001121,0.00111,0.001099,0.00109,0.001081,0.001074,0.001067,0.00106,0.001055,0.001049
0.047676,0.047444,0.047191,0.046914,0.046612,0.046283,0.045925,0.045535,0.045112,0.044654,0.044159,0.043625,0.043049,0.042431,0.041769,0.041061,0.040307,0.039506,0.038658,0.037763,0.036822,0.035837,0.034809,0.033741,0.032637,0.031501,0.030336,0.029148,0.027942,0.026724,0.0255,0.024276,0.023058,0.021852,0.020664,0.019499,0.018363,0.017259,0.016191,0.015163,0.014178,0.013237,0.012342,0.011494,0.010693,0.009939,0.009231,0.008569,0.007951,0.007375,0.006841,0.006346,0.005888,0.005465,0.005075,0.004717,0.004388,0.004086,0.003809,0.003556,0.003324,0.003112,0.002919,0.002743,0.002582,0.002436,0.002303,0.002182,0.002072,0.001972,0.001881,0.001799,0.001724,0.001656,0.001594,0.001538,0.001488,0.001442,0.0014,0.001362,0.001328,0.001297,0.001269,0.001243,0.00122,0.001199,0.001181,0.001163,0.001148,0.001134,0.001121,0.00111,0.001099,0.00109,0.001081,0.001074,0.001067,0.00106,0.001055,0.001049

