parameters
sgd_lr:0.01
sgd_momentum:0
sgd_weight_decay:0
sgd_dampening:0
sgd_nesterov:False
architecture:vgg19bn_
dataset:cifar10
combine_datasets:False
do_validation_set:False
epochs:100
batch_size:128
test_set_split:0.1666667
validation_set_split:0.0
reduce_train_set:1
executions:2
base_seed:1230
training_method:sgd
learning_method:constant

train_loss
1.831,1.431,1.224,1.087,0.986,0.9,0.831,0.777,0.733,0.69,0.657,0.625,0.6,0.571,0.546,0.531,0.505,0.49,0.473,0.452,0.442,0.424,0.41,0.395,0.384,0.371,0.355,0.347,0.335,0.324,0.315,0.307,0.294,0.284,0.276,0.269,0.26,0.252,0.245,0.237,0.229,0.219,0.216,0.211,0.203,0.195,0.192,0.186,0.177,0.172,0.17,0.162,0.155,0.155,0.151,0.15,0.137,0.138,0.133,0.127,0.121,0.121,0.117,0.111,0.108,0.107,0.107,0.098,0.101,0.095,0.095,0.087,0.086,0.084,0.081,0.078,0.079,0.078,0.076,0.071,0.074,0.068,0.066,0.065,0.06,0.058,0.063,0.061,0.059,0.058,0.057,0.052,0.052,0.056,0.051,0.054,0.048,0.05,0.046,0.049
1.808,1.412,1.22,1.091,0.993,0.901,0.835,0.781,0.736,0.697,0.66,0.628,0.604,0.577,0.552,0.532,0.51,0.491,0.473,0.456,0.441,0.427,0.412,0.397,0.383,0.374,0.364,0.352,0.337,0.325,0.317,0.309,0.298,0.287,0.279,0.27,0.265,0.253,0.248,0.238,0.239,0.224,0.221,0.214,0.202,0.202,0.193,0.19,0.18,0.178,0.17,0.165,0.159,0.156,0.15,0.144,0.14,0.136,0.133,0.128,0.127,0.121,0.119,0.113,0.113,0.109,0.111,0.1,0.097,0.098,0.092,0.093,0.086,0.086,0.083,0.08,0.079,0.077,0.072,0.072,0.072,0.066,0.068,0.068,0.064,0.057,0.064,0.064,0.06,0.054,0.059,0.055,0.05,0.052,0.052,0.052,0.048,0.05,0.045,0.044

train_acc1
29.482,46.966,55.158,60.688,64.412,67.81,70.14,72.364,74.002,75.73,76.852,77.92,78.878,79.906,80.722,81.388,82.194,82.85,83.406,84.028,84.478,85.228,85.486,86.0,86.53,86.914,87.426,87.74,88.324,88.638,88.864,89.224,89.59,89.934,90.236,90.464,90.682,91.058,91.378,91.572,91.85,92.254,92.34,92.392,92.706,93.058,93.08,93.404,93.856,93.83,94.008,94.284,94.452,94.462,94.576,94.728,95.192,95.094,95.264,95.406,95.688,95.75,95.884,96.036,96.128,96.13,96.262,96.516,96.428,96.646,96.666,96.94,96.996,96.964,97.136,97.228,97.164,97.206,97.244,97.516,97.298,97.612,97.638,97.74,97.83,97.926,97.8,97.826,97.92,97.946,98.036,98.166,98.186,98.026,98.18,98.11,98.328,98.174,98.35,98.256
31.018,47.622,55.702,60.596,64.236,67.852,70.286,72.178,73.982,75.514,76.748,78.08,78.834,79.728,80.718,81.32,82.1,82.748,83.426,83.986,84.508,84.936,85.598,86.042,86.516,86.834,87.124,87.58,88.194,88.55,88.806,89.074,89.502,89.974,90.328,90.462,90.722,91.042,91.316,91.58,91.58,92.034,92.146,92.502,92.916,92.838,93.204,93.266,93.638,93.534,93.934,94.066,94.274,94.442,94.594,94.912,94.994,95.166,95.3,95.48,95.482,95.604,95.762,95.886,96.044,96.19,95.974,96.308,96.5,96.646,96.676,96.67,96.988,96.94,97.076,97.134,97.242,97.408,97.466,97.458,97.484,97.654,97.568,97.576,97.814,97.972,97.814,97.78,97.91,98.13,97.886,98.07,98.23,98.218,98.174,98.168,98.272,98.242,98.468,98.502

val_acc1
38.2,52.29,58.14,59.64,65.26,67.44,70.18,69.73,72.44,73.45,72.01,74.29,74.37,76.66,78.35,79.06,77.37,78.59,79.44,79.43,79.67,81.16,76.0,79.29,81.9,80.78,81.69,82.68,82.4,83.1,81.07,82.43,81.64,82.61,82.68,84.18,82.72,83.67,83.89,82.98,84.15,84.11,83.51,82.49,84.5,82.24,84.62,83.28,84.73,84.7,85.1,83.4,84.96,83.56,84.72,84.32,84.35,84.89,85.44,85.49,85.06,85.06,85.54,85.59,85.21,84.66,84.2,85.32,85.33,85.08,85.71,85.12,84.19,85.14,85.46,85.86,84.91,86.37,85.64,85.12,85.87,85.05,85.41,84.84,85.93,84.63,84.56,86.42,85.6,86.72,86.15,86.16,85.8,86.49,85.98,86.64,85.49,85.82,85.97,86.13
39.02,52.53,57.99,56.67,66.96,67.14,68.07,71.88,73.28,71.6,75.38,74.79,74.23,77.43,77.6,77.04,77.73,79.7,80.33,80.65,79.13,80.77,80.12,81.01,81.89,82.04,82.45,81.44,80.55,82.51,81.76,80.01,81.56,80.38,82.0,83.04,82.48,83.15,83.21,83.87,82.98,83.33,83.69,82.91,83.43,83.35,83.86,83.8,83.48,82.84,83.78,83.8,83.77,84.66,84.39,83.76,84.36,84.63,84.58,84.15,83.62,84.36,84.8,84.7,84.85,83.66,83.88,85.33,85.53,85.08,85.62,85.63,85.3,84.31,85.72,85.05,85.99,84.9,85.78,85.58,85.79,85.68,85.78,85.7,85.28,85.22,85.07,85.71,85.46,85.46,85.77,85.76,85.22,85.86,85.22,86.18,84.5,86.72,84.78,85.52

val_loss
1.641,1.303,1.165,1.119,0.971,0.923,0.829,0.877,0.788,0.77,0.817,0.747,0.748,0.69,0.619,0.617,0.672,0.638,0.624,0.619,0.608,0.563,0.721,0.632,0.542,0.57,0.574,0.539,0.542,0.524,0.601,0.56,0.576,0.557,0.548,0.502,0.576,0.546,0.522,0.568,0.544,0.527,0.568,0.636,0.543,0.639,0.532,0.601,0.544,0.547,0.538,0.589,0.546,0.597,0.544,0.595,0.598,0.569,0.555,0.563,0.563,0.569,0.558,0.571,0.574,0.618,0.668,0.6,0.581,0.597,0.579,0.598,0.673,0.624,0.61,0.607,0.654,0.576,0.595,0.676,0.63,0.631,0.648,0.65,0.635,0.702,0.722,0.612,0.642,0.599,0.642,0.654,0.661,0.627,0.647,0.61,0.656,0.624,0.671,0.649
1.662,1.283,1.171,1.247,0.925,0.936,0.888,0.798,0.763,0.818,0.704,0.727,0.747,0.671,0.632,0.665,0.676,0.593,0.582,0.557,0.624,0.558,0.587,0.577,0.554,0.529,0.53,0.574,0.596,0.543,0.557,0.633,0.577,0.618,0.565,0.556,0.561,0.543,0.545,0.524,0.551,0.56,0.548,0.593,0.555,0.568,0.541,0.563,0.593,0.589,0.574,0.575,0.591,0.545,0.568,0.607,0.594,0.57,0.582,0.61,0.628,0.6,0.583,0.603,0.572,0.653,0.65,0.611,0.586,0.583,0.595,0.575,0.602,0.647,0.59,0.634,0.626,0.64,0.597,0.65,0.611,0.601,0.599,0.612,0.625,0.655,0.66,0.637,0.626,0.647,0.64,0.636,0.663,0.661,0.66,0.613,0.74,0.622,0.699,0.681

learning_rate
0.01,0.01,0.01,0.01,0.01,0.01,0.01,0.01,0.01,0.01,0.01,0.01,0.01,0.01,0.01,0.01,0.01,0.01,0.01,0.01,0.01,0.01,0.01,0.01,0.01,0.01,0.01,0.01,0.01,0.01,0.01,0.01,0.01,0.01,0.01,0.01,0.01,0.01,0.01,0.01,0.01,0.01,0.01,0.01,0.01,0.01,0.01,0.01,0.01,0.01,0.01,0.01,0.01,0.01,0.01,0.01,0.01,0.01,0.01,0.01,0.01,0.01,0.01,0.01,0.01,0.01,0.01,0.01,0.01,0.01,0.01,0.01,0.01,0.01,0.01,0.01,0.01,0.01,0.01,0.01,0.01,0.01,0.01,0.01,0.01,0.01,0.01,0.01,0.01,0.01,0.01,0.01,0.01,0.01,0.01,0.01,0.01,0.01,0.01,0.01
0.01,0.01,0.01,0.01,0.01,0.01,0.01,0.01,0.01,0.01,0.01,0.01,0.01,0.01,0.01,0.01,0.01,0.01,0.01,0.01,0.01,0.01,0.01,0.01,0.01,0.01,0.01,0.01,0.01,0.01,0.01,0.01,0.01,0.01,0.01,0.01,0.01,0.01,0.01,0.01,0.01,0.01,0.01,0.01,0.01,0.01,0.01,0.01,0.01,0.01,0.01,0.01,0.01,0.01,0.01,0.01,0.01,0.01,0.01,0.01,0.01,0.01,0.01,0.01,0.01,0.01,0.01,0.01,0.01,0.01,0.01,0.01,0.01,0.01,0.01,0.01,0.01,0.01,0.01,0.01,0.01,0.01,0.01,0.01,0.01,0.01,0.01,0.01,0.01,0.01,0.01,0.01,0.01,0.01,0.01,0.01,0.01,0.01,0.01,0.01

