parameters
tas_alpha:25
tas_beta:0.7
tas_gamma:0.02
sgd_lr:0.05
sgd_momentum:0.9
sgd_weight_decay:0
sgd_dampening:0
sgd_nesterov:True
architecture:vgg19bn_
dataset:cifar10
combine_datasets:False
do_validation_set:False
epochs:25
batch_size:128
test_set_split:0.1666667
validation_set_split:0.0
reduce_train_set:1
executions:2
base_seed:1230
training_method:sgd
learning_method:tas

train_loss
2.267,1.733,1.503,1.264,1.059,0.897,0.772,0.679,0.607,0.551,0.502,0.464,0.433,0.394,0.365,0.343,0.305,0.264,0.215,0.178,0.151,0.141,0.134,0.132,0.129
2.417,1.85,1.458,1.079,0.846,0.702,0.611,0.54,0.493,0.447,0.409,0.381,0.352,0.324,0.298,0.28,0.242,0.208,0.164,0.126,0.106,0.095,0.092,0.088,0.084

train_acc1
17.816,34.51,44.378,54.734,62.706,68.32,73.216,76.692,79.176,81.298,82.948,84.292,85.292,86.676,87.644,88.386,89.626,91.042,92.65,93.944,94.764,95.25,95.428,95.536,95.646
11.85,28.068,45.72,61.944,70.598,76.14,78.986,81.718,83.428,84.9,86.262,87.15,88.04,89.02,89.94,90.508,91.83,92.926,94.358,95.82,96.404,96.826,96.924,97.05,97.198

val_acc1
30.51,42.24,47.29,52.31,64.23,68.46,73.26,75.64,79.34,80.64,83.84,82.21,83.93,83.44,84.28,85.01,84.85,87.23,88.33,88.99,89.43,89.47,89.57,89.54,89.61
19.24,33.48,50.28,60.15,74.13,71.61,76.67,79.72,81.77,83.23,82.95,82.42,82.11,86.66,85.71,86.75,85.55,88.02,89.14,90.04,90.16,90.43,90.47,90.35,90.44

val_loss
2.127,1.562,1.465,1.526,1.013,0.927,0.775,0.707,0.611,0.58,0.495,0.524,0.489,0.487,0.472,0.473,0.473,0.384,0.367,0.346,0.348,0.348,0.346,0.352,0.353
2.231,1.791,1.474,1.198,0.756,0.849,0.706,0.594,0.561,0.514,0.51,0.532,0.574,0.417,0.436,0.407,0.442,0.382,0.359,0.334,0.334,0.33,0.333,0.338,0.342

learning_rate
0.05,0.05,0.05,0.05,0.05,0.05,0.05,0.049999,0.049996,0.04999,0.049973,0.049926,0.049801,0.049462,0.048564,0.046283,0.041061,0.031501,0.019499,0.009939,0.004717,0.002436,0.001538,0.001199,0.001074
0.05,0.05,0.05,0.05,0.05,0.05,0.05,0.049999,0.049996,0.04999,0.049973,0.049926,0.049801,0.049462,0.048564,0.046283,0.041061,0.031501,0.019499,0.009939,0.004717,0.002436,0.001538,0.001199,0.001074

