parameters
tas_alpha:25
tas_beta:0.5
tas_gamma:0.02
sgd_lr:0.05
sgd_momentum:0.9
sgd_weight_decay:0
sgd_dampening:0
sgd_nesterov:True
architecture:vgg19bn_
dataset:cifar10
combine_datasets:False
do_validation_set:False
epochs:100
batch_size:128
test_set_split:0.1666667
validation_set_split:0.0
reduce_train_set:1
executions:2
base_seed:1230
training_method:sgd
learning_method:tas

train_loss
2.317,1.723,1.438,1.145,0.928,0.77,0.672,0.591,0.539,0.495,0.451,0.421,0.391,0.36,0.334,0.318,0.294,0.277,0.259,0.238,0.225,0.213,0.201,0.188,0.177,0.169,0.159,0.145,0.139,0.132,0.121,0.116,0.111,0.104,0.1,0.093,0.088,0.081,0.078,0.073,0.071,0.062,0.061,0.055,0.048,0.045,0.036,0.036,0.029,0.026,0.023,0.018,0.014,0.013,0.01,0.009,0.007,0.006,0.006,0.005,0.005,0.004,0.004,0.003,0.004,0.004,0.004,0.003,0.003,0.003,0.003,0.003,0.003,0.003,0.002,0.003,0.003,0.003,0.003,0.003,0.003,0.003,0.002,0.003,0.002,0.002,0.002,0.002,0.003,0.002,0.003,0.002,0.002,0.002,0.002,0.002,0.002,0.002,0.002,0.002
2.384,1.938,1.798,1.559,1.286,1.015,0.842,0.735,0.654,0.588,0.533,0.485,0.444,0.411,0.375,0.355,0.33,0.313,0.287,0.269,0.253,0.24,0.221,0.209,0.196,0.185,0.178,0.164,0.151,0.145,0.14,0.132,0.123,0.115,0.109,0.106,0.1,0.092,0.087,0.083,0.078,0.072,0.067,0.062,0.057,0.049,0.045,0.039,0.035,0.029,0.026,0.022,0.016,0.015,0.012,0.01,0.007,0.006,0.007,0.005,0.005,0.004,0.004,0.003,0.004,0.003,0.003,0.003,0.003,0.003,0.003,0.003,0.004,0.004,0.003,0.003,0.004,0.003,0.003,0.003,0.003,0.003,0.003,0.003,0.002,0.002,0.002,0.003,0.002,0.002,0.003,0.002,0.003,0.003,0.002,0.003,0.002,0.002,0.003,0.003

train_acc1
16.426,34.526,46.874,59.068,67.408,73.37,76.952,79.774,81.724,83.292,84.674,85.852,86.846,87.838,88.668,89.148,90.06,90.574,91.224,91.796,92.29,92.762,93.102,93.442,93.992,94.14,94.482,95.04,95.274,95.462,95.83,95.93,96.26,96.418,96.47,96.82,96.978,97.228,97.356,97.508,97.558,97.848,97.91,98.094,98.326,98.436,98.782,98.794,99.002,99.092,99.22,99.398,99.53,99.556,99.63,99.698,99.756,99.796,99.778,99.834,99.826,99.868,99.88,99.898,99.876,99.884,99.86,99.922,99.906,99.908,99.88,99.898,99.918,99.914,99.94,99.904,99.902,99.916,99.914,99.912,99.914,99.93,99.914,99.9,99.908,99.916,99.932,99.918,99.92,99.928,99.916,99.94,99.922,99.95,99.934,99.934,99.928,99.93,99.932,99.924
12.392,22.546,28.684,40.086,52.88,63.936,70.438,74.538,77.77,80.262,82.168,83.716,85.058,86.176,87.298,88.076,88.886,89.508,90.238,90.906,91.298,91.876,92.562,92.874,93.308,93.72,93.896,94.334,94.84,95.112,95.244,95.524,95.772,96.086,96.248,96.354,96.582,96.79,97.008,97.16,97.376,97.508,97.738,97.946,98.052,98.368,98.508,98.696,98.758,99.03,99.126,99.28,99.442,99.498,99.598,99.708,99.752,99.786,99.76,99.816,99.846,99.846,99.85,99.868,99.872,99.886,99.918,99.89,99.904,99.898,99.902,99.916,99.876,99.866,99.92,99.902,99.898,99.91,99.922,99.93,99.904,99.914,99.926,99.918,99.928,99.94,99.916,99.906,99.928,99.916,99.928,99.928,99.926,99.906,99.922,99.904,99.932,99.908,99.922,99.91

val_acc1
31.89,41.1,52.09,62.54,71.18,75.4,76.2,80.47,80.29,80.9,81.85,83.55,84.93,85.28,85.7,85.71,84.36,86.86,87.14,87.13,86.27,87.13,87.55,87.32,87.91,88.19,88.99,88.8,89.01,88.6,88.51,89.11,86.86,88.59,88.99,89.82,88.92,88.94,88.84,89.91,90.12,89.65,90.12,89.69,90.43,89.91,90.58,90.3,90.71,90.79,90.54,90.93,90.93,91.21,91.26,91.29,91.35,91.42,91.4,91.42,91.36,91.31,91.42,91.46,91.43,91.48,91.3,91.36,91.48,91.41,91.41,91.49,91.54,91.57,91.62,91.62,91.53,91.56,91.52,91.63,91.54,91.62,91.6,91.53,91.64,91.49,91.58,91.59,91.53,91.52,91.52,91.6,91.46,91.57,91.59,91.66,91.53,91.62,91.55,91.69
19.78,24.38,34.93,43.38,56.54,67.02,68.31,75.06,78.39,78.14,79.88,82.47,82.54,84.76,84.08,84.78,83.82,86.49,85.69,85.22,85.69,86.77,86.84,87.44,87.87,88.62,87.88,88.4,87.88,88.59,88.72,88.58,88.69,89.05,88.26,88.8,88.48,89.1,89.78,89.85,89.38,89.74,89.25,90.13,90.02,89.6,90.0,89.59,90.28,90.67,90.63,90.74,90.79,90.87,91.0,91.23,91.11,91.07,91.28,91.33,91.26,91.31,91.24,91.24,91.15,91.34,91.31,91.3,91.23,91.26,91.27,91.34,91.27,91.12,91.21,91.14,91.27,91.35,91.26,91.32,91.34,91.22,91.25,91.15,91.27,91.27,91.21,91.25,91.28,91.35,91.37,91.4,91.22,91.29,91.27,91.34,91.25,91.2,91.3,91.16

val_loss
1.809,1.562,1.353,1.083,0.832,0.711,0.711,0.583,0.596,0.578,0.533,0.478,0.457,0.458,0.444,0.421,0.498,0.397,0.404,0.408,0.459,0.419,0.39,0.447,0.401,0.384,0.381,0.38,0.393,0.39,0.407,0.385,0.499,0.428,0.389,0.372,0.427,0.444,0.454,0.399,0.391,0.426,0.406,0.412,0.416,0.436,0.465,0.433,0.449,0.444,0.466,0.458,0.473,0.46,0.48,0.481,0.486,0.485,0.485,0.505,0.496,0.484,0.484,0.514,0.501,0.495,0.505,0.497,0.499,0.504,0.51,0.497,0.514,0.51,0.504,0.513,0.516,0.513,0.508,0.517,0.513,0.515,0.51,0.515,0.521,0.536,0.519,0.516,0.518,0.517,0.521,0.523,0.524,0.525,0.517,0.525,0.525,0.514,0.523,0.521
2.204,1.891,1.704,1.552,1.231,0.967,0.913,0.727,0.653,0.661,0.613,0.514,0.533,0.471,0.486,0.46,0.491,0.406,0.46,0.449,0.446,0.415,0.411,0.402,0.42,0.366,0.404,0.381,0.419,0.372,0.386,0.414,0.402,0.384,0.443,0.436,0.43,0.407,0.392,0.399,0.414,0.395,0.448,0.407,0.43,0.463,0.443,0.437,0.44,0.433,0.451,0.448,0.469,0.476,0.488,0.502,0.517,0.504,0.496,0.522,0.528,0.515,0.524,0.536,0.524,0.521,0.531,0.538,0.527,0.527,0.534,0.533,0.546,0.542,0.536,0.538,0.536,0.543,0.539,0.538,0.551,0.547,0.543,0.54,0.545,0.576,0.54,0.551,0.555,0.545,0.55,0.55,0.555,0.553,0.55,0.541,0.548,0.548,0.555,0.559

learning_rate
0.05,0.05,0.05,0.05,0.05,0.049999,0.049999,0.049999,0.049999,0.049998,0.049998,0.049997,0.049996,0.049995,0.049994,0.049992,0.04999,0.049987,0.049984,0.049979,0.049973,0.049965,0.049955,0.049943,0.049926,0.049906,0.049879,0.049845,0.049801,0.049744,0.049672,0.04958,0.049462,0.049311,0.049119,0.048874,0.048564,0.048171,0.047676,0.047056,0.046283,0.045328,0.044159,0.042746,0.041061,0.039088,0.036822,0.03428,0.031501,0.028547,0.0255,0.022453,0.019499,0.01672,0.014178,0.011912,0.009939,0.008254,0.006841,0.005672,0.004717,0.003944,0.003324,0.002829,0.002436,0.002126,0.001881,0.001689,0.001538,0.00142,0.001328,0.001256,0.001199,0.001155,0.001121,0.001094,0.001074,0.001057,0.001045,0.001035,0.001027,0.001021,0.001016,0.001013,0.00101,0.001008,0.001006,0.001005,0.001004,0.001003,0.001002,0.001002,0.001001,0.001001,0.001001,0.001001,0.001,0.001,0.001,0.001
0.05,0.05,0.05,0.05,0.05,0.049999,0.049999,0.049999,0.049999,0.049998,0.049998,0.049997,0.049996,0.049995,0.049994,0.049992,0.04999,0.049987,0.049984,0.049979,0.049973,0.049965,0.049955,0.049943,0.049926,0.049906,0.049879,0.049845,0.049801,0.049744,0.049672,0.04958,0.049462,0.049311,0.049119,0.048874,0.048564,0.048171,0.047676,0.047056,0.046283,0.045328,0.044159,0.042746,0.041061,0.039088,0.036822,0.03428,0.031501,0.028547,0.0255,0.022453,0.019499,0.01672,0.014178,0.011912,0.009939,0.008254,0.006841,0.005672,0.004717,0.003944,0.003324,0.002829,0.002436,0.002126,0.001881,0.001689,0.001538,0.00142,0.001328,0.001256,0.001199,0.001155,0.001121,0.001094,0.001074,0.001057,0.001045,0.001035,0.001027,0.001021,0.001016,0.001013,0.00101,0.001008,0.001006,0.001005,0.001004,0.001003,0.001002,0.001002,0.001001,0.001001,0.001001,0.001001,0.001,0.001,0.001,0.001

