parameters
tas_alpha:50
tas_beta:0.5
tas_gamma:0.02
sgd_lr:0.05
sgd_momentum:0.9
sgd_weight_decay:0
sgd_dampening:0
sgd_nesterov:True
architecture:vgg19bn_
dataset:cifar10
combine_datasets:False
do_validation_set:False
epochs:15
batch_size:128
test_set_split:0.1666667
validation_set_split:0.0
reduce_train_set:1
executions:2
base_seed:1230
training_method:sgd
learning_method:tas

train_loss
2.286,1.818,1.468,1.172,0.95,0.786,0.679,0.577,0.451,0.404,0.39,0.387,0.381,0.378,0.37
2.271,1.874,1.593,1.289,1.058,0.874,0.742,0.637,0.504,0.45,0.44,0.436,0.431,0.425,0.418

train_acc1
16.762,29.698,45.7,58.148,66.802,72.846,76.814,80.32,84.732,86.252,86.75,86.754,87.054,87.056,87.358
16.244,26.774,40.118,53.102,62.29,69.094,74.438,77.96,82.658,84.526,84.862,84.942,85.11,85.45,85.612

val_acc1
26.1,38.19,53.46,56.07,66.17,71.61,77.09,78.98,84.24,84.98,85.13,85.19,85.25,85.35,85.54
22.45,35.4,47.14,51.37,64.12,71.41,74.4,78.15,82.17,83.48,83.37,83.74,83.73,83.74,83.76

val_loss
1.852,1.67,1.33,1.251,0.979,0.837,0.671,0.613,0.466,0.446,0.439,0.436,0.434,0.438,0.43
2.02,1.714,1.444,1.457,1.043,0.825,0.738,0.643,0.528,0.497,0.491,0.486,0.488,0.489,0.482

learning_rate
0.05,0.05,0.05,0.05,0.05,0.049988,0.049672,0.042215,0.008785,0.001328,0.001012,0.001,0.001,0.001,0.001
0.05,0.05,0.05,0.05,0.05,0.049988,0.049672,0.042215,0.008785,0.001328,0.001012,0.001,0.001,0.001,0.001

