parameters
tas_alpha:50
tas_beta:0.3
tas_gamma:0.02
sgd_lr:0.05
sgd_momentum:0.9
sgd_weight_decay:0
sgd_dampening:0
sgd_nesterov:True
architecture:vgg19bn_
dataset:cifar10
combine_datasets:False
do_validation_set:False
epochs:100
batch_size:128
test_set_split:0.1666667
validation_set_split:0.0
reduce_train_set:1
executions:2
base_seed:1230
training_method:sgd
learning_method:tas

train_loss
2.188,1.706,1.349,1.074,0.894,0.757,0.656,0.584,0.534,0.485,0.443,0.413,0.38,0.354,0.33,0.316,0.288,0.271,0.257,0.242,0.224,0.211,0.198,0.186,0.175,0.158,0.147,0.134,0.113,0.097,0.079,0.063,0.05,0.04,0.032,0.028,0.025,0.023,0.022,0.02,0.02,0.019,0.019,0.021,0.017,0.016,0.019,0.018,0.017,0.018,0.016,0.017,0.015,0.015,0.017,0.015,0.015,0.014,0.015,0.013,0.014,0.016,0.014,0.014,0.013,0.013,0.014,0.013,0.014,0.014,0.014,0.013,0.012,0.012,0.011,0.012,0.013,0.011,0.011,0.012,0.012,0.012,0.012,0.011,0.012,0.011,0.009,0.011,0.01,0.011,0.011,0.011,0.01,0.01,0.01,0.01,0.009,0.01,0.009,0.01
2.263,1.758,1.36,1.044,0.835,0.702,0.616,0.553,0.505,0.462,0.423,0.394,0.365,0.334,0.312,0.295,0.274,0.26,0.237,0.226,0.21,0.197,0.182,0.175,0.164,0.153,0.142,0.121,0.108,0.087,0.071,0.056,0.044,0.035,0.028,0.025,0.021,0.02,0.019,0.02,0.018,0.016,0.016,0.017,0.014,0.016,0.016,0.016,0.016,0.016,0.014,0.015,0.014,0.014,0.015,0.014,0.012,0.014,0.012,0.013,0.012,0.013,0.012,0.013,0.013,0.011,0.013,0.011,0.012,0.012,0.011,0.011,0.011,0.011,0.011,0.011,0.011,0.01,0.011,0.01,0.01,0.011,0.01,0.011,0.011,0.009,0.009,0.01,0.009,0.008,0.01,0.009,0.009,0.009,0.009,0.009,0.009,0.01,0.009,0.009

train_acc1
19.542,34.718,50.304,61.712,68.554,73.976,77.648,80.17,81.958,83.596,85.072,86.11,87.21,88.038,88.778,89.37,90.208,90.776,91.212,91.968,92.218,92.732,93.218,93.538,93.964,94.586,94.894,95.506,96.17,96.628,97.288,97.824,98.308,98.648,98.94,99.076,99.164,99.228,99.254,99.314,99.324,99.36,99.338,99.296,99.398,99.454,99.392,99.406,99.428,99.41,99.452,99.402,99.47,99.52,99.466,99.49,99.45,99.526,99.458,99.548,99.514,99.47,99.51,99.542,99.552,99.538,99.49,99.564,99.506,99.566,99.544,99.568,99.6,99.58,99.62,99.594,99.52,99.648,99.62,99.578,99.588,99.598,99.6,99.61,99.6,99.578,99.654,99.634,99.668,99.586,99.636,99.62,99.66,99.644,99.654,99.65,99.668,99.624,99.734,99.646
16.85,32.874,50.284,62.784,70.896,75.894,78.96,81.196,82.906,84.36,85.564,86.76,87.66,88.678,89.362,90.014,90.652,91.046,91.944,92.362,92.892,93.31,93.79,93.946,94.43,94.738,95.152,95.876,96.338,97.002,97.566,98.066,98.454,98.808,99.06,99.132,99.3,99.32,99.36,99.314,99.418,99.522,99.488,99.424,99.528,99.486,99.464,99.494,99.468,99.496,99.524,99.512,99.54,99.546,99.464,99.536,99.592,99.52,99.592,99.556,99.614,99.536,99.618,99.546,99.584,99.636,99.584,99.628,99.62,99.624,99.604,99.614,99.608,99.676,99.632,99.624,99.636,99.68,99.604,99.656,99.694,99.65,99.662,99.594,99.628,99.666,99.674,99.664,99.66,99.73,99.648,99.676,99.698,99.724,99.714,99.726,99.702,99.682,99.696,99.708

val_acc1
25.86,36.91,48.62,53.77,69.78,74.22,73.77,77.56,80.14,81.73,83.02,83.71,82.12,85.57,85.1,86.24,84.23,87.41,87.23,87.17,87.17,87.93,88.31,87.84,87.13,88.47,89.41,89.12,89.61,90.04,89.99,90.89,91.1,91.18,91.24,91.22,91.45,91.19,91.39,91.32,91.35,91.45,91.34,91.34,91.32,91.35,91.43,91.25,91.47,91.47,91.35,91.36,91.45,91.39,91.45,91.3,91.26,91.43,91.45,91.33,91.34,91.47,91.3,91.41,91.43,91.4,91.33,91.35,91.35,91.48,91.43,91.54,91.45,91.44,91.34,91.51,91.46,91.39,91.59,91.36,91.44,91.41,91.42,91.5,91.45,91.44,91.48,91.4,91.41,91.51,91.49,91.45,91.56,91.44,91.39,91.39,91.47,91.47,91.44,91.4
24.8,41.91,55.47,62.47,71.54,72.96,76.43,79.3,78.6,82.16,83.2,84.5,84.57,85.37,86.05,85.34,86.08,87.34,87.25,86.31,86.13,88.65,87.98,88.38,88.6,88.97,88.58,89.02,89.44,90.26,90.22,90.4,90.78,91.3,91.12,91.33,91.2,91.32,91.36,91.3,91.39,91.39,91.26,91.45,91.47,91.39,91.32,91.41,91.41,91.46,91.31,91.29,91.31,91.35,91.49,91.36,91.32,91.3,91.37,91.4,91.38,91.33,91.23,91.23,91.32,91.41,91.45,91.54,91.31,91.23,91.4,91.26,91.27,91.38,91.37,91.3,91.21,91.38,91.32,91.33,91.29,91.1,91.28,91.4,91.37,91.38,91.33,91.38,91.36,91.36,91.35,91.42,91.38,91.3,91.36,91.32,91.37,91.29,91.36,91.38

val_loss
2.186,1.843,1.592,1.463,0.857,0.732,0.795,0.658,0.592,0.556,0.505,0.468,0.53,0.435,0.443,0.406,0.493,0.392,0.395,0.406,0.402,0.402,0.37,0.389,0.418,0.381,0.365,0.36,0.371,0.349,0.363,0.361,0.353,0.361,0.375,0.371,0.376,0.39,0.393,0.393,0.4,0.395,0.401,0.406,0.416,0.421,0.41,0.409,0.412,0.413,0.417,0.417,0.42,0.427,0.43,0.434,0.438,0.436,0.435,0.444,0.447,0.44,0.441,0.449,0.436,0.444,0.457,0.443,0.455,0.445,0.447,0.452,0.459,0.458,0.457,0.46,0.464,0.466,0.459,0.475,0.471,0.466,0.467,0.464,0.466,0.481,0.471,0.473,0.48,0.477,0.475,0.481,0.476,0.475,0.476,0.483,0.483,0.492,0.499,0.488
1.925,1.576,1.239,1.09,0.828,0.79,0.702,0.605,0.669,0.544,0.522,0.458,0.481,0.456,0.422,0.459,0.428,0.382,0.416,0.428,0.452,0.372,0.4,0.393,0.377,0.362,0.387,0.373,0.372,0.341,0.381,0.389,0.374,0.387,0.408,0.397,0.411,0.411,0.416,0.414,0.431,0.42,0.43,0.427,0.441,0.442,0.434,0.435,0.436,0.431,0.445,0.438,0.44,0.45,0.457,0.459,0.452,0.452,0.453,0.456,0.465,0.457,0.449,0.477,0.46,0.463,0.471,0.461,0.459,0.467,0.476,0.459,0.484,0.481,0.47,0.482,0.489,0.479,0.481,0.491,0.496,0.484,0.48,0.485,0.483,0.493,0.502,0.484,0.488,0.487,0.49,0.487,0.504,0.503,0.499,0.509,0.502,0.497,0.498,0.503

learning_rate
0.05,0.05,0.05,0.05,0.05,0.05,0.05,0.05,0.049999,0.049999,0.049998,0.049996,0.049994,0.04999,0.049984,0.049973,0.049955,0.049926,0.049879,0.049801,0.049672,0.049462,0.049119,0.048564,0.047676,0.046283,0.044159,0.041061,0.036822,0.031501,0.0255,0.019499,0.014178,0.009939,0.006841,0.004717,0.003324,0.002436,0.001881,0.001538,0.001328,0.001199,0.001121,0.001074,0.001045,0.001027,0.001016,0.00101,0.001006,0.001004,0.001002,0.001001,0.001001,0.001,0.001,0.001,0.001,0.001,0.001,0.001,0.001,0.001,0.001,0.001,0.001,0.001,0.001,0.001,0.001,0.001,0.001,0.001,0.001,0.001,0.001,0.001,0.001,0.001,0.001,0.001,0.001,0.001,0.001,0.001,0.001,0.001,0.001,0.001,0.001,0.001,0.001,0.001,0.001,0.001,0.001,0.001,0.001,0.001,0.001,0.001
0.05,0.05,0.05,0.05,0.05,0.05,0.05,0.05,0.049999,0.049999,0.049998,0.049996,0.049994,0.04999,0.049984,0.049973,0.049955,0.049926,0.049879,0.049801,0.049672,0.049462,0.049119,0.048564,0.047676,0.046283,0.044159,0.041061,0.036822,0.031501,0.0255,0.019499,0.014178,0.009939,0.006841,0.004717,0.003324,0.002436,0.001881,0.001538,0.001328,0.001199,0.001121,0.001074,0.001045,0.001027,0.001016,0.00101,0.001006,0.001004,0.001002,0.001001,0.001001,0.001,0.001,0.001,0.001,0.001,0.001,0.001,0.001,0.001,0.001,0.001,0.001,0.001,0.001,0.001,0.001,0.001,0.001,0.001,0.001,0.001,0.001,0.001,0.001,0.001,0.001,0.001,0.001,0.001,0.001,0.001,0.001,0.001,0.001,0.001,0.001,0.001,0.001,0.001,0.001,0.001,0.001,0.001,0.001,0.001,0.001,0.001

