parameters
tas_alpha:10
tas_beta:0.3
tas_gamma:0.02
sgd_lr:0.05
sgd_momentum:0.9
sgd_weight_decay:0
sgd_dampening:0
sgd_nesterov:True
architecture:vgg19bn_
dataset:cifar10
combine_datasets:False
do_validation_set:False
epochs:25
batch_size:128
test_set_split:0.1666667
validation_set_split:0.0
reduce_train_set:1
executions:2
base_seed:1230
training_method:sgd
learning_method:tas

train_loss
2.196,1.734,1.46,1.206,0.986,0.812,0.684,0.593,0.532,0.468,0.418,0.38,0.344,0.312,0.285,0.275,0.254,0.243,0.229,0.225,0.218,0.212,0.211,0.207,0.2
2.2,1.782,1.523,1.273,1.066,0.89,0.762,0.667,0.599,0.535,0.481,0.435,0.399,0.364,0.338,0.324,0.301,0.291,0.279,0.271,0.263,0.258,0.257,0.25,0.244

train_acc1
20.878,33.952,46.008,56.614,65.184,71.546,76.322,79.398,81.91,84.022,85.68,86.866,88.248,89.248,90.248,90.606,91.216,91.594,92.07,92.306,92.352,92.706,92.784,92.764,92.988
19.822,32.17,42.948,53.538,62.014,68.648,73.628,76.882,79.458,81.68,83.598,85.128,86.228,87.406,88.464,88.95,89.682,89.916,90.286,90.664,90.962,91.152,91.302,91.34,91.58

val_acc1
27.54,39.95,50.39,60.12,68.74,74.38,76.96,78.9,81.91,82.06,84.19,84.53,84.85,85.94,86.05,86.2,86.69,86.51,86.91,86.94,87.01,86.96,86.92,86.97,87.1
24.89,36.57,45.1,51.34,66.67,71.15,70.67,76.07,79.37,80.75,81.48,84.05,84.44,85.08,84.82,85.36,85.75,85.84,86.1,86.0,86.21,86.21,86.03,86.24,86.38

val_loss
1.907,1.652,1.378,1.104,0.906,0.753,0.676,0.625,0.536,0.538,0.481,0.46,0.465,0.444,0.43,0.425,0.418,0.419,0.424,0.418,0.418,0.42,0.421,0.427,0.422
2.006,1.716,1.559,1.456,0.956,0.827,0.881,0.703,0.632,0.577,0.546,0.478,0.469,0.458,0.456,0.453,0.445,0.434,0.431,0.435,0.427,0.436,0.436,0.435,0.445

learning_rate
0.047676,0.046612,0.045112,0.043049,0.040307,0.036822,0.032637,0.027942,0.023058,0.018363,0.014178,0.010693,0.007951,0.005888,0.004388,0.003324,0.002582,0.002072,0.001724,0.001488,0.001328,0.00122,0.001148,0.001099,0.001067
0.047676,0.046612,0.045112,0.043049,0.040307,0.036822,0.032637,0.027942,0.023058,0.018363,0.014178,0.010693,0.007951,0.005888,0.004388,0.003324,0.002582,0.002072,0.001724,0.001488,0.001328,0.00122,0.001148,0.001099,0.001067

