parameters
tas_alpha:10
tas_beta:0.5
tas_gamma:0.02
sgd_lr:0.05
sgd_momentum:0.9
sgd_weight_decay:0
sgd_dampening:0
sgd_nesterov:True
architecture:vgg19bn_
dataset:cifar10
combine_datasets:False
do_validation_set:False
epochs:10
batch_size:128
test_set_split:0.1666667
validation_set_split:0.0
reduce_train_set:1
executions:2
base_seed:1230
training_method:sgd
learning_method:tas

train_loss
2.266,1.747,1.377,1.068,0.857,0.705,0.594,0.515,0.473,0.444
2.439,1.979,1.631,1.361,1.092,0.876,0.733,0.635,0.583,0.549

train_acc1
16.978,33.372,49.83,62.188,70.16,75.764,79.794,82.268,83.706,84.644
11.15,22.75,37.29,49.796,61.092,68.878,74.326,77.76,79.688,80.864

val_acc1
25.64,41.73,55.48,58.76,71.45,74.38,79.23,81.14,82.64,82.92
12.57,31.33,41.66,52.99,65.87,71.34,74.88,77.71,79.8,80.3

val_loss
2.2,1.568,1.224,1.206,0.831,0.756,0.62,0.554,0.525,0.508
2.315,1.75,1.658,1.329,0.961,0.826,0.711,0.642,0.6,0.576

learning_rate
0.049672,0.049119,0.047676,0.044159,0.036822,0.0255,0.014178,0.006841,0.003324,0.001881
0.049672,0.049119,0.047676,0.044159,0.036822,0.0255,0.014178,0.006841,0.003324,0.001881

