parameters
tas_alpha:25
tas_beta:0.5
tas_gamma:0.02
sgd_lr:0.05
sgd_momentum:0.9
sgd_weight_decay:0
sgd_dampening:0
sgd_nesterov:True
architecture:vgg19bn_
dataset:cifar10
combine_datasets:False
do_validation_set:False
epochs:15
batch_size:128
test_set_split:0.1666667
validation_set_split:0.0
reduce_train_set:1
executions:2
base_seed:1230
training_method:sgd
learning_method:tas

train_loss
2.317,1.721,1.442,1.15,0.923,0.769,0.661,0.562,0.464,0.398,0.369,0.36,0.356,0.349,0.345
2.384,1.938,1.796,1.555,1.286,1.029,0.852,0.715,0.59,0.51,0.477,0.466,0.459,0.456,0.447

train_acc1
16.426,34.658,46.51,58.606,67.544,73.33,77.398,80.764,84.138,86.482,87.444,87.81,87.852,88.034,88.284
12.392,22.472,28.562,40.478,53.264,63.446,70.204,74.922,79.676,82.6,83.702,83.996,84.206,84.328,84.5

val_acc1
31.89,40.57,50.69,60.67,70.0,74.28,75.2,80.41,83.03,84.84,85.5,85.48,85.43,85.43,85.63
19.78,23.81,33.14,41.94,56.37,66.64,71.43,74.64,79.19,81.65,82.21,82.63,82.68,82.56,82.95

val_loss
1.809,1.594,1.413,1.135,0.86,0.749,0.738,0.569,0.515,0.459,0.446,0.441,0.44,0.45,0.439
2.204,1.896,1.745,1.65,1.233,0.947,0.827,0.73,0.624,0.541,0.519,0.514,0.511,0.521,0.504

learning_rate
0.05,0.049999,0.049995,0.049973,0.049857,0.049252,0.046283,0.035156,0.015844,0.004717,0.001748,0.001143,0.001027,0.001005,0.001001
0.05,0.049999,0.049995,0.049973,0.049857,0.049252,0.046283,0.035156,0.015844,0.004717,0.001748,0.001143,0.001027,0.001005,0.001001

