parameters
tas_alpha:10
tas_beta:0.7
tas_gamma:0.02
sgd_lr:0.05
sgd_momentum:0.9
sgd_weight_decay:0
sgd_dampening:0
sgd_nesterov:True
architecture:vgg19bn_
dataset:cifar10
combine_datasets:False
do_validation_set:False
epochs:10
batch_size:128
test_set_split:0.1666667
validation_set_split:0.0
reduce_train_set:1
executions:2
base_seed:1230
training_method:sgd
learning_method:tas

train_loss
2.261,1.787,1.425,1.138,0.916,0.75,0.641,0.542,0.466,0.406
2.379,1.876,1.587,1.332,1.107,0.916,0.765,0.646,0.554,0.487

train_acc1
17.01,31.684,47.386,59.548,67.826,74.164,77.898,81.438,84.014,86.082
14.14,28.138,40.59,51.36,60.534,67.822,73.6,77.678,81.076,83.304

val_acc1
25.84,36.14,48.75,57.18,72.93,74.43,77.06,80.63,83.14,84.75
22.43,37.21,47.05,53.07,62.99,68.09,74.4,77.56,80.32,83.02

val_loss
1.898,2.179,1.566,1.227,0.792,0.739,0.67,0.573,0.493,0.458
1.972,1.645,1.428,1.324,1.129,0.93,0.748,0.654,0.566,0.507

learning_rate
0.049955,0.049879,0.049672,0.049119,0.047676,0.044159,0.036822,0.0255,0.014178,0.006841
0.049955,0.049879,0.049672,0.049119,0.047676,0.044159,0.036822,0.0255,0.014178,0.006841

