parameters
tas_alpha:10
tas_beta:0.7
tas_gamma:0.02
sgd_lr:0.05
sgd_momentum:0.9
sgd_weight_decay:0
sgd_dampening:0
sgd_nesterov:True
architecture:vgg19bn_
dataset:cifar10
combine_datasets:False
do_validation_set:False
epochs:100
batch_size:128
test_set_split:0.1666667
validation_set_split:0.0
reduce_train_set:1
executions:2
base_seed:1230
training_method:sgd
learning_method:tas

train_loss
2.261,1.784,1.417,1.133,0.905,0.751,0.657,0.578,0.531,0.484,0.44,0.413,0.379,0.355,0.33,0.314,0.29,0.272,0.254,0.238,0.223,0.211,0.199,0.191,0.175,0.17,0.155,0.147,0.136,0.13,0.127,0.119,0.112,0.107,0.102,0.095,0.089,0.089,0.08,0.079,0.073,0.073,0.067,0.067,0.061,0.059,0.054,0.055,0.051,0.047,0.044,0.041,0.038,0.04,0.037,0.033,0.031,0.03,0.028,0.028,0.025,0.022,0.022,0.021,0.016,0.015,0.015,0.014,0.012,0.011,0.012,0.009,0.008,0.008,0.007,0.005,0.007,0.004,0.004,0.005,0.004,0.004,0.004,0.003,0.002,0.002,0.002,0.002,0.002,0.002,0.002,0.002,0.002,0.002,0.002,0.001,0.001,0.001,0.001,0.001
2.379,1.87,1.595,1.329,1.098,0.903,0.759,0.667,0.602,0.541,0.493,0.455,0.419,0.391,0.361,0.341,0.317,0.299,0.278,0.262,0.245,0.233,0.219,0.203,0.193,0.183,0.175,0.167,0.154,0.143,0.136,0.13,0.122,0.115,0.111,0.106,0.1,0.091,0.091,0.086,0.081,0.076,0.074,0.071,0.069,0.061,0.059,0.057,0.056,0.051,0.05,0.047,0.043,0.043,0.04,0.035,0.037,0.031,0.031,0.028,0.027,0.025,0.023,0.02,0.02,0.018,0.018,0.016,0.015,0.012,0.012,0.012,0.008,0.008,0.008,0.007,0.006,0.005,0.007,0.004,0.005,0.004,0.003,0.003,0.003,0.003,0.002,0.003,0.002,0.002,0.002,0.002,0.002,0.002,0.001,0.001,0.001,0.001,0.001,0.002

train_acc1
17.01,31.914,47.978,59.848,68.48,74.396,77.55,80.536,82.066,83.57,85.024,85.958,87.178,88.048,88.85,89.438,90.022,90.696,91.326,91.822,92.266,92.78,93.134,93.414,94.09,94.256,94.624,94.922,95.336,95.464,95.64,95.912,96.114,96.218,96.462,96.674,96.836,96.944,97.282,97.294,97.47,97.512,97.708,97.698,97.824,98.014,98.09,98.176,98.19,98.444,98.524,98.646,98.73,98.654,98.768,98.878,98.964,98.974,99.012,99.032,99.134,99.222,99.234,99.274,99.456,99.508,99.496,99.53,99.612,99.588,99.606,99.662,99.744,99.75,99.766,99.838,99.746,99.856,99.854,99.816,99.862,99.868,99.886,99.914,99.92,99.916,99.914,99.93,99.906,99.946,99.938,99.944,99.94,99.95,99.948,99.952,99.948,99.97,99.962,99.97
14.14,28.28,40.116,51.354,60.964,68.482,73.946,77.27,79.766,81.882,83.452,84.54,85.904,86.902,87.822,88.458,89.114,89.846,90.552,91.062,91.626,92.042,92.406,93.032,93.376,93.702,93.976,94.372,94.766,95.104,95.228,95.57,95.756,95.986,96.13,96.37,96.584,96.818,96.84,96.954,97.156,97.334,97.506,97.518,97.686,97.896,97.936,98.03,98.028,98.26,98.26,98.404,98.528,98.476,98.656,98.828,98.734,98.93,98.898,99.022,99.094,99.184,99.182,99.336,99.322,99.4,99.338,99.432,99.466,99.586,99.572,99.634,99.722,99.72,99.73,99.736,99.798,99.846,99.758,99.854,99.84,99.86,99.916,99.882,99.872,99.906,99.926,99.9,99.928,99.952,99.93,99.93,99.932,99.936,99.966,99.966,99.948,99.954,99.952,99.944

val_acc1
25.84,37.43,48.39,54.63,71.22,72.52,77.19,78.4,81.4,80.6,83.46,83.71,83.93,85.94,85.55,85.48,84.17,87.56,86.7,84.94,85.36,87.74,88.25,87.53,86.37,87.98,88.25,88.48,86.82,88.22,88.67,88.0,88.62,89.29,89.37,89.11,88.93,88.83,89.35,89.84,89.49,89.6,89.35,90.13,89.14,89.75,89.74,88.98,89.94,88.89,90.09,90.12,89.99,89.88,89.93,90.43,90.33,90.72,90.3,89.99,90.15,90.38,90.41,90.91,90.36,90.2,90.49,90.49,90.68,90.64,91.13,90.97,91.07,91.0,91.18,91.13,91.1,91.03,91.21,91.27,91.07,91.27,91.37,91.33,91.3,91.48,91.54,91.42,91.47,91.43,91.5,91.57,91.48,91.58,91.67,91.5,91.48,91.62,91.69,91.63
22.43,35.72,44.91,55.92,60.88,68.56,74.49,75.28,79.64,79.46,81.85,82.94,83.4,85.17,84.75,85.79,85.28,86.64,86.67,85.86,85.06,87.47,87.53,87.71,87.27,86.81,87.33,88.61,87.78,88.01,88.69,88.22,88.76,88.63,88.47,88.34,88.86,88.84,89.37,89.7,89.63,89.18,89.63,89.46,89.32,89.94,89.39,89.68,90.07,89.74,89.5,89.81,89.77,89.63,90.4,89.65,89.95,89.75,89.49,89.55,90.13,90.13,90.52,90.65,90.18,90.59,90.72,90.95,90.46,91.02,91.07,90.83,91.05,90.94,91.23,90.93,91.2,91.13,90.93,91.19,90.94,91.0,91.23,91.06,91.12,91.17,91.07,91.11,91.14,91.25,91.34,91.41,91.39,91.41,91.4,91.53,91.4,91.31,91.33,91.26

val_loss
1.898,1.87,1.51,1.63,0.843,0.815,0.671,0.637,0.573,0.602,0.496,0.478,0.512,0.427,0.443,0.434,0.486,0.378,0.415,0.488,0.474,0.387,0.366,0.407,0.449,0.379,0.396,0.406,0.479,0.39,0.392,0.428,0.421,0.391,0.377,0.397,0.411,0.407,0.398,0.403,0.408,0.393,0.449,0.394,0.435,0.427,0.437,0.44,0.416,0.464,0.411,0.436,0.431,0.451,0.465,0.444,0.452,0.436,0.462,0.478,0.492,0.472,0.456,0.444,0.504,0.515,0.499,0.499,0.498,0.507,0.479,0.495,0.507,0.526,0.539,0.552,0.533,0.544,0.533,0.545,0.541,0.551,0.537,0.532,0.542,0.566,0.571,0.562,0.559,0.554,0.564,0.572,0.562,0.566,0.566,0.566,0.571,0.57,0.584,0.571
1.972,1.677,1.483,1.234,1.157,0.922,0.758,0.731,0.598,0.636,0.543,0.5,0.517,0.458,0.46,0.427,0.442,0.414,0.415,0.446,0.484,0.392,0.387,0.397,0.412,0.415,0.414,0.368,0.417,0.401,0.389,0.413,0.395,0.403,0.409,0.42,0.413,0.43,0.382,0.376,0.4,0.423,0.421,0.421,0.447,0.432,0.432,0.419,0.412,0.429,0.447,0.451,0.428,0.473,0.455,0.489,0.46,0.479,0.492,0.509,0.475,0.472,0.473,0.489,0.487,0.483,0.498,0.482,0.498,0.501,0.521,0.479,0.511,0.529,0.522,0.543,0.533,0.566,0.532,0.531,0.547,0.535,0.533,0.556,0.556,0.579,0.579,0.563,0.561,0.568,0.562,0.562,0.556,0.577,0.565,0.566,0.576,0.575,0.591,0.576

learning_rate
0.049955,0.049951,0.049945,0.04994,0.049933,0.049926,0.049919,0.04991,0.049901,0.04989,0.049879,0.049866,0.049852,0.049837,0.049819,0.049801,0.04978,0.049757,0.049731,0.049703,0.049672,0.049638,0.0496,0.049558,0.049512,0.049462,0.049406,0.049344,0.049276,0.049201,0.049119,0.049028,0.048928,0.048818,0.048697,0.048564,0.048418,0.048257,0.048081,0.047888,0.047676,0.047444,0.047191,0.046914,0.046612,0.046283,0.045925,0.045535,0.045112,0.044654,0.044159,0.043625,0.043049,0.042431,0.041769,0.041061,0.040307,0.039506,0.038658,0.037763,0.036822,0.035837,0.034809,0.033741,0.032637,0.031501,0.030336,0.029148,0.027942,0.026724,0.0255,0.024276,0.023058,0.021852,0.020664,0.019499,0.018363,0.017259,0.016191,0.015163,0.014178,0.013237,0.012342,0.011494,0.010693,0.009939,0.009231,0.008569,0.007951,0.007375,0.006841,0.006346,0.005888,0.005465,0.005075,0.004717,0.004388,0.004086,0.003809,0.003556
0.049955,0.049951,0.049945,0.04994,0.049933,0.049926,0.049919,0.04991,0.049901,0.04989,0.049879,0.049866,0.049852,0.049837,0.049819,0.049801,0.04978,0.049757,0.049731,0.049703,0.049672,0.049638,0.0496,0.049558,0.049512,0.049462,0.049406,0.049344,0.049276,0.049201,0.049119,0.049028,0.048928,0.048818,0.048697,0.048564,0.048418,0.048257,0.048081,0.047888,0.047676,0.047444,0.047191,0.046914,0.046612,0.046283,0.045925,0.045535,0.045112,0.044654,0.044159,0.043625,0.043049,0.042431,0.041769,0.041061,0.040307,0.039506,0.038658,0.037763,0.036822,0.035837,0.034809,0.033741,0.032637,0.031501,0.030336,0.029148,0.027942,0.026724,0.0255,0.024276,0.023058,0.021852,0.020664,0.019499,0.018363,0.017259,0.016191,0.015163,0.014178,0.013237,0.012342,0.011494,0.010693,0.009939,0.009231,0.008569,0.007951,0.007375,0.006841,0.006346,0.005888,0.005465,0.005075,0.004717,0.004388,0.004086,0.003809,0.003556

