parameters
sgd_lr:0.05
sgd_momentum:0.5
sgd_weight_decay:0
sgd_dampening:0
sgd_nesterov:True
architecture:vgg19bn_
dataset:cifar10
combine_datasets:False
do_validation_set:False
epochs:100
batch_size:128
test_set_split:0.1666667
validation_set_split:0.0
reduce_train_set:1
executions:2
base_seed:1230
training_method:sgd
learning_method:constant

train_loss
1.811,1.205,0.913,0.754,0.656,0.579,0.521,0.476,0.444,0.409,0.377,0.355,0.33,0.31,0.288,0.276,0.256,0.244,0.227,0.214,0.203,0.193,0.184,0.172,0.16,0.157,0.146,0.14,0.128,0.122,0.119,0.115,0.111,0.104,0.098,0.097,0.09,0.082,0.083,0.078,0.075,0.071,0.072,0.066,0.064,0.061,0.057,0.061,0.056,0.053,0.054,0.049,0.046,0.05,0.047,0.041,0.042,0.041,0.043,0.035,0.034,0.037,0.033,0.035,0.033,0.031,0.031,0.032,0.027,0.028,0.031,0.027,0.025,0.027,0.025,0.027,0.028,0.025,0.022,0.024,0.024,0.021,0.022,0.023,0.021,0.02,0.023,0.018,0.022,0.018,0.019,0.018,0.02,0.018,0.015,0.019,0.017,0.016,0.015,0.016
1.788,1.173,0.897,0.743,0.651,0.574,0.518,0.474,0.444,0.406,0.375,0.348,0.325,0.307,0.285,0.271,0.255,0.238,0.222,0.21,0.2,0.19,0.179,0.169,0.159,0.152,0.143,0.138,0.127,0.123,0.119,0.112,0.107,0.097,0.096,0.095,0.087,0.083,0.081,0.077,0.075,0.07,0.068,0.068,0.062,0.061,0.056,0.059,0.057,0.054,0.052,0.045,0.045,0.046,0.047,0.04,0.039,0.041,0.039,0.036,0.036,0.038,0.034,0.03,0.035,0.033,0.029,0.029,0.029,0.029,0.028,0.028,0.028,0.025,0.027,0.023,0.025,0.026,0.02,0.021,0.024,0.022,0.022,0.021,0.019,0.018,0.023,0.018,0.021,0.015,0.021,0.019,0.016,0.019,0.015,0.014,0.017,0.018,0.018,0.018

train_acc1
33.946,56.728,67.704,73.878,77.37,80.068,82.018,83.388,84.46,85.838,87.048,87.756,88.64,89.258,90.022,90.352,91.114,91.468,92.062,92.62,92.754,93.298,93.592,94.086,94.374,94.5,94.726,95.06,95.498,95.704,95.692,95.958,96.042,96.322,96.52,96.592,96.828,97.12,97.072,97.326,97.392,97.51,97.414,97.706,97.714,97.846,97.956,97.814,98.008,98.174,98.086,98.292,98.432,98.266,98.388,98.54,98.572,98.574,98.492,98.768,98.78,98.716,98.84,98.796,98.872,98.898,98.88,98.854,99.086,99.03,98.966,99.13,99.094,99.026,99.092,99.04,99.0,99.15,99.242,99.172,99.186,99.23,99.196,99.244,99.274,99.302,99.198,99.382,99.23,99.336,99.334,99.394,99.272,99.382,99.454,99.376,99.42,99.464,99.512,99.442
34.01,57.794,68.282,74.17,77.532,80.132,82.05,83.588,84.686,85.976,87.038,87.94,88.672,89.576,90.09,90.508,91.032,91.642,92.078,92.718,92.96,93.378,93.772,94.0,94.426,94.594,95.008,95.082,95.508,95.59,95.826,96.096,96.182,96.608,96.732,96.628,96.886,97.108,97.13,97.292,97.364,97.51,97.606,97.656,97.78,97.786,98.084,97.936,97.928,98.136,98.118,98.464,98.432,98.36,98.36,98.584,98.606,98.53,98.654,98.71,98.758,98.724,98.816,98.922,98.762,98.844,98.95,98.978,98.934,98.942,98.996,98.99,99.01,99.146,99.052,99.202,99.202,99.06,99.324,99.274,99.142,99.286,99.2,99.298,99.344,99.4,99.206,99.394,99.264,99.486,99.284,99.316,99.464,99.356,99.498,99.488,99.414,99.406,99.4,99.358

val_acc1
35.22,56.52,68.74,71.75,75.02,74.16,76.54,82.36,79.93,78.81,83.21,83.12,76.96,83.95,83.31,85.07,84.33,84.69,85.7,87.78,84.71,86.43,85.98,84.45,87.12,87.66,86.62,86.65,87.47,84.66,86.67,86.03,84.98,88.69,88.49,88.05,87.61,88.33,88.45,87.88,87.11,88.98,88.95,88.82,89.63,88.23,89.52,89.06,88.23,89.24,89.72,89.53,89.64,88.97,89.93,89.14,89.23,90.17,89.62,89.62,89.45,89.08,89.9,90.02,90.15,89.69,89.79,90.25,89.88,89.18,90.04,89.64,89.9,90.29,89.79,90.71,90.01,89.58,90.08,89.8,90.04,90.27,89.88,89.75,89.75,90.13,90.18,90.03,90.42,89.9,90.42,90.11,89.89,89.55,89.56,90.18,90.61,90.4,89.85,90.13
36.19,62.04,70.07,73.29,72.59,71.85,78.18,80.09,80.65,81.75,81.67,84.19,79.64,85.55,84.36,85.64,84.96,83.72,84.7,86.92,84.01,86.11,86.03,86.13,87.31,86.97,86.48,86.96,88.19,86.73,86.39,88.03,86.57,88.82,87.89,88.3,88.96,88.19,89.1,88.27,87.75,88.25,88.74,87.95,89.0,88.66,88.23,88.75,89.48,87.25,90.35,89.41,88.47,89.79,89.9,89.08,90.04,89.47,89.21,89.0,89.65,90.08,89.81,89.95,90.05,89.32,89.58,90.47,90.36,89.99,89.6,89.62,90.21,90.01,89.96,90.23,90.24,90.04,88.8,89.26,90.32,90.73,89.61,89.89,89.72,89.84,90.55,90.34,90.11,90.22,89.87,90.29,89.98,90.66,90.6,90.12,90.23,90.26,89.7,90.4

val_loss
2.093,1.262,0.912,0.822,0.72,0.788,0.685,0.516,0.609,0.651,0.507,0.504,0.775,0.519,0.541,0.456,0.5,0.481,0.451,0.394,0.489,0.465,0.452,0.539,0.446,0.402,0.465,0.46,0.444,0.57,0.464,0.507,0.579,0.432,0.432,0.451,0.484,0.446,0.445,0.486,0.533,0.429,0.459,0.465,0.436,0.526,0.447,0.461,0.501,0.475,0.432,0.473,0.473,0.47,0.45,0.508,0.49,0.442,0.479,0.484,0.49,0.484,0.475,0.439,0.449,0.478,0.498,0.444,0.491,0.529,0.477,0.512,0.498,0.476,0.5,0.471,0.464,0.516,0.478,0.52,0.516,0.493,0.525,0.529,0.516,0.535,0.504,0.509,0.48,0.525,0.492,0.518,0.536,0.517,0.563,0.509,0.5,0.502,0.558,0.517
2.272,1.06,0.844,0.761,0.842,0.853,0.645,0.589,0.579,0.543,0.572,0.472,0.676,0.459,0.466,0.435,0.474,0.512,0.491,0.42,0.542,0.459,0.458,0.455,0.437,0.437,0.483,0.471,0.421,0.453,0.478,0.415,0.496,0.412,0.468,0.449,0.41,0.453,0.428,0.452,0.496,0.464,0.464,0.467,0.489,0.46,0.522,0.451,0.447,0.578,0.424,0.46,0.523,0.454,0.438,0.494,0.438,0.469,0.509,0.513,0.517,0.429,0.45,0.475,0.465,0.542,0.51,0.438,0.458,0.474,0.504,0.493,0.461,0.512,0.474,0.469,0.484,0.481,0.579,0.558,0.493,0.464,0.512,0.503,0.505,0.551,0.456,0.482,0.494,0.516,0.512,0.508,0.532,0.494,0.49,0.56,0.502,0.49,0.534,0.497

learning_rate
0.05,0.05,0.05,0.05,0.05,0.05,0.05,0.05,0.05,0.05,0.05,0.05,0.05,0.05,0.05,0.05,0.05,0.05,0.05,0.05,0.05,0.05,0.05,0.05,0.05,0.05,0.05,0.05,0.05,0.05,0.05,0.05,0.05,0.05,0.05,0.05,0.05,0.05,0.05,0.05,0.05,0.05,0.05,0.05,0.05,0.05,0.05,0.05,0.05,0.05,0.05,0.05,0.05,0.05,0.05,0.05,0.05,0.05,0.05,0.05,0.05,0.05,0.05,0.05,0.05,0.05,0.05,0.05,0.05,0.05,0.05,0.05,0.05,0.05,0.05,0.05,0.05,0.05,0.05,0.05,0.05,0.05,0.05,0.05,0.05,0.05,0.05,0.05,0.05,0.05,0.05,0.05,0.05,0.05,0.05,0.05,0.05,0.05,0.05,0.05
0.05,0.05,0.05,0.05,0.05,0.05,0.05,0.05,0.05,0.05,0.05,0.05,0.05,0.05,0.05,0.05,0.05,0.05,0.05,0.05,0.05,0.05,0.05,0.05,0.05,0.05,0.05,0.05,0.05,0.05,0.05,0.05,0.05,0.05,0.05,0.05,0.05,0.05,0.05,0.05,0.05,0.05,0.05,0.05,0.05,0.05,0.05,0.05,0.05,0.05,0.05,0.05,0.05,0.05,0.05,0.05,0.05,0.05,0.05,0.05,0.05,0.05,0.05,0.05,0.05,0.05,0.05,0.05,0.05,0.05,0.05,0.05,0.05,0.05,0.05,0.05,0.05,0.05,0.05,0.05,0.05,0.05,0.05,0.05,0.05,0.05,0.05,0.05,0.05,0.05,0.05,0.05,0.05,0.05,0.05,0.05,0.05,0.05,0.05,0.05

