parameters
tas_alpha:25
tas_beta:0.7
tas_gamma:0.02
sgd_lr:0.05
sgd_momentum:0.9
sgd_weight_decay:0
sgd_dampening:0
sgd_nesterov:True
architecture:vgg19bn_
dataset:cifar10
combine_datasets:False
do_validation_set:False
epochs:100
batch_size:128
test_set_split:0.1666667
validation_set_split:0.0
reduce_train_set:1
executions:2
base_seed:1230
training_method:sgd
learning_method:tas

train_loss
2.281,1.837,1.606,1.325,1.068,0.868,0.732,0.649,0.583,0.524,0.475,0.445,0.408,0.374,0.347,0.331,0.301,0.285,0.27,0.249,0.235,0.223,0.207,0.195,0.183,0.18,0.169,0.153,0.145,0.138,0.131,0.125,0.116,0.112,0.105,0.101,0.094,0.09,0.086,0.082,0.076,0.075,0.073,0.07,0.064,0.063,0.062,0.06,0.056,0.052,0.054,0.05,0.047,0.049,0.045,0.041,0.039,0.035,0.036,0.037,0.028,0.029,0.028,0.028,0.027,0.023,0.019,0.015,0.016,0.011,0.01,0.008,0.006,0.005,0.005,0.004,0.004,0.004,0.003,0.002,0.002,0.002,0.002,0.002,0.002,0.002,0.002,0.002,0.002,0.001,0.002,0.001,0.002,0.002,0.002,0.002,0.001,0.002,0.001,0.001
2.248,1.772,1.519,1.262,1.032,0.853,0.741,0.654,0.595,0.539,0.491,0.458,0.422,0.391,0.361,0.346,0.319,0.299,0.281,0.261,0.247,0.232,0.221,0.206,0.193,0.187,0.174,0.164,0.156,0.143,0.14,0.132,0.124,0.118,0.113,0.106,0.102,0.093,0.094,0.089,0.084,0.077,0.076,0.075,0.071,0.067,0.063,0.063,0.059,0.063,0.054,0.053,0.05,0.049,0.046,0.044,0.043,0.038,0.042,0.038,0.035,0.032,0.03,0.03,0.027,0.023,0.021,0.018,0.016,0.011,0.009,0.008,0.006,0.006,0.006,0.004,0.004,0.003,0.002,0.003,0.002,0.002,0.002,0.002,0.002,0.002,0.002,0.002,0.002,0.002,0.002,0.002,0.002,0.002,0.001,0.001,0.001,0.002,0.001,0.002

train_acc1
16.65,27.922,38.826,51.628,62.106,69.504,74.864,78.022,80.172,82.208,83.896,85.046,86.204,87.416,88.31,88.768,89.682,90.232,90.956,91.552,91.858,92.484,92.904,93.49,93.778,93.868,94.222,94.768,95.0,95.216,95.538,95.698,96.026,96.098,96.39,96.496,96.77,96.958,97.132,97.234,97.36,97.416,97.456,97.684,97.762,97.88,97.862,97.966,98.084,98.288,98.142,98.278,98.42,98.348,98.458,98.59,98.682,98.784,98.814,98.756,99.044,99.0,99.0,99.076,99.072,99.228,99.318,99.474,99.468,99.642,99.648,99.754,99.808,99.848,99.858,99.848,99.878,99.886,99.896,99.944,99.922,99.928,99.916,99.95,99.956,99.948,99.942,99.948,99.942,99.97,99.946,99.966,99.956,99.926,99.95,99.956,99.954,99.946,99.956,99.96
17.408,31.81,43.064,54.23,63.252,70.19,74.326,77.572,79.542,81.782,83.404,84.552,85.68,86.688,87.636,88.066,89.054,89.856,90.426,90.974,91.472,91.89,92.322,92.948,93.406,93.514,93.992,94.422,94.582,95.062,95.184,95.416,95.676,95.964,96.016,96.352,96.548,96.824,96.75,96.906,97.112,97.36,97.366,97.41,97.488,97.664,97.782,97.812,97.958,97.826,98.04,98.198,98.31,98.314,98.434,98.468,98.464,98.708,98.614,98.694,98.78,98.874,98.966,98.976,99.084,99.176,99.286,99.384,99.488,99.636,99.716,99.72,99.8,99.794,99.814,99.874,99.858,99.9,99.94,99.904,99.922,99.924,99.922,99.93,99.936,99.944,99.946,99.926,99.944,99.96,99.952,99.944,99.96,99.956,99.964,99.956,99.956,99.944,99.96,99.944

val_acc1
22.95,33.36,40.19,53.75,65.97,70.58,74.77,73.84,79.71,78.82,82.55,83.15,80.71,84.66,83.81,85.83,83.14,87.71,87.94,84.36,85.36,86.88,87.78,87.14,88.29,88.2,87.72,88.52,87.34,88.16,88.0,89.37,88.19,88.77,88.69,88.9,89.64,89.87,89.55,89.89,90.0,88.97,89.35,89.83,89.41,89.77,89.79,89.75,89.92,89.38,89.74,89.76,89.26,89.96,90.34,90.54,90.0,89.6,89.32,90.23,90.26,89.85,90.28,90.51,90.26,90.33,90.89,90.96,91.01,91.1,91.06,90.94,91.46,91.43,91.63,91.58,91.78,91.61,91.74,91.73,91.71,91.76,91.69,91.77,91.86,91.78,91.86,91.79,91.77,91.83,91.88,91.85,91.81,91.89,91.77,91.84,91.93,91.75,91.82,91.79
26.45,37.72,47.28,52.29,62.85,68.69,72.63,78.16,80.38,78.07,82.82,81.11,81.05,84.44,84.42,85.02,84.72,86.62,86.55,85.48,86.47,86.3,87.59,87.68,88.0,87.97,87.83,87.66,86.61,88.4,87.52,87.88,88.21,88.23,89.09,88.99,88.6,88.18,88.7,89.02,89.54,89.53,88.86,89.66,89.33,88.79,88.94,89.71,89.26,89.1,89.54,90.26,90.04,89.68,89.94,90.38,89.68,89.29,89.96,89.86,89.68,90.13,90.09,89.93,90.01,90.59,90.55,90.6,90.48,91.05,91.05,91.11,91.1,91.0,91.05,91.25,91.08,91.22,91.39,91.41,91.28,91.34,91.47,91.38,91.35,91.31,91.54,91.34,91.44,91.33,91.53,91.39,91.45,91.45,91.43,91.45,91.28,91.49,91.45,91.34

val_loss
2.009,1.743,1.675,1.299,0.982,0.85,0.74,0.784,0.613,0.655,0.516,0.492,0.611,0.454,0.508,0.431,0.536,0.377,0.368,0.512,0.481,0.416,0.375,0.411,0.373,0.371,0.388,0.388,0.408,0.399,0.41,0.39,0.424,0.376,0.405,0.396,0.387,0.375,0.393,0.367,0.382,0.425,0.41,0.399,0.419,0.394,0.413,0.41,0.435,0.435,0.419,0.429,0.446,0.427,0.405,0.397,0.402,0.465,0.488,0.431,0.445,0.46,0.437,0.475,0.446,0.45,0.452,0.449,0.455,0.468,0.473,0.48,0.508,0.509,0.494,0.51,0.511,0.514,0.498,0.514,0.522,0.517,0.51,0.515,0.525,0.538,0.523,0.514,0.519,0.517,0.524,0.521,0.523,0.525,0.524,0.519,0.519,0.517,0.522,0.524
1.943,1.634,1.443,1.388,1.053,0.908,0.79,0.657,0.583,0.673,0.508,0.561,0.588,0.465,0.464,0.443,0.481,0.392,0.421,0.441,0.431,0.436,0.394,0.391,0.374,0.389,0.413,0.413,0.464,0.387,0.42,0.427,0.418,0.428,0.389,0.389,0.42,0.448,0.42,0.42,0.401,0.4,0.437,0.399,0.439,0.455,0.473,0.441,0.468,0.441,0.437,0.428,0.41,0.423,0.422,0.428,0.426,0.495,0.453,0.459,0.453,0.447,0.471,0.487,0.471,0.467,0.465,0.486,0.486,0.48,0.509,0.501,0.524,0.532,0.515,0.517,0.531,0.533,0.53,0.535,0.542,0.549,0.541,0.536,0.539,0.549,0.542,0.547,0.543,0.539,0.552,0.544,0.546,0.548,0.55,0.542,0.547,0.545,0.555,0.555

learning_rate
0.05,0.05,0.05,0.05,0.05,0.05,0.05,0.05,0.05,0.05,0.05,0.05,0.05,0.05,0.05,0.05,0.05,0.05,0.05,0.05,0.05,0.05,0.05,0.05,0.05,0.049999,0.049999,0.049999,0.049999,0.049998,0.049998,0.049997,0.049996,0.049995,0.049994,0.049992,0.04999,0.049987,0.049984,0.049979,0.049973,0.049965,0.049955,0.049943,0.049926,0.049906,0.049879,0.049845,0.049801,0.049744,0.049672,0.04958,0.049462,0.049311,0.049119,0.048874,0.048564,0.048171,0.047676,0.047056,0.046283,0.045328,0.044159,0.042746,0.041061,0.039088,0.036822,0.03428,0.031501,0.028547,0.0255,0.022453,0.019499,0.01672,0.014178,0.011912,0.009939,0.008254,0.006841,0.005672,0.004717,0.003944,0.003324,0.002829,0.002436,0.002126,0.001881,0.001689,0.001538,0.00142,0.001328,0.001256,0.001199,0.001155,0.001121,0.001094,0.001074,0.001057,0.001045,0.001035
0.05,0.05,0.05,0.05,0.05,0.05,0.05,0.05,0.05,0.05,0.05,0.05,0.05,0.05,0.05,0.05,0.05,0.05,0.05,0.05,0.05,0.05,0.05,0.05,0.05,0.049999,0.049999,0.049999,0.049999,0.049998,0.049998,0.049997,0.049996,0.049995,0.049994,0.049992,0.04999,0.049987,0.049984,0.049979,0.049973,0.049965,0.049955,0.049943,0.049926,0.049906,0.049879,0.049845,0.049801,0.049744,0.049672,0.04958,0.049462,0.049311,0.049119,0.048874,0.048564,0.048171,0.047676,0.047056,0.046283,0.045328,0.044159,0.042746,0.041061,0.039088,0.036822,0.03428,0.031501,0.028547,0.0255,0.022453,0.019499,0.01672,0.014178,0.011912,0.009939,0.008254,0.006841,0.005672,0.004717,0.003944,0.003324,0.002829,0.002436,0.002126,0.001881,0.001689,0.001538,0.00142,0.001328,0.001256,0.001199,0.001155,0.001121,0.001094,0.001074,0.001057,0.001045,0.001035

