parameters
tas_alpha:50
tas_beta:0.3
tas_gamma:0.02
sgd_lr:0.05
sgd_momentum:0.9
sgd_weight_decay:0
sgd_dampening:0
sgd_nesterov:True
architecture:vgg19bn_
dataset:cifar10
combine_datasets:False
do_validation_set:False
epochs:50
batch_size:128
test_set_split:0.1666667
validation_set_split:0.0
reduce_train_set:1
executions:2
base_seed:1230
training_method:sgd
learning_method:tas

train_loss
2.188,1.704,1.345,1.069,0.888,0.75,0.647,0.576,0.526,0.482,0.437,0.409,0.373,0.338,0.3,0.258,0.207,0.175,0.157,0.147,0.137,0.14,0.137,0.137,0.132,0.132,0.133,0.128,0.126,0.125,0.124,0.124,0.122,0.118,0.121,0.116,0.119,0.116,0.113,0.112,0.11,0.109,0.11,0.108,0.106,0.104,0.107,0.102,0.103,0.099
2.263,1.765,1.374,1.049,0.843,0.711,0.622,0.555,0.511,0.466,0.426,0.393,0.362,0.327,0.285,0.242,0.191,0.157,0.141,0.132,0.124,0.121,0.122,0.119,0.118,0.113,0.117,0.114,0.11,0.109,0.109,0.107,0.107,0.104,0.102,0.104,0.101,0.099,0.098,0.097,0.097,0.094,0.096,0.096,0.093,0.089,0.091,0.086,0.089,0.086

train_acc1
19.542,34.836,50.64,61.916,69.092,74.152,77.942,80.51,82.314,83.822,85.166,86.242,87.488,88.726,89.784,91.152,92.992,94.124,94.616,95.078,95.374,95.22,95.34,95.376,95.556,95.476,95.48,95.59,95.762,95.68,95.848,95.806,95.82,95.994,95.912,96.1,95.928,95.964,96.14,96.14,96.27,96.196,96.294,96.248,96.444,96.432,96.264,96.53,96.516,96.596
16.85,32.18,49.76,62.784,70.766,75.564,78.69,81.262,82.68,84.344,85.578,86.574,87.914,88.878,90.266,91.88,93.52,94.644,95.236,95.554,95.802,95.932,95.886,95.998,96.09,96.208,96.042,96.118,96.352,96.326,96.376,96.314,96.326,96.488,96.564,96.478,96.58,96.704,96.726,96.714,96.662,96.844,96.734,96.69,96.706,96.928,96.862,97.018,96.878,97.116

val_acc1
25.86,37.47,52.74,51.28,69.52,75.14,76.08,78.72,81.09,81.5,83.31,83.86,83.19,85.57,86.19,86.86,88.48,88.8,89.59,89.61,89.56,89.41,89.49,89.37,89.39,89.42,89.42,89.32,89.36,89.34,89.3,89.42,89.46,89.37,89.37,89.41,89.45,89.4,89.64,89.53,89.52,89.51,89.37,89.4,89.4,89.58,89.4,89.43,89.49,89.46
24.8,38.21,56.19,62.46,74.55,74.75,76.7,79.81,81.3,82.56,82.87,82.86,82.63,86.52,86.76,87.26,88.83,89.28,89.36,89.67,89.44,89.4,89.48,89.49,89.27,89.45,89.26,89.47,89.51,89.63,89.61,89.76,89.65,89.56,89.53,89.53,89.54,89.52,89.62,89.45,89.42,89.51,89.43,89.4,89.39,89.41,89.58,89.51,89.42,89.6

val_loss
2.186,1.771,1.39,1.674,0.873,0.74,0.702,0.629,0.574,0.563,0.492,0.478,0.502,0.427,0.409,0.384,0.358,0.343,0.34,0.335,0.339,0.337,0.337,0.345,0.35,0.341,0.349,0.345,0.354,0.351,0.353,0.352,0.347,0.354,0.356,0.356,0.356,0.358,0.36,0.358,0.363,0.357,0.368,0.362,0.379,0.384,0.369,0.369,0.375,0.372
1.925,1.787,1.222,1.096,0.727,0.736,0.715,0.59,0.565,0.523,0.51,0.516,0.532,0.417,0.408,0.388,0.363,0.348,0.354,0.342,0.347,0.351,0.351,0.36,0.359,0.359,0.367,0.358,0.367,0.357,0.362,0.368,0.365,0.368,0.375,0.37,0.375,0.38,0.377,0.38,0.384,0.383,0.387,0.379,0.393,0.4,0.397,0.391,0.388,0.393

learning_rate
0.05,0.05,0.05,0.05,0.049999,0.049998,0.049994,0.049984,0.049955,0.049879,0.049672,0.049119,0.047676,0.044159,0.036822,0.0255,0.014178,0.006841,0.003324,0.001881,0.001328,0.001121,0.001045,0.001016,0.001006,0.001002,0.001001,0.001,0.001,0.001,0.001,0.001,0.001,0.001,0.001,0.001,0.001,0.001,0.001,0.001,0.001,0.001,0.001,0.001,0.001,0.001,0.001,0.001,0.001,0.001
0.05,0.05,0.05,0.05,0.049999,0.049998,0.049994,0.049984,0.049955,0.049879,0.049672,0.049119,0.047676,0.044159,0.036822,0.0255,0.014178,0.006841,0.003324,0.001881,0.001328,0.001121,0.001045,0.001016,0.001006,0.001002,0.001001,0.001,0.001,0.001,0.001,0.001,0.001,0.001,0.001,0.001,0.001,0.001,0.001,0.001,0.001,0.001,0.001,0.001,0.001,0.001,0.001,0.001,0.001,0.001

