parameters
tas_alpha:10
tas_beta:0.7
tas_gamma:0.02
sgd_lr:0.05
sgd_momentum:0.9
sgd_weight_decay:0
sgd_dampening:0
sgd_nesterov:True
architecture:vgg19bn_
dataset:cifar10
combine_datasets:False
do_validation_set:False
epochs:50
batch_size:128
test_set_split:0.1666667
validation_set_split:0.0
reduce_train_set:1
executions:2
base_seed:1230
training_method:sgd
learning_method:tas

train_loss
2.246,1.761,1.475,1.207,1.001,0.826,0.7,0.615,0.559,0.508,0.463,0.436,0.396,0.369,0.343,0.323,0.297,0.281,0.26,0.246,0.227,0.212,0.198,0.188,0.175,0.164,0.156,0.138,0.127,0.115,0.108,0.098,0.089,0.078,0.069,0.062,0.054,0.046,0.04,0.034,0.03,0.026,0.022,0.019,0.016,0.015,0.014,0.013,0.01,0.01
2.407,1.893,1.654,1.39,1.171,0.995,0.853,0.737,0.668,0.602,0.556,0.516,0.473,0.445,0.412,0.39,0.364,0.344,0.323,0.302,0.284,0.274,0.254,0.241,0.228,0.213,0.2,0.185,0.169,0.157,0.146,0.134,0.125,0.11,0.104,0.092,0.081,0.07,0.064,0.056,0.046,0.044,0.037,0.035,0.029,0.025,0.023,0.024,0.02,0.018

train_acc1
19.7,33.56,45.772,57.02,64.976,71.482,76.052,79.234,81.198,82.718,84.33,85.302,86.576,87.456,88.416,88.948,89.924,90.294,91.048,91.616,92.29,92.712,93.162,93.558,93.908,94.384,94.656,95.286,95.636,96.004,96.244,96.536,96.904,97.342,97.63,97.838,98.072,98.412,98.658,98.862,98.998,99.066,99.242,99.376,99.466,99.496,99.538,99.59,99.666,99.712
13.494,25.65,36.828,48.268,57.772,64.748,70.122,74.384,77.23,79.53,81.294,82.662,83.938,85.04,85.892,86.84,87.666,88.4,89.054,89.758,90.308,90.674,91.316,91.728,92.18,92.752,93.198,93.702,94.174,94.69,94.932,95.354,95.788,96.182,96.286,96.868,97.182,97.596,97.826,98.048,98.432,98.48,98.71,98.822,99.046,99.172,99.226,99.25,99.348,99.37

val_acc1
28.1,40.33,49.68,56.12,67.41,72.03,75.1,80.68,81.71,82.26,82.99,84.93,83.7,85.55,85.19,86.12,85.03,87.32,86.84,86.99,87.24,87.15,87.29,87.8,87.97,88.01,88.38,88.46,89.11,88.55,89.44,89.03,88.78,89.87,89.35,89.84,90.09,90.32,90.28,90.63,90.77,90.78,90.9,90.68,91.22,90.99,91.19,91.28,91.31,91.32
21.25,29.44,40.32,50.14,62.29,68.13,69.21,75.3,74.46,77.64,80.87,82.16,81.15,83.91,82.74,84.57,83.99,84.89,85.82,85.92,85.84,86.93,87.43,87.18,87.52,87.28,87.98,87.64,88.24,88.5,89.2,88.5,87.28,89.09,89.46,89.71,89.46,89.58,89.81,90.07,90.04,90.08,90.37,90.36,90.65,90.47,90.78,90.6,90.69,90.51

val_loss
2.111,1.601,1.423,1.386,0.921,0.804,0.74,0.574,0.539,0.546,0.502,0.443,0.491,0.441,0.449,0.415,0.463,0.393,0.411,0.417,0.41,0.416,0.403,0.404,0.403,0.382,0.382,0.415,0.375,0.412,0.365,0.407,0.434,0.383,0.426,0.411,0.409,0.425,0.413,0.438,0.422,0.442,0.464,0.463,0.467,0.495,0.471,0.467,0.49,0.493
2.003,1.823,1.616,1.359,1.035,0.914,0.897,0.717,0.798,0.687,0.588,0.518,0.563,0.49,0.531,0.469,0.5,0.456,0.433,0.43,0.442,0.43,0.391,0.395,0.391,0.389,0.381,0.396,0.381,0.377,0.358,0.408,0.472,0.398,0.375,0.396,0.402,0.413,0.401,0.404,0.435,0.417,0.45,0.433,0.456,0.473,0.456,0.456,0.465,0.478

learning_rate
0.049955,0.049945,0.049933,0.049919,0.049901,0.049879,0.049852,0.049819,0.04978,0.049731,0.049672,0.0496,0.049512,0.049406,0.049276,0.049119,0.048928,0.048697,0.048418,0.048081,0.047676,0.047191,0.046612,0.045925,0.045112,0.044159,0.043049,0.041769,0.040307,0.038658,0.036822,0.034809,0.032637,0.030336,0.027942,0.0255,0.023058,0.020664,0.018363,0.016191,0.014178,0.012342,0.010693,0.009231,0.007951,0.006841,0.005888,0.005075,0.004388,0.003809
0.049955,0.049945,0.049933,0.049919,0.049901,0.049879,0.049852,0.049819,0.04978,0.049731,0.049672,0.0496,0.049512,0.049406,0.049276,0.049119,0.048928,0.048697,0.048418,0.048081,0.047676,0.047191,0.046612,0.045925,0.045112,0.044159,0.043049,0.041769,0.040307,0.038658,0.036822,0.034809,0.032637,0.030336,0.027942,0.0255,0.023058,0.020664,0.018363,0.016191,0.014178,0.012342,0.010693,0.009231,0.007951,0.006841,0.005888,0.005075,0.004388,0.003809

