parameters
sgd_lr:0.05
sgd_momentum:0.3
sgd_weight_decay:0
sgd_dampening:0
sgd_nesterov:True
architecture:vgg19bn_
dataset:cifar10
combine_datasets:False
do_validation_set:False
epochs:100
batch_size:128
test_set_split:0.1666667
validation_set_split:0.0
reduce_train_set:1
executions:2
base_seed:1230
training_method:sgd
learning_method:constant

train_loss
1.755,1.188,0.92,0.766,0.675,0.596,0.54,0.496,0.458,0.423,0.394,0.373,0.346,0.325,0.306,0.293,0.273,0.258,0.245,0.23,0.217,0.206,0.198,0.187,0.177,0.167,0.157,0.154,0.143,0.137,0.128,0.127,0.118,0.112,0.106,0.111,0.096,0.089,0.091,0.087,0.085,0.082,0.077,0.072,0.07,0.066,0.061,0.066,0.061,0.058,0.057,0.057,0.051,0.052,0.049,0.049,0.048,0.047,0.044,0.04,0.04,0.04,0.036,0.036,0.036,0.032,0.037,0.035,0.037,0.031,0.031,0.029,0.032,0.028,0.026,0.028,0.031,0.023,0.025,0.026,0.025,0.026,0.023,0.024,0.023,0.023,0.024,0.02,0.025,0.022,0.019,0.02,0.016,0.02,0.02,0.019,0.016,0.016,0.02,0.015
1.745,1.16,0.905,0.758,0.664,0.587,0.533,0.491,0.458,0.422,0.394,0.369,0.346,0.323,0.304,0.291,0.272,0.258,0.238,0.228,0.216,0.204,0.195,0.188,0.175,0.167,0.159,0.152,0.142,0.135,0.127,0.125,0.118,0.114,0.104,0.105,0.1,0.093,0.091,0.088,0.083,0.076,0.076,0.075,0.071,0.065,0.063,0.064,0.06,0.06,0.059,0.055,0.05,0.053,0.049,0.047,0.045,0.044,0.044,0.04,0.041,0.039,0.037,0.036,0.036,0.035,0.033,0.032,0.037,0.03,0.033,0.029,0.028,0.027,0.028,0.029,0.029,0.024,0.026,0.024,0.028,0.025,0.021,0.022,0.021,0.023,0.021,0.022,0.02,0.021,0.021,0.021,0.019,0.02,0.019,0.017,0.017,0.016,0.017,0.017

train_acc1
35.416,57.19,67.3,73.254,76.646,79.4,81.452,82.814,84.226,85.294,86.438,87.112,87.88,88.714,89.432,89.794,90.472,91.078,91.46,91.94,92.394,92.85,93.048,93.588,93.756,94.128,94.42,94.528,94.978,95.18,95.578,95.608,95.83,95.972,96.39,96.06,96.608,96.918,96.82,96.912,97.034,97.086,97.284,97.454,97.464,97.628,97.842,97.692,97.866,97.924,97.972,98.016,98.278,98.206,98.312,98.288,98.352,98.376,98.45,98.566,98.568,98.59,98.762,98.76,98.788,98.82,98.71,98.79,98.716,98.868,98.94,98.994,98.91,99.004,99.118,99.008,98.92,99.264,99.112,99.124,99.112,99.1,99.172,99.136,99.192,99.23,99.118,99.272,99.098,99.202,99.366,99.328,99.432,99.34,99.32,99.312,99.474,99.462,99.312,99.536
35.166,58.284,67.852,73.634,76.94,79.658,81.67,82.93,84.046,85.402,86.43,87.304,88.082,88.84,89.472,89.93,90.492,90.978,91.634,92.138,92.426,92.796,93.188,93.454,93.932,93.992,94.486,94.618,95.04,95.264,95.578,95.57,95.804,95.96,96.348,96.418,96.422,96.716,96.772,96.832,97.004,97.322,97.362,97.326,97.482,97.696,97.83,97.816,97.894,97.89,97.968,98.106,98.242,98.154,98.288,98.366,98.4,98.484,98.498,98.586,98.53,98.67,98.678,98.74,98.678,98.752,98.83,98.902,98.626,98.954,98.86,98.986,99.006,99.094,99.018,99.022,98.972,99.192,99.076,99.2,99.058,99.14,99.338,99.246,99.242,99.188,99.256,99.258,99.316,99.222,99.3,99.234,99.32,99.344,99.344,99.402,99.378,99.438,99.388,99.436

val_acc1
37.13,59.15,65.12,68.28,73.47,78.87,77.57,80.04,80.44,78.22,81.27,83.09,72.35,83.74,83.93,83.2,83.83,83.37,85.89,86.17,84.19,86.07,86.55,85.76,86.03,87.05,85.84,82.67,86.05,85.73,86.16,85.47,86.17,87.47,87.08,87.31,85.73,86.83,88.75,87.0,89.05,88.07,87.32,86.5,89.05,87.16,89.16,87.08,86.88,88.27,89.06,89.3,86.57,89.38,89.38,89.03,88.15,88.84,89.55,89.71,89.5,89.21,88.88,89.36,88.91,89.17,89.64,89.07,89.87,90.3,90.14,89.62,89.82,89.53,89.82,89.99,89.74,90.37,88.56,89.69,90.25,90.6,89.78,89.58,89.85,89.87,90.17,89.81,89.79,89.81,90.37,90.04,89.45,89.51,89.63,89.84,90.37,90.14,89.81,90.44
38.95,57.91,68.9,63.19,73.86,72.02,77.69,81.51,77.06,79.37,82.57,82.46,79.32,82.23,84.92,85.62,83.81,84.77,85.69,85.1,85.36,86.04,85.09,83.05,86.75,87.23,85.03,87.38,87.62,86.19,86.63,84.97,85.53,86.5,85.09,88.31,87.81,87.28,86.85,86.45,86.66,86.08,88.14,87.49,88.78,86.33,89.02,88.32,88.66,88.9,89.3,84.29,88.44,89.05,88.51,88.24,88.45,89.77,89.04,88.89,89.34,89.01,89.41,89.71,89.01,89.62,89.61,88.93,89.41,89.19,88.39,88.55,89.49,89.79,89.42,89.98,89.98,89.4,89.06,89.23,89.47,89.84,90.11,89.25,90.18,89.69,90.4,90.1,89.9,89.68,89.88,89.67,89.4,88.89,89.12,90.07,89.9,90.26,90.34,90.18

val_loss
1.904,1.133,1.005,0.958,0.801,0.632,0.651,0.587,0.582,0.68,0.566,0.496,0.982,0.503,0.498,0.53,0.517,0.545,0.44,0.423,0.518,0.45,0.422,0.452,0.452,0.419,0.478,0.616,0.499,0.509,0.475,0.527,0.506,0.449,0.522,0.484,0.55,0.523,0.444,0.497,0.422,0.453,0.503,0.552,0.465,0.536,0.46,0.545,0.56,0.504,0.446,0.445,0.597,0.445,0.458,0.467,0.528,0.495,0.461,0.465,0.469,0.487,0.5,0.482,0.517,0.533,0.48,0.497,0.468,0.448,0.459,0.481,0.485,0.529,0.492,0.487,0.493,0.454,0.568,0.505,0.49,0.47,0.51,0.52,0.523,0.514,0.475,0.525,0.487,0.505,0.499,0.487,0.554,0.549,0.518,0.528,0.492,0.524,0.514,0.499
1.808,1.175,0.912,1.154,0.797,0.866,0.658,0.544,0.726,0.65,0.526,0.528,0.666,0.564,0.454,0.439,0.519,0.46,0.458,0.477,0.46,0.452,0.474,0.582,0.437,0.425,0.532,0.425,0.432,0.496,0.481,0.535,0.545,0.489,0.591,0.415,0.451,0.477,0.504,0.541,0.521,0.573,0.473,0.521,0.46,0.581,0.444,0.473,0.489,0.477,0.447,0.729,0.48,0.463,0.509,0.545,0.507,0.457,0.525,0.486,0.488,0.5,0.472,0.505,0.501,0.502,0.503,0.528,0.477,0.527,0.534,0.509,0.516,0.499,0.506,0.47,0.478,0.519,0.505,0.557,0.505,0.467,0.491,0.582,0.491,0.522,0.49,0.487,0.52,0.517,0.521,0.527,0.556,0.567,0.578,0.506,0.53,0.516,0.513,0.499

learning_rate
0.05,0.05,0.05,0.05,0.05,0.05,0.05,0.05,0.05,0.05,0.05,0.05,0.05,0.05,0.05,0.05,0.05,0.05,0.05,0.05,0.05,0.05,0.05,0.05,0.05,0.05,0.05,0.05,0.05,0.05,0.05,0.05,0.05,0.05,0.05,0.05,0.05,0.05,0.05,0.05,0.05,0.05,0.05,0.05,0.05,0.05,0.05,0.05,0.05,0.05,0.05,0.05,0.05,0.05,0.05,0.05,0.05,0.05,0.05,0.05,0.05,0.05,0.05,0.05,0.05,0.05,0.05,0.05,0.05,0.05,0.05,0.05,0.05,0.05,0.05,0.05,0.05,0.05,0.05,0.05,0.05,0.05,0.05,0.05,0.05,0.05,0.05,0.05,0.05,0.05,0.05,0.05,0.05,0.05,0.05,0.05,0.05,0.05,0.05,0.05
0.05,0.05,0.05,0.05,0.05,0.05,0.05,0.05,0.05,0.05,0.05,0.05,0.05,0.05,0.05,0.05,0.05,0.05,0.05,0.05,0.05,0.05,0.05,0.05,0.05,0.05,0.05,0.05,0.05,0.05,0.05,0.05,0.05,0.05,0.05,0.05,0.05,0.05,0.05,0.05,0.05,0.05,0.05,0.05,0.05,0.05,0.05,0.05,0.05,0.05,0.05,0.05,0.05,0.05,0.05,0.05,0.05,0.05,0.05,0.05,0.05,0.05,0.05,0.05,0.05,0.05,0.05,0.05,0.05,0.05,0.05,0.05,0.05,0.05,0.05,0.05,0.05,0.05,0.05,0.05,0.05,0.05,0.05,0.05,0.05,0.05,0.05,0.05,0.05,0.05,0.05,0.05,0.05,0.05,0.05,0.05,0.05,0.05,0.05,0.05

