parameters
adam_lr:0.0001
adam_beta1:0.9
adam_beta2:0.999
adam_eps:1e-8
adam_weight_decay:0
adam_amsgrad:True
architecture:vgg19bn_
dataset:cifar10
combine_datasets:False
do_validation_set:False
epochs:100
batch_size:128
test_set_split:0.1666667
validation_set_split:0.0
reduce_train_set:1
executions:3
base_seed:42
training_method:adam
learning_method:constant

train_loss
1.547,1.088,0.907,0.79,0.699,0.627,0.578,0.531,0.494,0.458,0.426,0.404,0.378,0.356,0.335,0.32,0.302,0.283,0.271,0.257,0.239,0.229,0.218,0.206,0.197,0.187,0.18,0.169,0.162,0.155,0.144,0.14,0.135,0.128,0.124,0.116,0.107,0.107,0.106,0.095,0.095,0.093,0.089,0.082,0.084,0.077,0.073,0.074,0.069,0.065,0.063,0.061,0.063,0.058,0.057,0.058,0.05,0.054,0.054,0.046,0.047,0.048,0.045,0.045,0.041,0.042,0.038,0.04,0.037,0.038,0.035,0.039,0.032,0.033,0.032,0.03,0.031,0.031,0.03,0.031,0.028,0.027,0.029,0.024,0.026,0.026,0.026,0.024,0.023,0.024,0.025,0.023,0.024,0.023,0.026,0.024,0.019,0.021,0.021,0.02
1.518,1.068,0.887,0.768,0.683,0.619,0.577,0.527,0.491,0.455,0.425,0.402,0.379,0.352,0.339,0.319,0.302,0.283,0.27,0.248,0.242,0.222,0.217,0.204,0.197,0.188,0.178,0.164,0.16,0.152,0.146,0.137,0.133,0.13,0.121,0.112,0.111,0.106,0.105,0.097,0.099,0.092,0.088,0.084,0.08,0.078,0.073,0.077,0.068,0.067,0.062,0.066,0.059,0.058,0.056,0.054,0.055,0.054,0.049,0.05,0.047,0.045,0.043,0.044,0.044,0.041,0.038,0.037,0.04,0.037,0.04,0.03,0.039,0.033,0.03,0.035,0.031,0.03,0.03,0.03,0.03,0.028,0.028,0.026,0.027,0.028,0.026,0.024,0.022,0.027,0.019,0.028,0.021,0.022,0.02,0.02,0.024,0.021,0.021,0.022
1.548,1.085,0.899,0.784,0.697,0.629,0.579,0.532,0.494,0.461,0.429,0.402,0.384,0.358,0.343,0.321,0.302,0.281,0.271,0.255,0.242,0.231,0.215,0.208,0.196,0.187,0.178,0.168,0.162,0.153,0.146,0.144,0.133,0.128,0.128,0.117,0.112,0.107,0.104,0.099,0.095,0.092,0.086,0.081,0.084,0.081,0.074,0.075,0.067,0.067,0.063,0.063,0.06,0.058,0.058,0.055,0.053,0.056,0.052,0.05,0.046,0.044,0.047,0.042,0.042,0.042,0.041,0.039,0.036,0.035,0.038,0.033,0.038,0.036,0.031,0.031,0.033,0.03,0.031,0.031,0.029,0.029,0.028,0.028,0.028,0.029,0.023,0.023,0.023,0.025,0.022,0.022,0.026,0.024,0.021,0.022,0.019,0.02,0.021,0.022

train_acc1
41.51,61.01,67.634,72.404,75.768,78.398,79.994,81.896,82.94,84.19,85.316,86.016,86.91,87.762,88.328,88.948,89.474,90.114,90.618,91.224,91.612,92.068,92.456,92.908,93.198,93.51,93.792,94.246,94.276,94.66,94.97,95.21,95.258,95.576,95.652,95.95,96.286,96.248,96.306,96.622,96.658,96.752,96.882,97.074,97.086,97.37,97.414,97.448,97.572,97.722,97.746,97.882,97.72,97.954,97.956,97.976,98.256,98.1,98.114,98.386,98.34,98.308,98.38,98.41,98.522,98.586,98.736,98.642,98.69,98.65,98.772,98.606,98.896,98.84,98.948,98.918,98.922,98.854,98.962,98.938,99.04,99.06,98.974,99.166,99.082,99.104,99.106,99.16,99.206,99.172,99.152,99.208,99.19,99.202,99.09,99.164,99.364,99.28,99.26,99.354
43.38,61.55,68.706,73.268,76.316,78.488,80.026,81.982,83.1,84.31,85.186,86.116,86.768,87.726,88.094,88.784,89.466,90.13,90.642,91.306,91.594,92.346,92.356,92.92,93.112,93.382,93.888,94.23,94.426,94.696,95.006,95.292,95.334,95.548,95.768,96.06,96.084,96.22,96.334,96.576,96.564,96.76,96.938,97.102,97.18,97.272,97.358,97.306,97.594,97.708,97.824,97.676,97.96,97.94,97.994,98.15,98.09,98.104,98.304,98.212,98.33,98.414,98.476,98.492,98.416,98.536,98.658,98.702,98.576,98.702,98.586,98.93,98.59,98.83,99.002,98.772,98.938,98.93,98.948,98.992,98.988,98.996,99.018,99.05,99.086,99.024,99.09,99.162,99.246,99.102,99.368,99.01,99.26,99.238,99.348,99.29,99.182,99.27,99.334,99.29
41.814,60.964,68.122,72.646,75.89,78.058,80.064,81.506,82.986,84.138,85.12,86.152,86.726,87.646,88.124,88.86,89.596,90.216,90.478,91.194,91.604,91.936,92.608,92.834,93.186,93.568,93.794,94.116,94.372,94.638,94.904,94.952,95.318,95.532,95.572,95.936,96.13,96.31,96.384,96.534,96.632,96.86,97.006,97.198,97.072,97.132,97.34,97.346,97.656,97.58,97.758,97.878,97.938,97.976,97.96,98.08,98.142,98.058,98.168,98.224,98.414,98.444,98.268,98.516,98.562,98.536,98.504,98.644,98.728,98.802,98.696,98.836,98.684,98.726,98.906,98.92,98.826,98.878,98.908,98.9,99.05,98.976,99.06,99.024,99.026,99.014,99.162,99.222,99.262,99.166,99.208,99.216,99.098,99.2,99.316,99.252,99.336,99.35,99.29,99.252

val_acc1
57.22,64.62,68.75,72.43,75.71,77.74,76.81,78.94,80.95,80.29,82.74,82.72,81.44,81.66,84.32,82.04,83.47,84.09,84.48,85.12,83.9,85.21,85.14,84.8,86.31,85.97,86.06,85.58,85.78,86.21,86.55,85.89,85.94,84.88,86.5,86.66,86.31,85.18,86.67,86.87,87.2,86.84,87.09,86.76,87.1,87.78,86.35,87.64,87.11,86.9,87.71,86.63,87.29,87.63,87.75,87.76,88.15,87.71,88.25,87.45,88.08,87.4,87.62,87.66,87.81,87.94,87.89,88.02,87.73,87.68,88.07,88.41,88.34,88.7,88.55,88.04,88.15,88.17,88.01,87.98,88.31,88.03,88.41,88.27,88.1,87.92,88.15,88.15,88.2,88.24,88.21,88.45,88.27,88.51,87.93,88.8,88.92,88.52,88.17,89.03
56.86,64.39,70.0,73.03,77.2,76.38,75.79,79.0,80.82,81.87,82.07,81.93,80.59,82.47,84.09,83.36,83.45,83.76,84.44,83.92,85.09,85.42,84.88,84.26,85.74,86.11,86.36,85.25,85.18,86.43,86.61,85.62,86.01,85.21,85.48,85.94,86.73,86.7,86.49,87.05,87.01,87.02,86.46,86.63,86.45,86.9,84.78,87.33,86.98,87.24,87.91,87.67,88.01,87.79,87.41,87.43,87.79,87.18,87.82,87.39,86.7,87.49,87.9,87.78,87.77,87.42,87.29,87.78,87.42,87.59,88.04,87.78,87.7,88.18,87.75,87.79,87.54,88.21,88.09,87.52,88.52,87.87,87.66,87.8,88.26,88.44,88.28,88.84,88.68,88.21,88.78,87.88,88.6,88.5,88.61,88.68,88.44,88.81,88.44,88.75
57.0,62.36,68.81,73.12,76.3,77.41,77.16,74.81,81.92,81.71,81.49,81.92,82.66,82.88,83.84,80.55,84.2,82.92,85.16,83.61,84.95,85.04,85.11,84.8,86.11,85.77,86.41,85.55,85.55,85.9,86.17,85.98,85.39,86.2,86.1,85.84,85.56,86.87,86.2,86.16,86.05,86.79,86.7,87.16,87.5,86.76,86.61,87.74,86.64,86.79,86.9,86.31,87.47,87.58,86.51,86.5,87.71,87.11,87.87,88.02,88.07,87.84,87.32,87.77,86.8,87.28,87.9,87.74,88.11,87.61,87.9,87.89,88.23,88.21,87.25,88.12,88.08,87.91,87.55,87.5,88.11,87.67,87.59,88.12,88.07,88.05,88.17,88.06,88.33,88.07,88.47,88.29,87.62,88.76,88.4,88.52,88.54,88.27,88.16,88.22

val_loss
1.173,1.009,0.899,0.802,0.695,0.64,0.677,0.624,0.554,0.585,0.504,0.496,0.555,0.545,0.475,0.566,0.505,0.505,0.484,0.483,0.498,0.472,0.479,0.511,0.453,0.46,0.459,0.493,0.48,0.473,0.462,0.512,0.507,0.555,0.488,0.478,0.507,0.554,0.494,0.495,0.477,0.52,0.522,0.536,0.504,0.47,0.542,0.511,0.521,0.54,0.506,0.563,0.532,0.516,0.544,0.515,0.517,0.526,0.52,0.539,0.523,0.554,0.562,0.547,0.544,0.535,0.568,0.547,0.553,0.574,0.573,0.519,0.54,0.526,0.53,0.543,0.548,0.558,0.558,0.56,0.569,0.554,0.542,0.544,0.584,0.585,0.557,0.569,0.584,0.585,0.58,0.556,0.575,0.57,0.572,0.533,0.564,0.57,0.576,0.543
1.189,1.017,0.877,0.789,0.662,0.673,0.716,0.62,0.572,0.53,0.529,0.54,0.577,0.535,0.488,0.502,0.497,0.505,0.481,0.52,0.465,0.473,0.478,0.511,0.467,0.453,0.453,0.502,0.503,0.476,0.444,0.518,0.49,0.537,0.519,0.507,0.496,0.501,0.49,0.489,0.498,0.481,0.514,0.505,0.519,0.494,0.589,0.501,0.525,0.51,0.503,0.502,0.505,0.496,0.543,0.537,0.507,0.525,0.513,0.553,0.573,0.531,0.53,0.539,0.532,0.546,0.559,0.548,0.533,0.564,0.528,0.558,0.557,0.536,0.565,0.547,0.593,0.555,0.57,0.588,0.546,0.569,0.562,0.558,0.568,0.533,0.56,0.537,0.547,0.548,0.564,0.583,0.551,0.575,0.553,0.555,0.553,0.575,0.558,0.563
1.185,1.052,0.91,0.783,0.686,0.656,0.667,0.765,0.531,0.538,0.544,0.543,0.513,0.513,0.492,0.628,0.48,0.531,0.47,0.531,0.466,0.482,0.477,0.491,0.476,0.472,0.462,0.493,0.499,0.482,0.478,0.505,0.532,0.516,0.484,0.526,0.547,0.505,0.526,0.525,0.56,0.515,0.515,0.504,0.495,0.502,0.522,0.491,0.535,0.533,0.529,0.568,0.546,0.52,0.614,0.559,0.55,0.565,0.53,0.527,0.528,0.543,0.553,0.541,0.576,0.56,0.562,0.546,0.542,0.566,0.546,0.558,0.55,0.56,0.597,0.547,0.554,0.585,0.602,0.598,0.579,0.58,0.594,0.566,0.586,0.58,0.6,0.582,0.592,0.597,0.602,0.585,0.609,0.556,0.581,0.579,0.601,0.594,0.588,0.57

learning_rate
0.0001,0.0001,0.0001,0.0001,0.0001,0.0001,0.0001,0.0001,0.0001,0.0001,0.0001,0.0001,0.0001,0.0001,0.0001,0.0001,0.0001,0.0001,0.0001,0.0001,0.0001,0.0001,0.0001,0.0001,0.0001,0.0001,0.0001,0.0001,0.0001,0.0001,0.0001,0.0001,0.0001,0.0001,0.0001,0.0001,0.0001,0.0001,0.0001,0.0001,0.0001,0.0001,0.0001,0.0001,0.0001,0.0001,0.0001,0.0001,0.0001,0.0001,0.0001,0.0001,0.0001,0.0001,0.0001,0.0001,0.0001,0.0001,0.0001,0.0001,0.0001,0.0001,0.0001,0.0001,0.0001,0.0001,0.0001,0.0001,0.0001,0.0001,0.0001,0.0001,0.0001,0.0001,0.0001,0.0001,0.0001,0.0001,0.0001,0.0001,0.0001,0.0001,0.0001,0.0001,0.0001,0.0001,0.0001,0.0001,0.0001,0.0001,0.0001,0.0001,0.0001,0.0001,0.0001,0.0001,0.0001,0.0001,0.0001,0.0001
0.0001,0.0001,0.0001,0.0001,0.0001,0.0001,0.0001,0.0001,0.0001,0.0001,0.0001,0.0001,0.0001,0.0001,0.0001,0.0001,0.0001,0.0001,0.0001,0.0001,0.0001,0.0001,0.0001,0.0001,0.0001,0.0001,0.0001,0.0001,0.0001,0.0001,0.0001,0.0001,0.0001,0.0001,0.0001,0.0001,0.0001,0.0001,0.0001,0.0001,0.0001,0.0001,0.0001,0.0001,0.0001,0.0001,0.0001,0.0001,0.0001,0.0001,0.0001,0.0001,0.0001,0.0001,0.0001,0.0001,0.0001,0.0001,0.0001,0.0001,0.0001,0.0001,0.0001,0.0001,0.0001,0.0001,0.0001,0.0001,0.0001,0.0001,0.0001,0.0001,0.0001,0.0001,0.0001,0.0001,0.0001,0.0001,0.0001,0.0001,0.0001,0.0001,0.0001,0.0001,0.0001,0.0001,0.0001,0.0001,0.0001,0.0001,0.0001,0.0001,0.0001,0.0001,0.0001,0.0001,0.0001,0.0001,0.0001,0.0001
0.0001,0.0001,0.0001,0.0001,0.0001,0.0001,0.0001,0.0001,0.0001,0.0001,0.0001,0.0001,0.0001,0.0001,0.0001,0.0001,0.0001,0.0001,0.0001,0.0001,0.0001,0.0001,0.0001,0.0001,0.0001,0.0001,0.0001,0.0001,0.0001,0.0001,0.0001,0.0001,0.0001,0.0001,0.0001,0.0001,0.0001,0.0001,0.0001,0.0001,0.0001,0.0001,0.0001,0.0001,0.0001,0.0001,0.0001,0.0001,0.0001,0.0001,0.0001,0.0001,0.0001,0.0001,0.0001,0.0001,0.0001,0.0001,0.0001,0.0001,0.0001,0.0001,0.0001,0.0001,0.0001,0.0001,0.0001,0.0001,0.0001,0.0001,0.0001,0.0001,0.0001,0.0001,0.0001,0.0001,0.0001,0.0001,0.0001,0.0001,0.0001,0.0001,0.0001,0.0001,0.0001,0.0001,0.0001,0.0001,0.0001,0.0001,0.0001,0.0001,0.0001,0.0001,0.0001,0.0001,0.0001,0.0001,0.0001,0.0001

