parameters
adam_lr:0.0001
adam_beta1:0.9
adam_beta2:0.999
adam_eps:1e-8
adam_weight_decay:0
adam_amsgrad:False
architecture:vgg19bn_
dataset:cifar10
combine_datasets:False
do_validation_set:False
epochs:100
batch_size:128
test_set_split:0.1666667
validation_set_split:0.0
reduce_train_set:1
executions:3
base_seed:42
training_method:adam
learning_method:constant

train_loss
1.547,1.083,0.902,0.786,0.695,0.622,0.58,0.532,0.496,0.458,0.43,0.408,0.383,0.359,0.341,0.328,0.304,0.288,0.277,0.257,0.249,0.23,0.222,0.21,0.2,0.192,0.186,0.171,0.17,0.159,0.152,0.146,0.136,0.139,0.129,0.12,0.119,0.117,0.112,0.107,0.103,0.1,0.099,0.092,0.09,0.085,0.087,0.083,0.08,0.077,0.076,0.071,0.072,0.07,0.069,0.069,0.068,0.062,0.064,0.061,0.061,0.059,0.059,0.058,0.056,0.054,0.051,0.05,0.05,0.05,0.048,0.05,0.048,0.047,0.046,0.045,0.047,0.041,0.044,0.043,0.04,0.042,0.044,0.038,0.042,0.04,0.039,0.04,0.036,0.041,0.033,0.037,0.033,0.039,0.035,0.033,0.034,0.034,0.035,0.032
1.513,1.067,0.887,0.768,0.689,0.624,0.58,0.533,0.494,0.463,0.434,0.409,0.387,0.364,0.347,0.328,0.31,0.291,0.279,0.257,0.245,0.232,0.224,0.212,0.203,0.195,0.185,0.174,0.17,0.158,0.153,0.147,0.14,0.138,0.132,0.119,0.123,0.115,0.113,0.109,0.105,0.104,0.096,0.092,0.093,0.087,0.087,0.083,0.082,0.076,0.076,0.075,0.068,0.071,0.072,0.068,0.068,0.064,0.065,0.063,0.058,0.059,0.06,0.057,0.057,0.054,0.053,0.056,0.051,0.047,0.053,0.047,0.053,0.046,0.048,0.046,0.049,0.044,0.041,0.043,0.045,0.041,0.04,0.039,0.041,0.038,0.041,0.036,0.04,0.036,0.037,0.036,0.034,0.038,0.033,0.033,0.037,0.034,0.036,0.03
1.548,1.084,0.897,0.781,0.694,0.626,0.58,0.534,0.496,0.463,0.431,0.408,0.382,0.362,0.344,0.325,0.307,0.287,0.276,0.257,0.247,0.236,0.223,0.213,0.204,0.188,0.183,0.176,0.163,0.162,0.153,0.149,0.14,0.138,0.134,0.125,0.119,0.116,0.111,0.107,0.107,0.098,0.098,0.094,0.094,0.09,0.085,0.087,0.08,0.077,0.078,0.074,0.076,0.073,0.07,0.067,0.069,0.065,0.061,0.063,0.06,0.057,0.06,0.057,0.057,0.056,0.053,0.051,0.051,0.05,0.05,0.05,0.049,0.045,0.047,0.046,0.046,0.042,0.046,0.044,0.042,0.041,0.04,0.041,0.041,0.041,0.042,0.037,0.036,0.038,0.036,0.037,0.036,0.038,0.033,0.034,0.035,0.037,0.031,0.036

train_acc1
41.722,61.154,67.818,72.51,75.74,78.466,79.836,81.606,82.736,84.27,85.152,85.894,86.854,87.61,88.086,88.782,89.532,90.142,90.458,91.114,91.444,91.98,92.306,92.722,93.002,93.34,93.648,94.098,93.984,94.49,94.678,94.826,95.278,95.152,95.506,95.698,95.774,95.92,96.038,96.342,96.374,96.53,96.48,96.83,96.822,97.01,96.888,97.086,97.132,97.344,97.328,97.518,97.516,97.514,97.618,97.59,97.552,97.77,97.806,97.852,97.884,97.928,97.972,98.046,97.988,98.138,98.206,98.284,98.238,98.226,98.284,98.228,98.306,98.362,98.348,98.426,98.374,98.554,98.5,98.534,98.612,98.498,98.428,98.708,98.54,98.57,98.674,98.636,98.778,98.552,98.85,98.68,98.852,98.682,98.758,98.828,98.846,98.8,98.762,98.892
43.468,61.568,68.54,73.326,76.026,78.302,79.834,81.67,82.838,84.008,84.99,85.86,86.624,87.508,87.9,88.6,89.238,89.818,90.192,91.098,91.528,91.958,92.16,92.588,93.018,93.21,93.494,93.934,94.034,94.482,94.658,94.838,95.168,95.15,95.3,95.786,95.738,95.914,96.048,96.164,96.26,96.326,96.668,96.776,96.576,96.994,96.882,97.02,97.164,97.33,97.34,97.314,97.576,97.458,97.49,97.62,97.706,97.758,97.79,97.764,97.98,97.886,97.87,97.98,97.984,98.14,98.152,97.97,98.172,98.428,98.146,98.366,98.168,98.398,98.316,98.368,98.252,98.482,98.582,98.464,98.43,98.578,98.582,98.644,98.536,98.662,98.568,98.76,98.592,98.714,98.714,98.754,98.872,98.726,98.88,98.862,98.74,98.778,98.78,98.956
41.868,61.062,68.244,72.752,75.89,78.248,79.942,81.646,82.77,84.012,85.198,85.73,86.736,87.366,88.08,88.764,89.334,90.142,90.328,91.074,91.48,91.744,92.2,92.542,92.8,93.432,93.538,93.844,94.324,94.33,94.598,94.788,95.054,95.176,95.314,95.62,95.722,96.056,96.064,96.276,96.304,96.4,96.482,96.75,96.686,96.866,96.974,97.002,97.208,97.234,97.27,97.378,97.398,97.366,97.524,97.694,97.592,97.718,97.792,97.808,97.866,97.948,97.964,98.0,98.0,98.07,98.166,98.282,98.256,98.244,98.248,98.274,98.318,98.372,98.352,98.334,98.4,98.546,98.4,98.482,98.566,98.57,98.648,98.51,98.602,98.538,98.548,98.656,98.714,98.626,98.782,98.728,98.766,98.64,98.9,98.798,98.774,98.708,98.91,98.748

val_acc1
54.91,62.63,69.3,71.26,75.81,77.68,77.47,78.42,80.06,81.1,81.76,82.66,81.75,81.94,82.82,81.15,84.56,82.93,84.26,84.46,85.15,86.31,85.66,83.48,86.62,86.65,86.01,85.8,86.31,86.28,86.83,86.3,87.31,84.78,86.29,86.64,86.55,86.6,85.97,87.27,86.42,86.09,85.4,86.67,86.86,88.0,86.39,87.69,86.77,87.5,87.5,87.47,86.83,87.78,86.93,87.3,87.73,87.65,87.62,87.15,87.27,87.73,87.67,88.07,88.52,87.72,88.37,88.04,87.81,88.06,87.89,87.85,87.33,88.14,87.75,88.36,88.2,87.89,87.76,88.14,88.33,87.24,88.19,88.31,88.19,88.56,88.3,88.9,87.75,88.51,88.02,88.42,88.45,87.39,87.97,88.25,88.4,88.41,88.19,88.39
56.32,62.92,70.4,73.16,76.44,75.5,75.54,79.18,80.83,81.58,82.26,80.61,81.59,81.97,84.01,82.4,83.25,83.28,83.27,83.9,85.24,85.65,85.24,84.57,86.47,86.03,86.36,86.19,85.49,86.32,86.74,85.51,86.92,86.78,86.02,86.31,85.26,86.57,85.81,86.31,86.38,86.11,87.73,87.37,86.71,87.04,86.78,87.46,86.89,87.22,87.9,87.29,88.13,87.42,87.9,87.12,87.44,87.73,87.37,87.48,87.77,87.5,87.02,87.33,88.06,87.79,87.68,87.78,88.49,88.23,87.91,87.51,87.54,87.82,88.05,88.74,88.24,87.98,88.13,88.48,88.46,88.6,87.9,88.95,88.25,89.38,87.78,88.9,89.11,88.47,89.21,89.02,88.72,88.97,88.61,88.85,88.55,88.46,88.11,88.58
55.7,64.25,70.12,72.42,76.37,76.63,77.14,76.68,81.54,82.49,81.18,81.35,82.98,82.06,83.12,82.04,84.24,83.38,83.85,83.62,84.66,85.26,85.17,85.07,86.76,85.41,86.1,86.15,86.37,86.11,85.94,86.65,87.36,85.95,87.17,86.15,86.71,87.74,86.7,86.27,86.12,85.39,87.51,86.97,87.22,87.41,84.84,88.5,86.9,86.69,87.29,87.61,86.78,87.46,87.56,87.81,87.37,87.22,87.01,87.38,88.17,87.38,88.17,87.93,88.39,87.51,88.34,88.12,87.99,88.43,87.21,88.41,88.13,88.6,87.86,88.45,88.87,88.19,88.26,88.87,87.44,88.84,87.68,88.94,88.31,88.59,88.08,89.1,87.25,89.0,88.51,88.72,88.75,88.35,89.0,88.88,88.19,88.52,89.08,88.66

val_loss
1.236,1.033,0.892,0.846,0.704,0.649,0.667,0.636,0.578,0.547,0.538,0.513,0.539,0.542,0.513,0.59,0.471,0.511,0.495,0.495,0.464,0.437,0.473,0.548,0.439,0.442,0.447,0.492,0.477,0.464,0.446,0.465,0.45,0.557,0.478,0.495,0.503,0.5,0.523,0.491,0.523,0.554,0.56,0.53,0.522,0.474,0.533,0.479,0.539,0.517,0.516,0.512,0.537,0.5,0.573,0.518,0.508,0.518,0.528,0.536,0.532,0.538,0.527,0.505,0.496,0.54,0.512,0.513,0.549,0.521,0.562,0.527,0.564,0.541,0.537,0.517,0.516,0.564,0.572,0.538,0.529,0.602,0.527,0.514,0.556,0.522,0.562,0.508,0.587,0.506,0.592,0.556,0.587,0.605,0.611,0.551,0.574,0.544,0.562,0.58
1.206,1.056,0.864,0.774,0.684,0.716,0.71,0.607,0.572,0.534,0.531,0.569,0.547,0.532,0.485,0.535,0.507,0.524,0.53,0.491,0.455,0.46,0.465,0.524,0.453,0.457,0.463,0.464,0.495,0.468,0.438,0.525,0.464,0.472,0.474,0.493,0.535,0.481,0.524,0.506,0.508,0.529,0.472,0.493,0.525,0.505,0.52,0.512,0.523,0.517,0.486,0.507,0.515,0.533,0.494,0.552,0.502,0.504,0.524,0.531,0.538,0.557,0.546,0.539,0.509,0.536,0.523,0.538,0.48,0.527,0.544,0.558,0.531,0.537,0.537,0.51,0.518,0.542,0.56,0.545,0.517,0.521,0.559,0.49,0.53,0.481,0.552,0.512,0.504,0.525,0.526,0.514,0.53,0.482,0.56,0.532,0.538,0.537,0.535,0.525
1.219,1.003,0.851,0.792,0.684,0.68,0.655,0.701,0.546,0.507,0.553,0.557,0.502,0.544,0.521,0.567,0.474,0.53,0.503,0.526,0.472,0.467,0.493,0.485,0.445,0.493,0.489,0.481,0.472,0.481,0.482,0.485,0.461,0.514,0.463,0.492,0.496,0.45,0.508,0.529,0.53,0.601,0.49,0.489,0.498,0.49,0.609,0.455,0.52,0.55,0.524,0.536,0.551,0.519,0.539,0.53,0.54,0.562,0.536,0.525,0.497,0.55,0.519,0.547,0.493,0.548,0.523,0.54,0.539,0.526,0.589,0.524,0.544,0.515,0.542,0.517,0.506,0.541,0.537,0.513,0.612,0.513,0.575,0.506,0.544,0.524,0.525,0.5,0.611,0.521,0.554,0.539,0.521,0.554,0.524,0.537,0.579,0.535,0.531,0.528

learning_rate
0.0001,0.0001,0.0001,0.0001,0.0001,0.0001,0.0001,0.0001,0.0001,0.0001,0.0001,0.0001,0.0001,0.0001,0.0001,0.0001,0.0001,0.0001,0.0001,0.0001,0.0001,0.0001,0.0001,0.0001,0.0001,0.0001,0.0001,0.0001,0.0001,0.0001,0.0001,0.0001,0.0001,0.0001,0.0001,0.0001,0.0001,0.0001,0.0001,0.0001,0.0001,0.0001,0.0001,0.0001,0.0001,0.0001,0.0001,0.0001,0.0001,0.0001,0.0001,0.0001,0.0001,0.0001,0.0001,0.0001,0.0001,0.0001,0.0001,0.0001,0.0001,0.0001,0.0001,0.0001,0.0001,0.0001,0.0001,0.0001,0.0001,0.0001,0.0001,0.0001,0.0001,0.0001,0.0001,0.0001,0.0001,0.0001,0.0001,0.0001,0.0001,0.0001,0.0001,0.0001,0.0001,0.0001,0.0001,0.0001,0.0001,0.0001,0.0001,0.0001,0.0001,0.0001,0.0001,0.0001,0.0001,0.0001,0.0001,0.0001
0.0001,0.0001,0.0001,0.0001,0.0001,0.0001,0.0001,0.0001,0.0001,0.0001,0.0001,0.0001,0.0001,0.0001,0.0001,0.0001,0.0001,0.0001,0.0001,0.0001,0.0001,0.0001,0.0001,0.0001,0.0001,0.0001,0.0001,0.0001,0.0001,0.0001,0.0001,0.0001,0.0001,0.0001,0.0001,0.0001,0.0001,0.0001,0.0001,0.0001,0.0001,0.0001,0.0001,0.0001,0.0001,0.0001,0.0001,0.0001,0.0001,0.0001,0.0001,0.0001,0.0001,0.0001,0.0001,0.0001,0.0001,0.0001,0.0001,0.0001,0.0001,0.0001,0.0001,0.0001,0.0001,0.0001,0.0001,0.0001,0.0001,0.0001,0.0001,0.0001,0.0001,0.0001,0.0001,0.0001,0.0001,0.0001,0.0001,0.0001,0.0001,0.0001,0.0001,0.0001,0.0001,0.0001,0.0001,0.0001,0.0001,0.0001,0.0001,0.0001,0.0001,0.0001,0.0001,0.0001,0.0001,0.0001,0.0001,0.0001
0.0001,0.0001,0.0001,0.0001,0.0001,0.0001,0.0001,0.0001,0.0001,0.0001,0.0001,0.0001,0.0001,0.0001,0.0001,0.0001,0.0001,0.0001,0.0001,0.0001,0.0001,0.0001,0.0001,0.0001,0.0001,0.0001,0.0001,0.0001,0.0001,0.0001,0.0001,0.0001,0.0001,0.0001,0.0001,0.0001,0.0001,0.0001,0.0001,0.0001,0.0001,0.0001,0.0001,0.0001,0.0001,0.0001,0.0001,0.0001,0.0001,0.0001,0.0001,0.0001,0.0001,0.0001,0.0001,0.0001,0.0001,0.0001,0.0001,0.0001,0.0001,0.0001,0.0001,0.0001,0.0001,0.0001,0.0001,0.0001,0.0001,0.0001,0.0001,0.0001,0.0001,0.0001,0.0001,0.0001,0.0001,0.0001,0.0001,0.0001,0.0001,0.0001,0.0001,0.0001,0.0001,0.0001,0.0001,0.0001,0.0001,0.0001,0.0001,0.0001,0.0001,0.0001,0.0001,0.0001,0.0001,0.0001,0.0001,0.0001

