parameters
adam_lr:0.0005
adam_beta1:0.9
adam_beta2:0.999
adam_eps:1e-8
adam_weight_decay:0
adam_amsgrad:True
architecture:vgg19bn_
dataset:cifar10
combine_datasets:False
do_validation_set:False
epochs:100
batch_size:128
test_set_split:0.1666667
validation_set_split:0.0
reduce_train_set:1
executions:3
base_seed:42
training_method:adam
learning_method:constant

train_loss
1.598,1.117,0.871,0.738,0.648,0.576,0.529,0.481,0.437,0.412,0.377,0.354,0.33,0.31,0.288,0.273,0.254,0.237,0.226,0.21,0.2,0.186,0.172,0.165,0.158,0.149,0.14,0.133,0.128,0.118,0.113,0.104,0.102,0.097,0.093,0.088,0.084,0.079,0.077,0.071,0.071,0.066,0.063,0.059,0.06,0.057,0.055,0.055,0.046,0.047,0.042,0.045,0.041,0.046,0.04,0.039,0.039,0.039,0.031,0.036,0.03,0.032,0.029,0.028,0.03,0.029,0.029,0.029,0.022,0.028,0.024,0.023,0.023,0.022,0.024,0.022,0.023,0.021,0.018,0.023,0.018,0.021,0.02,0.021,0.018,0.017,0.017,0.015,0.016,0.017,0.016,0.017,0.015,0.015,0.015,0.014,0.014,0.014,0.015,0.014
1.571,1.088,0.858,0.724,0.635,0.561,0.519,0.474,0.429,0.399,0.363,0.345,0.324,0.304,0.282,0.268,0.246,0.234,0.219,0.207,0.193,0.184,0.17,0.165,0.156,0.145,0.136,0.13,0.127,0.118,0.111,0.103,0.098,0.094,0.093,0.084,0.08,0.074,0.079,0.07,0.07,0.065,0.059,0.06,0.058,0.053,0.053,0.052,0.047,0.049,0.044,0.043,0.04,0.041,0.04,0.04,0.034,0.036,0.035,0.035,0.032,0.028,0.03,0.032,0.028,0.028,0.028,0.023,0.028,0.025,0.026,0.025,0.023,0.022,0.022,0.021,0.016,0.02,0.023,0.022,0.02,0.021,0.019,0.019,0.019,0.019,0.016,0.018,0.014,0.016,0.015,0.017,0.014,0.016,0.014,0.016,0.012,0.015,0.012,0.013
1.625,1.151,0.899,0.751,0.656,0.582,0.535,0.483,0.442,0.413,0.379,0.358,0.334,0.311,0.29,0.277,0.261,0.243,0.227,0.213,0.204,0.191,0.177,0.169,0.156,0.148,0.147,0.13,0.131,0.12,0.117,0.106,0.102,0.099,0.095,0.087,0.08,0.079,0.074,0.072,0.07,0.065,0.064,0.061,0.059,0.055,0.05,0.05,0.046,0.047,0.045,0.046,0.04,0.04,0.041,0.037,0.036,0.039,0.033,0.031,0.029,0.03,0.028,0.029,0.03,0.026,0.029,0.026,0.027,0.025,0.025,0.02,0.022,0.021,0.02,0.023,0.021,0.02,0.019,0.017,0.02,0.019,0.017,0.018,0.019,0.013,0.016,0.016,0.015,0.017,0.014,0.014,0.015,0.016,0.014,0.013,0.011,0.014,0.012,0.014

train_acc1
37.72,60.29,69.46,74.632,78.084,80.584,82.25,83.996,85.332,86.266,87.412,88.178,88.774,89.654,90.374,90.896,91.462,92.008,92.284,92.994,93.22,93.802,94.186,94.378,94.65,95.01,95.32,95.486,95.676,96.086,96.202,96.346,96.502,96.686,96.814,96.974,97.164,97.346,97.476,97.55,97.634,97.772,97.862,97.926,97.94,98.1,98.13,98.168,98.422,98.418,98.608,98.51,98.572,98.414,98.642,98.592,98.716,98.648,98.954,98.838,98.998,98.988,99.056,99.102,99.016,99.018,99.044,99.044,99.278,99.108,99.15,99.216,99.268,99.252,99.274,99.252,99.28,99.358,99.412,99.266,99.408,99.352,99.358,99.276,99.412,99.462,99.424,99.474,99.444,99.422,99.498,99.414,99.538,99.5,99.464,99.52,99.5,99.566,99.522,99.526
39.138,61.522,70.288,75.354,78.39,81.194,82.656,84.096,85.726,86.708,87.906,88.464,89.246,89.892,90.54,91.072,91.83,92.178,92.674,93.052,93.692,93.78,94.26,94.596,94.736,95.152,95.45,95.666,95.696,96.054,96.228,96.456,96.718,96.888,96.824,97.198,97.272,97.506,97.336,97.624,97.66,97.758,98.006,98.01,98.078,98.262,98.208,98.238,98.428,98.338,98.518,98.582,98.656,98.596,98.698,98.652,98.87,98.844,98.822,98.818,98.94,99.06,98.976,98.958,99.066,99.09,99.092,99.222,99.076,99.166,99.134,99.176,99.208,99.22,99.246,99.334,99.434,99.322,99.23,99.234,99.326,99.292,99.322,99.362,99.392,99.356,99.446,99.398,99.546,99.464,99.492,99.45,99.552,99.5,99.55,99.468,99.612,99.494,99.62,99.554
36.318,58.466,68.536,74.06,77.996,80.43,82.074,83.85,85.292,86.284,87.358,87.962,88.938,89.628,90.298,90.81,91.168,91.886,92.438,92.886,93.15,93.608,94.14,94.324,94.78,94.95,94.96,95.62,95.63,95.99,96.11,96.402,96.636,96.684,96.76,97.028,97.32,97.368,97.554,97.57,97.628,97.764,97.834,97.914,98.04,98.204,98.266,98.404,98.41,98.33,98.536,98.452,98.632,98.64,98.642,98.772,98.824,98.694,98.89,98.93,99.0,98.962,99.054,99.034,98.988,99.11,99.1,99.116,99.072,99.21,99.182,99.366,99.25,99.278,99.316,99.246,99.268,99.37,99.32,99.438,99.314,99.372,99.45,99.41,99.396,99.55,99.466,99.432,99.48,99.42,99.522,99.518,99.48,99.46,99.502,99.598,99.636,99.528,99.594,99.536

val_acc1
49.86,66.44,72.31,76.64,77.67,80.07,79.24,81.2,83.87,85.43,82.95,83.96,84.57,85.41,85.81,87.47,86.48,86.91,87.59,88.39,88.45,88.75,87.84,88.85,88.29,89.38,88.81,88.69,88.83,89.21,89.85,89.29,88.74,89.57,88.85,89.89,90.04,89.4,89.24,90.1,89.0,90.49,90.05,90.01,90.32,90.63,89.27,90.39,89.63,89.43,90.33,90.48,90.5,90.45,90.78,90.5,90.58,91.05,90.1,90.66,90.81,90.58,91.09,91.29,89.39,90.22,90.65,91.34,90.5,90.67,91.01,90.66,90.76,91.02,90.53,91.14,90.71,91.09,90.71,90.84,91.05,91.0,91.03,90.59,91.06,91.47,90.85,91.21,90.97,91.12,90.68,91.33,91.08,90.98,90.71,91.11,91.31,90.81,90.57,91.16
52.96,64.4,70.94,71.71,78.93,79.99,79.95,83.18,83.09,83.01,83.83,84.32,86.18,86.26,87.22,87.38,88.22,87.5,87.86,88.11,87.92,88.58,89.15,88.72,89.34,88.91,88.68,88.54,89.93,89.86,89.51,89.56,89.9,89.7,89.28,90.21,89.52,89.7,90.48,90.02,89.75,90.58,90.89,90.27,90.65,90.31,90.4,90.59,90.76,90.48,90.7,90.98,90.7,90.66,90.38,90.76,91.15,90.51,90.75,90.88,91.05,90.68,90.59,91.22,90.92,90.37,90.66,90.17,91.32,90.59,90.89,91.29,90.61,91.23,91.02,90.92,90.69,90.85,90.84,91.07,90.9,90.78,91.13,91.31,91.29,91.29,91.02,91.08,91.02,90.96,91.32,91.28,90.94,91.27,91.29,91.07,91.29,91.19,91.58,91.54
47.27,63.78,68.96,76.29,76.89,80.71,81.63,82.35,84.17,83.61,83.26,84.84,85.18,86.08,86.23,87.37,86.98,86.73,86.89,87.64,87.22,88.66,89.23,88.9,89.23,88.01,88.62,88.72,88.94,89.0,89.27,89.22,89.48,89.32,88.71,90.08,88.74,89.97,89.56,90.4,90.0,90.18,90.0,89.68,90.01,90.36,89.57,90.98,90.29,90.01,90.59,90.65,90.53,90.36,90.44,90.8,90.72,90.51,90.35,90.56,91.09,90.86,90.4,90.79,90.62,90.34,90.75,90.29,90.69,90.37,90.76,90.8,91.07,90.79,91.12,90.93,90.76,91.1,90.83,91.01,90.68,91.29,90.6,90.76,90.93,91.02,91.05,91.23,90.63,91.23,91.03,90.88,90.98,90.74,91.09,91.29,91.14,91.43,90.99,91.3

val_loss
1.341,0.953,0.814,0.683,0.664,0.606,0.629,0.565,0.493,0.456,0.539,0.501,0.466,0.46,0.45,0.39,0.426,0.423,0.396,0.375,0.37,0.382,0.406,0.381,0.423,0.363,0.39,0.427,0.391,0.406,0.351,0.401,0.428,0.398,0.424,0.396,0.385,0.43,0.422,0.404,0.44,0.389,0.418,0.439,0.421,0.382,0.48,0.415,0.455,0.481,0.43,0.435,0.429,0.417,0.426,0.416,0.423,0.395,0.459,0.439,0.425,0.432,0.425,0.401,0.551,0.457,0.44,0.425,0.478,0.442,0.425,0.447,0.445,0.441,0.468,0.441,0.455,0.454,0.483,0.446,0.446,0.452,0.444,0.456,0.45,0.441,0.465,0.477,0.486,0.451,0.499,0.462,0.441,0.469,0.478,0.451,0.459,0.488,0.486,0.471
1.295,1.02,0.863,0.888,0.64,0.599,0.589,0.517,0.524,0.53,0.52,0.488,0.42,0.436,0.399,0.408,0.368,0.398,0.397,0.386,0.391,0.369,0.36,0.392,0.37,0.393,0.4,0.423,0.344,0.363,0.379,0.387,0.379,0.387,0.408,0.387,0.409,0.409,0.362,0.397,0.41,0.385,0.372,0.397,0.401,0.408,0.406,0.387,0.397,0.421,0.406,0.4,0.431,0.406,0.437,0.404,0.418,0.408,0.412,0.436,0.412,0.42,0.408,0.389,0.421,0.44,0.417,0.447,0.402,0.441,0.415,0.411,0.467,0.418,0.428,0.456,0.465,0.476,0.456,0.445,0.441,0.441,0.441,0.439,0.436,0.403,0.465,0.454,0.463,0.471,0.448,0.439,0.457,0.457,0.46,0.455,0.464,0.463,0.452,0.43
1.412,1.045,0.921,0.702,0.7,0.591,0.543,0.529,0.478,0.498,0.513,0.469,0.459,0.431,0.437,0.406,0.41,0.423,0.441,0.415,0.415,0.377,0.37,0.38,0.378,0.41,0.392,0.414,0.396,0.396,0.377,0.391,0.393,0.393,0.431,0.382,0.455,0.403,0.414,0.403,0.387,0.394,0.396,0.435,0.435,0.393,0.457,0.372,0.404,0.434,0.417,0.423,0.435,0.404,0.439,0.426,0.408,0.439,0.427,0.457,0.426,0.434,0.461,0.427,0.448,0.466,0.449,0.482,0.438,0.439,0.45,0.461,0.451,0.442,0.441,0.433,0.451,0.439,0.462,0.462,0.479,0.445,0.503,0.461,0.444,0.448,0.483,0.448,0.494,0.46,0.455,0.488,0.463,0.486,0.461,0.456,0.475,0.464,0.486,0.472

learning_rate
0.0005,0.0005,0.0005,0.0005,0.0005,0.0005,0.0005,0.0005,0.0005,0.0005,0.0005,0.0005,0.0005,0.0005,0.0005,0.0005,0.0005,0.0005,0.0005,0.0005,0.0005,0.0005,0.0005,0.0005,0.0005,0.0005,0.0005,0.0005,0.0005,0.0005,0.0005,0.0005,0.0005,0.0005,0.0005,0.0005,0.0005,0.0005,0.0005,0.0005,0.0005,0.0005,0.0005,0.0005,0.0005,0.0005,0.0005,0.0005,0.0005,0.0005,0.0005,0.0005,0.0005,0.0005,0.0005,0.0005,0.0005,0.0005,0.0005,0.0005,0.0005,0.0005,0.0005,0.0005,0.0005,0.0005,0.0005,0.0005,0.0005,0.0005,0.0005,0.0005,0.0005,0.0005,0.0005,0.0005,0.0005,0.0005,0.0005,0.0005,0.0005,0.0005,0.0005,0.0005,0.0005,0.0005,0.0005,0.0005,0.0005,0.0005,0.0005,0.0005,0.0005,0.0005,0.0005,0.0005,0.0005,0.0005,0.0005,0.0005
0.0005,0.0005,0.0005,0.0005,0.0005,0.0005,0.0005,0.0005,0.0005,0.0005,0.0005,0.0005,0.0005,0.0005,0.0005,0.0005,0.0005,0.0005,0.0005,0.0005,0.0005,0.0005,0.0005,0.0005,0.0005,0.0005,0.0005,0.0005,0.0005,0.0005,0.0005,0.0005,0.0005,0.0005,0.0005,0.0005,0.0005,0.0005,0.0005,0.0005,0.0005,0.0005,0.0005,0.0005,0.0005,0.0005,0.0005,0.0005,0.0005,0.0005,0.0005,0.0005,0.0005,0.0005,0.0005,0.0005,0.0005,0.0005,0.0005,0.0005,0.0005,0.0005,0.0005,0.0005,0.0005,0.0005,0.0005,0.0005,0.0005,0.0005,0.0005,0.0005,0.0005,0.0005,0.0005,0.0005,0.0005,0.0005,0.0005,0.0005,0.0005,0.0005,0.0005,0.0005,0.0005,0.0005,0.0005,0.0005,0.0005,0.0005,0.0005,0.0005,0.0005,0.0005,0.0005,0.0005,0.0005,0.0005,0.0005,0.0005
0.0005,0.0005,0.0005,0.0005,0.0005,0.0005,0.0005,0.0005,0.0005,0.0005,0.0005,0.0005,0.0005,0.0005,0.0005,0.0005,0.0005,0.0005,0.0005,0.0005,0.0005,0.0005,0.0005,0.0005,0.0005,0.0005,0.0005,0.0005,0.0005,0.0005,0.0005,0.0005,0.0005,0.0005,0.0005,0.0005,0.0005,0.0005,0.0005,0.0005,0.0005,0.0005,0.0005,0.0005,0.0005,0.0005,0.0005,0.0005,0.0005,0.0005,0.0005,0.0005,0.0005,0.0005,0.0005,0.0005,0.0005,0.0005,0.0005,0.0005,0.0005,0.0005,0.0005,0.0005,0.0005,0.0005,0.0005,0.0005,0.0005,0.0005,0.0005,0.0005,0.0005,0.0005,0.0005,0.0005,0.0005,0.0005,0.0005,0.0005,0.0005,0.0005,0.0005,0.0005,0.0005,0.0005,0.0005,0.0005,0.0005,0.0005,0.0005,0.0005,0.0005,0.0005,0.0005,0.0005,0.0005,0.0005,0.0005,0.0005

