parameters
adam_lr:0.001
adam_beta1:0.9
adam_beta2:0.999
adam_eps:1e-8
adam_weight_decay:0
adam_amsgrad:True
architecture:vgg19bn_
dataset:cifar10
combine_datasets:False
do_validation_set:False
epochs:100
batch_size:128
test_set_split:0.1666667
validation_set_split:0.0
reduce_train_set:1
executions:3
base_seed:42
training_method:adam
learning_method:constant

train_loss
1.829,1.395,1.112,0.967,0.806,0.698,0.615,0.549,0.497,0.458,0.415,0.392,0.362,0.34,0.317,0.299,0.279,0.262,0.241,0.234,0.211,0.204,0.186,0.178,0.169,0.157,0.152,0.142,0.134,0.127,0.117,0.111,0.11,0.104,0.098,0.096,0.085,0.082,0.085,0.08,0.074,0.07,0.066,0.064,0.064,0.059,0.055,0.054,0.049,0.048,0.045,0.049,0.042,0.049,0.044,0.045,0.041,0.039,0.036,0.036,0.034,0.033,0.035,0.031,0.031,0.029,0.028,0.027,0.026,0.028,0.028,0.024,0.03,0.026,0.023,0.023,0.022,0.023,0.02,0.023,0.021,0.02,0.018,0.02,0.022,0.018,0.019,0.02,0.017,0.017,0.017,0.017,0.019,0.017,0.012,0.013,0.014,0.015,0.013,0.013
1.789,1.356,1.037,0.86,0.736,0.648,0.596,0.534,0.491,0.455,0.416,0.391,0.367,0.345,0.321,0.308,0.285,0.27,0.254,0.236,0.223,0.211,0.202,0.186,0.178,0.172,0.16,0.154,0.143,0.14,0.131,0.126,0.115,0.117,0.112,0.101,0.093,0.09,0.096,0.084,0.082,0.08,0.075,0.075,0.068,0.069,0.065,0.065,0.058,0.059,0.06,0.056,0.054,0.052,0.049,0.049,0.048,0.049,0.041,0.038,0.041,0.038,0.04,0.038,0.037,0.038,0.034,0.03,0.033,0.031,0.03,0.035,0.031,0.028,0.028,0.026,0.028,0.024,0.028,0.024,0.026,0.02,0.024,0.024,0.025,0.021,0.019,0.019,0.021,0.021,0.021,0.018,0.021,0.021,0.018,0.02,0.019,0.017,0.017,0.017
1.801,1.336,1.035,0.863,0.752,0.664,0.603,0.548,0.506,0.467,0.43,0.405,0.385,0.36,0.337,0.318,0.299,0.28,0.266,0.252,0.236,0.224,0.21,0.203,0.196,0.181,0.172,0.163,0.157,0.145,0.142,0.129,0.126,0.123,0.117,0.11,0.104,0.099,0.098,0.091,0.092,0.087,0.079,0.075,0.075,0.072,0.069,0.07,0.061,0.065,0.059,0.057,0.056,0.052,0.054,0.051,0.05,0.049,0.043,0.046,0.042,0.042,0.042,0.038,0.04,0.037,0.034,0.035,0.033,0.03,0.029,0.03,0.033,0.03,0.03,0.031,0.029,0.028,0.028,0.028,0.028,0.027,0.022,0.026,0.027,0.022,0.026,0.018,0.021,0.021,0.02,0.02,0.021,0.02,0.019,0.023,0.018,0.016,0.02,0.017

train_acc1
26.018,47.408,59.974,66.048,72.272,76.428,79.518,81.834,83.448,84.876,86.244,86.954,87.992,88.716,89.428,90.08,90.762,91.34,91.924,92.216,92.918,93.294,93.872,94.03,94.322,94.732,94.93,95.338,95.532,95.834,96.134,96.29,96.38,96.572,96.762,96.84,97.21,97.296,97.206,97.294,97.626,97.668,97.82,97.846,97.904,97.946,98.174,98.208,98.428,98.42,98.482,98.406,98.602,98.338,98.508,98.532,98.644,98.738,98.794,98.816,98.846,98.916,98.848,98.952,98.972,99.01,99.074,99.15,99.198,99.09,99.06,99.182,98.978,99.136,99.262,99.208,99.23,99.246,99.34,99.222,99.304,99.346,99.408,99.354,99.266,99.402,99.402,99.328,99.478,99.47,99.446,99.458,99.394,99.476,99.62,99.558,99.522,99.522,99.582,99.578
27.848,48.048,62.262,69.562,74.694,78.11,80.266,82.504,83.884,85.08,86.364,87.118,87.888,88.736,89.48,89.994,90.704,90.986,91.596,92.226,92.774,93.166,93.454,93.906,94.198,94.37,94.84,94.97,95.328,95.428,95.826,95.848,96.352,96.196,96.43,96.818,97.016,97.028,96.922,97.242,97.38,97.462,97.574,97.63,97.82,97.8,97.888,97.958,98.132,98.102,98.05,98.252,98.3,98.378,98.414,98.452,98.498,98.408,98.646,98.808,98.712,98.76,98.688,98.814,98.812,98.846,98.878,99.024,99.0,99.014,99.028,98.914,99.06,99.148,99.128,99.172,99.172,99.236,99.126,99.252,99.162,99.334,99.226,99.262,99.234,99.374,99.39,99.396,99.316,99.324,99.332,99.448,99.372,99.344,99.426,99.35,99.37,99.462,99.426,99.424
27.626,49.984,63.442,70.252,74.652,77.62,79.904,81.85,83.15,84.792,85.948,86.656,87.324,88.28,88.978,89.634,90.236,90.984,91.286,91.896,92.386,92.706,93.168,93.378,93.568,94.186,94.47,94.676,94.822,95.292,95.448,95.85,95.908,96.042,96.244,96.48,96.664,96.85,96.844,97.082,97.058,97.228,97.522,97.602,97.588,97.71,97.818,97.71,98.016,97.946,98.174,98.166,98.234,98.372,98.312,98.358,98.372,98.434,98.614,98.554,98.672,98.684,98.678,98.832,98.696,98.82,98.926,98.904,98.912,99.0,99.028,99.036,98.964,99.0,99.072,99.03,99.1,99.1,99.134,99.108,99.108,99.156,99.314,99.172,99.166,99.318,99.168,99.452,99.332,99.294,99.382,99.364,99.38,99.378,99.396,99.266,99.448,99.51,99.396,99.468

val_acc1
28.25,49.61,62.15,69.47,72.09,77.39,80.09,79.14,82.7,80.98,83.24,84.2,83.67,85.22,86.19,86.74,84.34,87.48,86.93,86.71,88.09,88.36,88.83,88.91,88.76,89.37,88.78,89.09,88.78,88.38,89.65,89.12,89.04,89.7,89.57,89.51,89.75,89.46,88.65,90.02,89.73,89.85,90.1,89.81,90.26,90.07,89.41,90.23,90.14,90.08,89.66,90.42,90.05,89.98,90.15,90.89,90.72,90.29,90.74,90.64,90.43,90.56,90.35,90.64,89.6,90.44,90.13,90.87,90.57,90.29,91.07,90.13,90.47,90.65,90.16,90.62,90.4,90.39,90.51,90.86,90.99,90.94,90.56,90.64,90.81,90.98,90.48,90.43,90.69,90.86,91.04,90.37,90.67,90.88,91.19,91.19,91.0,90.85,90.73,91.44
38.37,50.17,66.88,72.94,76.21,78.37,78.12,79.39,82.78,81.49,83.42,83.48,84.12,86.52,86.84,86.28,86.45,87.91,87.46,87.83,88.65,88.12,87.93,88.39,87.99,88.65,88.72,88.93,88.61,88.32,88.55,88.98,88.77,88.99,89.57,89.17,89.7,89.53,88.6,89.35,89.89,88.78,90.0,90.07,90.04,90.26,90.16,89.85,89.63,89.78,90.43,89.98,89.92,90.16,90.31,90.19,90.03,90.14,90.38,90.36,90.78,90.07,90.11,90.06,90.62,89.83,90.07,90.01,89.75,90.63,90.24,90.49,89.97,90.51,90.42,90.69,90.41,90.39,90.56,90.53,90.54,90.61,90.44,90.52,91.02,90.74,90.94,90.45,90.75,90.6,90.68,90.75,90.92,90.17,90.85,90.77,90.85,91.2,90.67,90.6
38.98,56.31,63.66,71.5,68.68,78.13,79.85,79.14,83.95,82.28,82.47,81.27,84.81,83.79,84.89,84.1,85.58,87.15,87.05,86.84,87.73,88.09,88.21,88.37,87.17,88.82,87.94,87.47,88.33,88.61,89.88,89.08,89.71,89.41,89.64,89.86,89.26,88.86,89.03,89.84,89.72,90.02,89.45,89.74,90.09,90.02,89.24,90.34,90.36,88.94,90.16,90.56,90.48,89.44,90.4,90.19,89.99,89.95,90.49,89.97,90.28,90.56,90.38,90.81,89.62,90.4,90.22,90.41,90.15,90.23,90.24,90.36,90.21,90.94,90.71,90.16,90.39,90.19,90.41,90.3,90.84,89.84,90.67,90.74,90.7,90.67,90.34,90.66,90.22,90.12,90.3,90.8,90.49,90.75,90.22,90.45,90.81,90.76,90.74,91.0

val_loss
1.907,1.407,1.088,0.894,0.822,0.684,0.579,0.632,0.542,0.609,0.514,0.491,0.502,0.462,0.447,0.415,0.526,0.395,0.427,0.418,0.39,0.404,0.372,0.385,0.393,0.358,0.399,0.373,0.41,0.434,0.37,0.399,0.41,0.388,0.404,0.393,0.401,0.393,0.421,0.421,0.427,0.422,0.418,0.429,0.401,0.416,0.436,0.412,0.416,0.417,0.466,0.452,0.437,0.432,0.441,0.412,0.424,0.44,0.418,0.427,0.451,0.441,0.428,0.431,0.514,0.429,0.446,0.436,0.476,0.473,0.429,0.482,0.465,0.467,0.476,0.473,0.437,0.478,0.483,0.452,0.442,0.451,0.493,0.482,0.465,0.468,0.479,0.499,0.483,0.481,0.469,0.499,0.48,0.456,0.456,0.465,0.458,0.494,0.514,0.47
1.525,1.342,0.949,0.796,0.709,0.661,0.659,0.653,0.535,0.603,0.51,0.534,0.495,0.432,0.426,0.432,0.433,0.393,0.409,0.402,0.378,0.413,0.402,0.408,0.412,0.388,0.39,0.406,0.409,0.433,0.412,0.397,0.421,0.437,0.394,0.415,0.417,0.41,0.46,0.42,0.411,0.475,0.417,0.407,0.421,0.409,0.42,0.417,0.452,0.443,0.422,0.453,0.465,0.419,0.475,0.453,0.46,0.433,0.437,0.421,0.414,0.462,0.445,0.454,0.44,0.48,0.474,0.464,0.497,0.458,0.497,0.456,0.493,0.457,0.45,0.452,0.467,0.476,0.46,0.5,0.467,0.508,0.461,0.465,0.438,0.458,0.499,0.492,0.492,0.468,0.454,0.477,0.465,0.5,0.479,0.455,0.451,0.46,0.475,0.504
1.554,1.237,1.08,0.829,0.97,0.667,0.611,0.643,0.502,0.546,0.537,0.632,0.479,0.526,0.487,0.528,0.468,0.417,0.43,0.438,0.415,0.407,0.389,0.393,0.443,0.383,0.432,0.446,0.42,0.405,0.353,0.404,0.392,0.379,0.389,0.387,0.418,0.446,0.444,0.412,0.395,0.396,0.422,0.43,0.411,0.407,0.46,0.409,0.393,0.459,0.404,0.415,0.397,0.477,0.447,0.429,0.463,0.443,0.414,0.47,0.443,0.424,0.432,0.413,0.492,0.455,0.455,0.462,0.471,0.479,0.477,0.469,0.479,0.429,0.448,0.467,0.457,0.509,0.477,0.438,0.448,0.495,0.472,0.459,0.454,0.471,0.495,0.466,0.524,0.52,0.496,0.477,0.489,0.491,0.506,0.475,0.493,0.491,0.483,0.494

learning_rate
0.001,0.001,0.001,0.001,0.001,0.001,0.001,0.001,0.001,0.001,0.001,0.001,0.001,0.001,0.001,0.001,0.001,0.001,0.001,0.001,0.001,0.001,0.001,0.001,0.001,0.001,0.001,0.001,0.001,0.001,0.001,0.001,0.001,0.001,0.001,0.001,0.001,0.001,0.001,0.001,0.001,0.001,0.001,0.001,0.001,0.001,0.001,0.001,0.001,0.001,0.001,0.001,0.001,0.001,0.001,0.001,0.001,0.001,0.001,0.001,0.001,0.001,0.001,0.001,0.001,0.001,0.001,0.001,0.001,0.001,0.001,0.001,0.001,0.001,0.001,0.001,0.001,0.001,0.001,0.001,0.001,0.001,0.001,0.001,0.001,0.001,0.001,0.001,0.001,0.001,0.001,0.001,0.001,0.001,0.001,0.001,0.001,0.001,0.001,0.001
0.001,0.001,0.001,0.001,0.001,0.001,0.001,0.001,0.001,0.001,0.001,0.001,0.001,0.001,0.001,0.001,0.001,0.001,0.001,0.001,0.001,0.001,0.001,0.001,0.001,0.001,0.001,0.001,0.001,0.001,0.001,0.001,0.001,0.001,0.001,0.001,0.001,0.001,0.001,0.001,0.001,0.001,0.001,0.001,0.001,0.001,0.001,0.001,0.001,0.001,0.001,0.001,0.001,0.001,0.001,0.001,0.001,0.001,0.001,0.001,0.001,0.001,0.001,0.001,0.001,0.001,0.001,0.001,0.001,0.001,0.001,0.001,0.001,0.001,0.001,0.001,0.001,0.001,0.001,0.001,0.001,0.001,0.001,0.001,0.001,0.001,0.001,0.001,0.001,0.001,0.001,0.001,0.001,0.001,0.001,0.001,0.001,0.001,0.001,0.001
0.001,0.001,0.001,0.001,0.001,0.001,0.001,0.001,0.001,0.001,0.001,0.001,0.001,0.001,0.001,0.001,0.001,0.001,0.001,0.001,0.001,0.001,0.001,0.001,0.001,0.001,0.001,0.001,0.001,0.001,0.001,0.001,0.001,0.001,0.001,0.001,0.001,0.001,0.001,0.001,0.001,0.001,0.001,0.001,0.001,0.001,0.001,0.001,0.001,0.001,0.001,0.001,0.001,0.001,0.001,0.001,0.001,0.001,0.001,0.001,0.001,0.001,0.001,0.001,0.001,0.001,0.001,0.001,0.001,0.001,0.001,0.001,0.001,0.001,0.001,0.001,0.001,0.001,0.001,0.001,0.001,0.001,0.001,0.001,0.001,0.001,0.001,0.001,0.001,0.001,0.001,0.001,0.001,0.001,0.001,0.001,0.001,0.001,0.001,0.001

