parameters
adam_lr:0.00005
adam_beta1:0.9
adam_beta2:0.999
adam_eps:1e-8
adam_weight_decay:0
adam_amsgrad:False
architecture:vgg19bn_
dataset:cifar10
combine_datasets:False
do_validation_set:False
epochs:100
batch_size:128
test_set_split:0.1666667
validation_set_split:0.0
reduce_train_set:1
executions:3
base_seed:42
training_method:adam
learning_method:constant

train_loss
1.662,1.222,1.049,0.942,0.859,0.785,0.738,0.684,0.645,0.601,0.565,0.539,0.511,0.488,0.464,0.441,0.419,0.398,0.386,0.361,0.348,0.332,0.324,0.304,0.29,0.275,0.267,0.253,0.24,0.229,0.222,0.215,0.202,0.204,0.189,0.181,0.172,0.169,0.159,0.155,0.15,0.143,0.142,0.134,0.132,0.128,0.118,0.121,0.112,0.109,0.104,0.102,0.104,0.093,0.095,0.092,0.095,0.089,0.083,0.081,0.081,0.082,0.079,0.076,0.075,0.07,0.071,0.071,0.071,0.067,0.064,0.063,0.064,0.063,0.061,0.063,0.057,0.058,0.059,0.055,0.058,0.057,0.055,0.049,0.054,0.052,0.05,0.047,0.051,0.049,0.047,0.05,0.043,0.047,0.046,0.045,0.042,0.044,0.044,0.04
1.636,1.19,1.025,0.915,0.83,0.756,0.706,0.658,0.618,0.583,0.545,0.519,0.498,0.471,0.452,0.431,0.41,0.39,0.376,0.351,0.34,0.328,0.315,0.296,0.285,0.273,0.264,0.251,0.238,0.229,0.219,0.214,0.202,0.198,0.188,0.182,0.171,0.167,0.156,0.157,0.149,0.146,0.142,0.133,0.133,0.125,0.12,0.122,0.114,0.112,0.103,0.104,0.102,0.1,0.097,0.095,0.086,0.088,0.087,0.086,0.08,0.078,0.078,0.075,0.077,0.077,0.07,0.066,0.069,0.068,0.067,0.065,0.061,0.065,0.063,0.062,0.056,0.056,0.059,0.054,0.06,0.052,0.054,0.055,0.053,0.055,0.05,0.049,0.05,0.047,0.047,0.047,0.047,0.05,0.043,0.046,0.044,0.044,0.045,0.043
1.663,1.215,1.038,0.926,0.843,0.772,0.717,0.669,0.623,0.588,0.555,0.528,0.498,0.474,0.46,0.434,0.411,0.389,0.374,0.357,0.344,0.331,0.312,0.299,0.284,0.273,0.265,0.249,0.242,0.23,0.22,0.21,0.202,0.201,0.187,0.178,0.174,0.166,0.159,0.151,0.151,0.145,0.141,0.129,0.131,0.127,0.118,0.117,0.113,0.117,0.104,0.1,0.103,0.097,0.093,0.093,0.092,0.09,0.083,0.084,0.083,0.08,0.078,0.078,0.071,0.073,0.074,0.069,0.067,0.066,0.067,0.061,0.067,0.062,0.062,0.063,0.062,0.054,0.057,0.06,0.052,0.057,0.056,0.05,0.05,0.053,0.052,0.047,0.047,0.049,0.047,0.047,0.046,0.045,0.049,0.044,0.044,0.044,0.046,0.039

train_acc1
37.228,55.574,62.334,66.298,69.618,72.302,74.032,75.862,77.222,78.974,80.372,81.364,82.156,83.026,83.802,84.47,85.314,86.096,86.67,87.446,87.968,88.45,88.618,89.344,89.816,90.266,90.684,91.106,91.582,92.018,92.164,92.484,92.888,92.826,93.466,93.63,94.02,94.11,94.38,94.512,94.794,94.954,95.068,95.188,95.318,95.42,95.898,95.744,95.946,96.146,96.302,96.362,96.326,96.734,96.65,96.76,96.656,96.89,97.07,97.09,97.262,97.136,97.226,97.316,97.328,97.498,97.492,97.464,97.492,97.55,97.75,97.8,97.772,97.792,97.916,97.77,97.996,98.052,97.956,98.07,98.018,98.006,98.068,98.326,98.04,98.16,98.24,98.372,98.192,98.312,98.358,98.196,98.428,98.292,98.392,98.398,98.506,98.394,98.48,98.632
39.042,56.71,63.158,67.314,70.71,73.348,75.264,77.14,78.222,79.632,80.81,81.75,82.634,83.576,84.122,85.014,85.616,86.258,86.81,87.712,88.13,88.572,89.11,89.586,89.99,90.468,90.714,91.182,91.69,92.006,92.418,92.432,92.86,93.138,93.428,93.612,93.876,94.086,94.54,94.514,94.754,94.854,94.966,95.314,95.32,95.52,95.718,95.63,95.904,96.026,96.262,96.324,96.39,96.502,96.604,96.7,97.04,96.762,96.954,96.906,97.124,97.266,97.222,97.394,97.256,97.33,97.498,97.642,97.602,97.564,97.6,97.71,97.862,97.728,97.752,97.81,98.038,98.052,97.928,98.112,97.894,98.202,98.132,98.128,98.152,98.006,98.248,98.298,98.256,98.372,98.276,98.332,98.34,98.258,98.412,98.368,98.448,98.4,98.476,98.494
37.798,55.81,62.654,67.112,70.116,72.572,74.944,76.572,78.194,79.432,80.554,81.5,82.726,83.44,84.02,84.908,85.692,86.316,86.876,87.566,88.132,88.428,89.072,89.542,90.178,90.426,90.7,91.182,91.552,91.99,92.248,92.592,93.036,92.878,93.41,93.788,93.898,94.066,94.408,94.616,94.726,94.9,94.99,95.438,95.324,95.534,95.886,95.782,95.97,95.818,96.288,96.472,96.384,96.578,96.708,96.744,96.762,96.882,97.104,97.022,97.136,97.226,97.264,97.256,97.486,97.4,97.434,97.604,97.664,97.716,97.666,97.88,97.636,97.78,97.808,97.804,97.864,98.058,98.05,97.906,98.106,97.944,98.002,98.232,98.244,98.11,98.178,98.342,98.4,98.344,98.36,98.358,98.358,98.47,98.326,98.4,98.454,98.434,98.404,98.656

val_acc1
50.33,59.48,62.5,66.27,71.14,70.9,71.28,75.78,76.21,76.24,78.04,78.55,78.78,79.1,80.25,77.55,80.85,79.85,81.35,81.59,82.85,82.57,82.48,82.97,83.33,83.32,83.26,82.78,83.03,83.31,83.86,82.53,83.47,84.32,83.75,83.18,83.83,84.3,83.26,84.62,83.85,84.65,84.51,84.22,83.93,84.88,84.66,85.17,84.85,84.17,84.56,84.63,85.58,84.61,84.3,85.31,84.59,85.15,84.38,85.16,85.5,84.46,85.0,85.8,85.06,85.55,85.3,85.69,85.86,85.45,85.27,85.52,85.41,85.89,86.5,86.65,84.44,85.37,85.78,85.9,85.71,86.05,86.0,85.58,85.94,86.2,86.07,86.58,85.61,85.87,86.1,86.14,85.76,86.56,86.25,86.06,85.83,86.28,85.71,85.77
51.67,60.97,66.22,67.46,72.1,71.92,75.17,74.62,77.34,78.74,79.24,79.98,79.43,80.59,79.65,80.02,80.09,80.51,81.44,81.0,82.4,81.96,83.11,83.19,83.67,82.67,83.94,82.6,82.38,83.44,83.34,83.86,83.55,83.51,83.63,83.85,84.2,84.49,82.83,83.97,83.79,83.42,84.03,84.54,84.47,85.23,83.86,84.28,83.75,84.9,84.82,84.65,85.48,84.78,84.35,85.38,85.46,84.84,84.44,84.73,85.52,85.14,85.99,84.28,85.5,85.66,84.88,84.97,86.09,84.77,85.8,85.32,85.76,85.88,85.56,85.62,85.89,85.65,85.22,85.59,85.99,86.24,86.17,85.17,86.11,85.53,85.74,86.1,85.93,86.09,85.66,85.39,86.05,85.65,86.54,86.49,86.03,86.12,85.7,85.92
48.58,59.99,64.81,68.42,71.64,72.11,73.44,72.48,77.07,76.83,78.62,79.3,78.07,79.29,79.26,78.86,80.18,80.92,81.92,80.22,82.38,82.05,82.51,82.28,83.14,83.16,83.06,82.5,82.9,83.8,84.29,83.49,83.68,83.02,83.19,84.05,84.06,83.19,84.04,83.57,83.77,83.69,84.61,84.64,84.34,84.0,84.17,84.89,84.6,84.92,84.09,84.73,84.59,84.58,85.25,85.32,85.58,84.9,84.74,85.37,85.4,85.4,84.33,85.36,85.28,85.14,85.94,85.49,85.11,85.65,85.64,85.01,85.06,85.52,85.23,86.13,85.06,85.47,85.59,85.97,85.13,85.67,85.65,85.9,85.83,85.38,85.71,86.0,86.18,85.7,86.7,85.44,86.15,85.87,86.83,86.98,86.39,86.03,87.02,86.72

val_loss
1.333,1.13,1.059,0.959,0.815,0.818,0.839,0.696,0.685,0.678,0.637,0.61,0.624,0.607,0.577,0.661,0.562,0.604,0.565,0.558,0.523,0.535,0.542,0.53,0.528,0.528,0.523,0.554,0.55,0.549,0.526,0.602,0.557,0.544,0.539,0.566,0.593,0.551,0.615,0.549,0.586,0.552,0.568,0.573,0.608,0.547,0.597,0.563,0.598,0.623,0.6,0.603,0.571,0.631,0.645,0.602,0.616,0.588,0.629,0.609,0.61,0.644,0.622,0.589,0.648,0.618,0.624,0.628,0.599,0.633,0.657,0.649,0.642,0.634,0.625,0.613,0.694,0.666,0.665,0.643,0.645,0.642,0.615,0.675,0.635,0.628,0.64,0.626,0.677,0.634,0.643,0.628,0.669,0.623,0.621,0.646,0.665,0.684,0.68,0.695
1.3,1.102,0.956,0.92,0.787,0.804,0.729,0.74,0.655,0.618,0.602,0.592,0.604,0.561,0.596,0.594,0.589,0.587,0.554,0.566,0.546,0.54,0.517,0.524,0.522,0.551,0.513,0.538,0.569,0.549,0.543,0.548,0.557,0.567,0.565,0.546,0.551,0.541,0.604,0.579,0.594,0.612,0.59,0.568,0.596,0.53,0.612,0.571,0.618,0.585,0.597,0.598,0.571,0.59,0.636,0.601,0.593,0.618,0.607,0.626,0.61,0.619,0.584,0.659,0.607,0.614,0.629,0.645,0.612,0.688,0.599,0.632,0.625,0.622,0.644,0.64,0.617,0.641,0.669,0.675,0.654,0.612,0.603,0.664,0.643,0.66,0.65,0.632,0.645,0.633,0.653,0.688,0.658,0.665,0.634,0.626,0.645,0.658,0.67,0.646
1.377,1.099,0.983,0.895,0.799,0.783,0.759,0.799,0.676,0.66,0.616,0.598,0.64,0.606,0.601,0.625,0.575,0.562,0.552,0.602,0.535,0.548,0.527,0.548,0.542,0.536,0.53,0.563,0.544,0.528,0.525,0.549,0.542,0.558,0.581,0.544,0.547,0.598,0.571,0.606,0.587,0.593,0.566,0.569,0.587,0.588,0.612,0.574,0.621,0.576,0.628,0.606,0.633,0.606,0.6,0.604,0.605,0.618,0.632,0.616,0.612,0.601,0.66,0.607,0.625,0.619,0.603,0.618,0.64,0.641,0.617,0.65,0.638,0.631,0.647,0.621,0.645,0.648,0.654,0.623,0.673,0.646,0.63,0.625,0.651,0.647,0.674,0.647,0.649,0.653,0.623,0.676,0.64,0.649,0.6,0.62,0.666,0.666,0.607,0.65

learning_rate
5e-05,5e-05,5e-05,5e-05,5e-05,5e-05,5e-05,5e-05,5e-05,5e-05,5e-05,5e-05,5e-05,5e-05,5e-05,5e-05,5e-05,5e-05,5e-05,5e-05,5e-05,5e-05,5e-05,5e-05,5e-05,5e-05,5e-05,5e-05,5e-05,5e-05,5e-05,5e-05,5e-05,5e-05,5e-05,5e-05,5e-05,5e-05,5e-05,5e-05,5e-05,5e-05,5e-05,5e-05,5e-05,5e-05,5e-05,5e-05,5e-05,5e-05,5e-05,5e-05,5e-05,5e-05,5e-05,5e-05,5e-05,5e-05,5e-05,5e-05,5e-05,5e-05,5e-05,5e-05,5e-05,5e-05,5e-05,5e-05,5e-05,5e-05,5e-05,5e-05,5e-05,5e-05,5e-05,5e-05,5e-05,5e-05,5e-05,5e-05,5e-05,5e-05,5e-05,5e-05,5e-05,5e-05,5e-05,5e-05,5e-05,5e-05,5e-05,5e-05,5e-05,5e-05,5e-05,5e-05,5e-05,5e-05,5e-05,5e-05
5e-05,5e-05,5e-05,5e-05,5e-05,5e-05,5e-05,5e-05,5e-05,5e-05,5e-05,5e-05,5e-05,5e-05,5e-05,5e-05,5e-05,5e-05,5e-05,5e-05,5e-05,5e-05,5e-05,5e-05,5e-05,5e-05,5e-05,5e-05,5e-05,5e-05,5e-05,5e-05,5e-05,5e-05,5e-05,5e-05,5e-05,5e-05,5e-05,5e-05,5e-05,5e-05,5e-05,5e-05,5e-05,5e-05,5e-05,5e-05,5e-05,5e-05,5e-05,5e-05,5e-05,5e-05,5e-05,5e-05,5e-05,5e-05,5e-05,5e-05,5e-05,5e-05,5e-05,5e-05,5e-05,5e-05,5e-05,5e-05,5e-05,5e-05,5e-05,5e-05,5e-05,5e-05,5e-05,5e-05,5e-05,5e-05,5e-05,5e-05,5e-05,5e-05,5e-05,5e-05,5e-05,5e-05,5e-05,5e-05,5e-05,5e-05,5e-05,5e-05,5e-05,5e-05,5e-05,5e-05,5e-05,5e-05,5e-05,5e-05
5e-05,5e-05,5e-05,5e-05,5e-05,5e-05,5e-05,5e-05,5e-05,5e-05,5e-05,5e-05,5e-05,5e-05,5e-05,5e-05,5e-05,5e-05,5e-05,5e-05,5e-05,5e-05,5e-05,5e-05,5e-05,5e-05,5e-05,5e-05,5e-05,5e-05,5e-05,5e-05,5e-05,5e-05,5e-05,5e-05,5e-05,5e-05,5e-05,5e-05,5e-05,5e-05,5e-05,5e-05,5e-05,5e-05,5e-05,5e-05,5e-05,5e-05,5e-05,5e-05,5e-05,5e-05,5e-05,5e-05,5e-05,5e-05,5e-05,5e-05,5e-05,5e-05,5e-05,5e-05,5e-05,5e-05,5e-05,5e-05,5e-05,5e-05,5e-05,5e-05,5e-05,5e-05,5e-05,5e-05,5e-05,5e-05,5e-05,5e-05,5e-05,5e-05,5e-05,5e-05,5e-05,5e-05,5e-05,5e-05,5e-05,5e-05,5e-05,5e-05,5e-05,5e-05,5e-05,5e-05,5e-05,5e-05,5e-05,5e-05

