parameters
adam_lr:0.0003
adam_beta1:0.9
adam_beta2:0.999
adam_eps:1e-8
adam_weight_decay:0
adam_amsgrad:True
architecture:vgg19bn_
dataset:cifar10
combine_datasets:False
do_validation_set:False
epochs:100
batch_size:128
test_set_split:0.1666667
validation_set_split:0.0
reduce_train_set:1
executions:3
base_seed:42
training_method:adam
learning_method:constant

train_loss
1.53,1.043,0.83,0.713,0.621,0.552,0.509,0.464,0.424,0.395,0.36,0.34,0.319,0.293,0.279,0.263,0.247,0.229,0.217,0.201,0.194,0.176,0.171,0.16,0.154,0.14,0.136,0.129,0.124,0.119,0.109,0.103,0.1,0.097,0.09,0.085,0.084,0.077,0.077,0.073,0.071,0.065,0.058,0.062,0.058,0.056,0.056,0.05,0.048,0.053,0.045,0.044,0.043,0.045,0.043,0.039,0.037,0.037,0.036,0.034,0.033,0.029,0.035,0.029,0.03,0.027,0.029,0.028,0.026,0.026,0.025,0.023,0.024,0.024,0.023,0.019,0.022,0.021,0.02,0.019,0.022,0.015,0.018,0.019,0.019,0.016,0.018,0.017,0.018,0.018,0.014,0.017,0.014,0.017,0.013,0.018,0.013,0.015,0.015,0.013
1.492,1.013,0.82,0.701,0.616,0.55,0.501,0.46,0.414,0.39,0.356,0.334,0.313,0.289,0.271,0.254,0.241,0.223,0.211,0.194,0.188,0.174,0.167,0.154,0.147,0.137,0.131,0.122,0.116,0.114,0.108,0.099,0.093,0.092,0.09,0.082,0.076,0.073,0.074,0.066,0.069,0.065,0.059,0.056,0.055,0.054,0.051,0.048,0.049,0.047,0.042,0.041,0.04,0.04,0.039,0.037,0.037,0.032,0.034,0.034,0.032,0.03,0.033,0.028,0.027,0.027,0.028,0.025,0.027,0.025,0.024,0.022,0.023,0.019,0.024,0.024,0.018,0.023,0.021,0.02,0.017,0.017,0.018,0.018,0.018,0.017,0.018,0.017,0.016,0.017,0.013,0.016,0.015,0.014,0.013,0.013,0.014,0.013,0.015,0.013
1.555,1.038,0.83,0.718,0.636,0.568,0.523,0.47,0.434,0.398,0.366,0.348,0.324,0.301,0.283,0.266,0.25,0.235,0.218,0.207,0.194,0.183,0.173,0.162,0.152,0.147,0.137,0.13,0.128,0.118,0.109,0.104,0.1,0.098,0.092,0.085,0.084,0.082,0.078,0.074,0.065,0.066,0.059,0.062,0.064,0.059,0.055,0.054,0.048,0.049,0.045,0.044,0.041,0.041,0.037,0.042,0.036,0.036,0.034,0.036,0.031,0.032,0.03,0.031,0.03,0.03,0.028,0.026,0.024,0.029,0.024,0.026,0.023,0.023,0.024,0.021,0.021,0.022,0.02,0.02,0.019,0.021,0.019,0.017,0.021,0.017,0.014,0.019,0.016,0.016,0.014,0.017,0.016,0.017,0.016,0.015,0.015,0.015,0.013,0.015

train_acc1
41.154,62.956,71.098,75.552,78.932,81.34,82.902,84.372,85.712,86.87,87.836,88.446,89.132,90.212,90.648,91.146,91.528,92.298,92.51,93.224,93.358,93.954,94.158,94.516,94.794,95.198,95.398,95.626,95.736,95.916,96.356,96.42,96.508,96.714,96.99,97.09,97.108,97.334,97.42,97.462,97.516,97.712,98.032,97.884,98.102,98.036,98.074,98.252,98.336,98.218,98.49,98.508,98.566,98.454,98.51,98.682,98.75,98.736,98.834,98.824,98.826,98.994,98.794,99.008,98.984,99.086,99.034,99.05,99.098,99.072,99.17,99.174,99.18,99.17,99.25,99.352,99.26,99.282,99.356,99.348,99.25,99.468,99.374,99.362,99.338,99.422,99.342,99.418,99.39,99.45,99.522,99.4,99.522,99.374,99.572,99.384,99.568,99.484,99.5,99.586
42.922,64.086,71.646,76.046,79.246,81.63,83.244,84.55,86.052,86.922,87.964,88.632,89.534,90.124,90.728,91.52,91.69,92.45,92.762,93.356,93.642,94.158,94.196,94.642,94.958,95.222,95.342,95.72,96.036,96.174,96.266,96.55,96.82,96.796,96.838,97.08,97.38,97.544,97.396,97.718,97.632,97.732,97.942,98.038,98.106,98.15,98.174,98.376,98.222,98.31,98.558,98.56,98.604,98.596,98.6,98.704,98.738,98.922,98.83,98.8,98.87,98.978,98.87,99.054,99.038,99.068,99.056,99.162,99.082,99.142,99.214,99.272,99.218,99.354,99.152,99.156,99.342,99.182,99.278,99.274,99.414,99.456,99.37,99.34,99.346,99.444,99.344,99.4,99.488,99.424,99.54,99.462,99.5,99.524,99.516,99.588,99.524,99.592,99.524,99.502
39.902,62.792,71.132,75.274,78.46,80.962,82.538,84.3,85.37,86.636,87.55,88.166,88.95,89.924,90.256,90.97,91.52,91.956,92.598,92.918,93.336,93.772,94.04,94.386,94.76,94.914,95.22,95.54,95.588,95.994,96.326,96.434,96.524,96.678,96.866,97.076,97.084,97.224,97.298,97.476,97.724,97.688,97.932,97.916,97.718,98.032,98.196,98.128,98.39,98.4,98.48,98.538,98.536,98.552,98.726,98.612,98.778,98.74,98.848,98.804,98.924,98.932,98.908,98.958,98.992,99.028,99.04,99.098,99.18,99.014,99.206,99.11,99.202,99.266,99.18,99.292,99.294,99.236,99.27,99.312,99.36,99.268,99.328,99.432,99.29,99.424,99.516,99.336,99.43,99.472,99.526,99.398,99.446,99.456,99.472,99.51,99.49,99.49,99.532,99.478

val_acc1
53.56,63.54,72.71,76.76,78.11,80.63,79.58,82.56,84.3,85.26,84.78,86.09,85.36,85.81,86.44,86.31,86.75,86.27,87.24,87.57,86.7,88.39,89.03,87.63,88.5,88.85,88.29,88.34,88.18,88.94,89.37,88.46,89.1,89.42,88.64,89.04,89.23,88.44,89.61,89.36,89.48,89.21,89.81,90.01,89.23,89.98,89.86,89.38,89.3,89.13,89.89,89.78,88.88,89.8,90.25,89.68,90.47,90.23,90.44,90.36,90.69,90.26,90.58,90.68,90.4,90.02,90.24,90.26,90.58,90.75,90.63,90.11,90.75,90.96,90.36,90.39,90.28,90.9,90.87,90.92,90.96,90.66,90.69,90.67,90.85,90.59,90.57,91.17,90.49,91.27,90.8,91.06,90.49,90.8,90.75,91.15,90.68,90.8,90.79,90.95
56.07,61.32,70.43,73.73,78.72,79.56,80.33,82.04,84.59,83.87,85.7,84.88,86.69,85.53,87.13,87.27,87.64,87.5,88.19,87.16,87.08,87.98,88.6,87.86,88.05,88.8,88.33,89.05,88.89,88.62,89.22,89.49,88.99,89.29,88.82,89.31,89.56,89.22,88.87,89.83,89.5,89.06,89.95,89.33,90.67,89.99,89.33,89.7,89.68,90.22,90.14,90.34,89.62,90.27,89.55,90.34,90.19,90.29,90.33,90.45,90.03,89.72,89.77,90.29,89.75,90.37,89.83,90.38,90.73,90.05,90.01,90.59,90.37,90.63,89.74,90.39,90.33,90.37,90.39,90.92,90.56,90.65,90.84,90.73,90.72,90.58,90.71,90.95,90.51,91.06,90.89,90.83,90.79,90.94,90.6,91.03,91.04,90.95,91.04,90.31
57.82,62.55,73.29,77.34,77.61,80.25,80.56,81.96,84.2,83.93,84.02,84.72,82.78,86.2,86.36,87.42,86.55,86.29,87.07,87.32,87.18,87.77,89.5,88.74,88.93,89.04,89.19,87.9,87.65,89.19,88.9,88.47,89.12,89.26,88.77,89.25,89.71,88.97,89.32,89.35,89.86,89.41,89.65,89.99,90.08,89.92,89.33,90.06,89.12,89.13,89.86,90.33,89.69,89.95,89.56,89.82,90.24,90.14,89.77,90.13,90.33,89.82,89.79,90.3,90.4,90.48,89.83,90.25,90.55,90.76,90.16,90.44,90.48,90.21,90.3,90.49,90.13,90.2,90.86,90.6,90.18,90.86,90.61,90.57,90.54,90.8,90.44,90.39,90.13,90.71,91.11,90.84,90.54,90.72,91.01,90.81,90.88,91.44,90.57,89.62

val_loss
1.291,1.051,0.801,0.682,0.644,0.574,0.602,0.516,0.485,0.437,0.467,0.426,0.446,0.45,0.433,0.422,0.406,0.446,0.421,0.399,0.441,0.38,0.37,0.43,0.402,0.373,0.396,0.412,0.4,0.393,0.364,0.417,0.394,0.383,0.408,0.421,0.425,0.463,0.395,0.42,0.399,0.433,0.413,0.406,0.43,0.396,0.429,0.448,0.48,0.445,0.43,0.464,0.495,0.43,0.461,0.464,0.417,0.448,0.425,0.433,0.415,0.449,0.425,0.425,0.442,0.442,0.437,0.444,0.433,0.446,0.439,0.468,0.446,0.423,0.46,0.457,0.475,0.451,0.443,0.465,0.461,0.474,0.481,0.468,0.457,0.464,0.474,0.443,0.475,0.435,0.501,0.461,0.503,0.461,0.488,0.452,0.455,0.475,0.481,0.467
1.267,1.133,0.913,0.826,0.64,0.617,0.576,0.532,0.471,0.486,0.439,0.441,0.408,0.443,0.41,0.409,0.377,0.386,0.38,0.411,0.404,0.395,0.375,0.416,0.434,0.383,0.409,0.392,0.389,0.401,0.394,0.387,0.404,0.397,0.418,0.411,0.402,0.415,0.435,0.405,0.406,0.452,0.392,0.438,0.396,0.415,0.465,0.446,0.442,0.412,0.406,0.439,0.466,0.438,0.478,0.441,0.425,0.441,0.438,0.433,0.466,0.46,0.475,0.461,0.486,0.451,0.483,0.459,0.45,0.49,0.467,0.45,0.478,0.48,0.49,0.447,0.473,0.494,0.466,0.457,0.486,0.476,0.464,0.472,0.477,0.494,0.486,0.475,0.523,0.462,0.494,0.489,0.481,0.486,0.496,0.472,0.472,0.487,0.466,0.517
1.15,1.069,0.786,0.667,0.669,0.603,0.581,0.535,0.469,0.491,0.493,0.47,0.529,0.421,0.435,0.404,0.41,0.439,0.426,0.414,0.42,0.423,0.364,0.381,0.382,0.373,0.375,0.435,0.436,0.386,0.392,0.421,0.405,0.393,0.414,0.417,0.393,0.433,0.407,0.417,0.402,0.422,0.43,0.424,0.409,0.402,0.436,0.392,0.461,0.447,0.44,0.433,0.476,0.436,0.493,0.434,0.449,0.448,0.439,0.444,0.468,0.454,0.471,0.449,0.43,0.433,0.462,0.451,0.445,0.431,0.477,0.458,0.47,0.469,0.466,0.465,0.475,0.477,0.465,0.469,0.481,0.453,0.454,0.472,0.473,0.455,0.488,0.467,0.484,0.466,0.481,0.454,0.46,0.481,0.465,0.464,0.471,0.443,0.493,0.554

learning_rate
0.0003,0.0003,0.0003,0.0003,0.0003,0.0003,0.0003,0.0003,0.0003,0.0003,0.0003,0.0003,0.0003,0.0003,0.0003,0.0003,0.0003,0.0003,0.0003,0.0003,0.0003,0.0003,0.0003,0.0003,0.0003,0.0003,0.0003,0.0003,0.0003,0.0003,0.0003,0.0003,0.0003,0.0003,0.0003,0.0003,0.0003,0.0003,0.0003,0.0003,0.0003,0.0003,0.0003,0.0003,0.0003,0.0003,0.0003,0.0003,0.0003,0.0003,0.0003,0.0003,0.0003,0.0003,0.0003,0.0003,0.0003,0.0003,0.0003,0.0003,0.0003,0.0003,0.0003,0.0003,0.0003,0.0003,0.0003,0.0003,0.0003,0.0003,0.0003,0.0003,0.0003,0.0003,0.0003,0.0003,0.0003,0.0003,0.0003,0.0003,0.0003,0.0003,0.0003,0.0003,0.0003,0.0003,0.0003,0.0003,0.0003,0.0003,0.0003,0.0003,0.0003,0.0003,0.0003,0.0003,0.0003,0.0003,0.0003,0.0003
0.0003,0.0003,0.0003,0.0003,0.0003,0.0003,0.0003,0.0003,0.0003,0.0003,0.0003,0.0003,0.0003,0.0003,0.0003,0.0003,0.0003,0.0003,0.0003,0.0003,0.0003,0.0003,0.0003,0.0003,0.0003,0.0003,0.0003,0.0003,0.0003,0.0003,0.0003,0.0003,0.0003,0.0003,0.0003,0.0003,0.0003,0.0003,0.0003,0.0003,0.0003,0.0003,0.0003,0.0003,0.0003,0.0003,0.0003,0.0003,0.0003,0.0003,0.0003,0.0003,0.0003,0.0003,0.0003,0.0003,0.0003,0.0003,0.0003,0.0003,0.0003,0.0003,0.0003,0.0003,0.0003,0.0003,0.0003,0.0003,0.0003,0.0003,0.0003,0.0003,0.0003,0.0003,0.0003,0.0003,0.0003,0.0003,0.0003,0.0003,0.0003,0.0003,0.0003,0.0003,0.0003,0.0003,0.0003,0.0003,0.0003,0.0003,0.0003,0.0003,0.0003,0.0003,0.0003,0.0003,0.0003,0.0003,0.0003,0.0003
0.0003,0.0003,0.0003,0.0003,0.0003,0.0003,0.0003,0.0003,0.0003,0.0003,0.0003,0.0003,0.0003,0.0003,0.0003,0.0003,0.0003,0.0003,0.0003,0.0003,0.0003,0.0003,0.0003,0.0003,0.0003,0.0003,0.0003,0.0003,0.0003,0.0003,0.0003,0.0003,0.0003,0.0003,0.0003,0.0003,0.0003,0.0003,0.0003,0.0003,0.0003,0.0003,0.0003,0.0003,0.0003,0.0003,0.0003,0.0003,0.0003,0.0003,0.0003,0.0003,0.0003,0.0003,0.0003,0.0003,0.0003,0.0003,0.0003,0.0003,0.0003,0.0003,0.0003,0.0003,0.0003,0.0003,0.0003,0.0003,0.0003,0.0003,0.0003,0.0003,0.0003,0.0003,0.0003,0.0003,0.0003,0.0003,0.0003,0.0003,0.0003,0.0003,0.0003,0.0003,0.0003,0.0003,0.0003,0.0003,0.0003,0.0003,0.0003,0.0003,0.0003,0.0003,0.0003,0.0003,0.0003,0.0003,0.0003,0.0003

