parameters
adam_lr:0.001
adam_beta1:0.9
adam_beta2:0.999
adam_eps:1e-8
adam_weight_decay:0
adam_amsgrad:False
architecture:vgg19bn_
dataset:cifar10
combine_datasets:False
do_validation_set:False
epochs:100
batch_size:128
test_set_split:0.1666667
validation_set_split:0.0
reduce_train_set:1
executions:3
base_seed:42
training_method:adam
learning_method:constant

train_loss
1.827,1.433,1.147,0.941,0.792,0.696,0.63,0.57,0.521,0.484,0.443,0.419,0.388,0.369,0.345,0.324,0.307,0.287,0.275,0.258,0.243,0.238,0.22,0.203,0.197,0.188,0.183,0.17,0.163,0.155,0.15,0.139,0.138,0.134,0.128,0.118,0.114,0.109,0.11,0.108,0.098,0.093,0.099,0.083,0.09,0.084,0.078,0.081,0.073,0.074,0.069,0.069,0.064,0.07,0.064,0.065,0.063,0.056,0.055,0.058,0.056,0.054,0.052,0.054,0.048,0.052,0.046,0.048,0.048,0.044,0.048,0.045,0.046,0.04,0.041,0.042,0.039,0.039,0.044,0.038,0.038,0.034,0.035,0.043,0.035,0.037,0.033,0.034,0.032,0.033,0.034,0.031,0.031,0.034,0.032,0.033,0.032,0.03,0.03,0.03
1.798,1.384,1.065,0.88,0.752,0.66,0.603,0.546,0.499,0.47,0.429,0.408,0.379,0.359,0.338,0.314,0.302,0.282,0.269,0.25,0.237,0.229,0.211,0.202,0.189,0.185,0.177,0.164,0.159,0.159,0.146,0.133,0.132,0.13,0.126,0.119,0.11,0.107,0.108,0.098,0.094,0.096,0.091,0.088,0.088,0.079,0.079,0.08,0.071,0.069,0.07,0.069,0.066,0.066,0.065,0.062,0.059,0.058,0.058,0.053,0.057,0.053,0.051,0.052,0.052,0.049,0.047,0.047,0.043,0.045,0.041,0.044,0.042,0.04,0.037,0.045,0.042,0.036,0.04,0.034,0.038,0.036,0.04,0.035,0.034,0.038,0.034,0.031,0.033,0.031,0.033,0.033,0.029,0.035,0.033,0.028,0.028,0.034,0.029,0.029
1.817,1.368,1.044,0.87,0.765,0.667,0.619,0.561,0.513,0.483,0.439,0.417,0.391,0.367,0.346,0.33,0.31,0.295,0.278,0.262,0.244,0.235,0.223,0.213,0.204,0.19,0.18,0.173,0.166,0.161,0.151,0.144,0.135,0.136,0.127,0.122,0.115,0.11,0.108,0.101,0.101,0.095,0.092,0.085,0.084,0.083,0.077,0.076,0.075,0.074,0.071,0.068,0.069,0.066,0.06,0.06,0.059,0.055,0.056,0.055,0.053,0.053,0.049,0.051,0.046,0.049,0.044,0.047,0.045,0.043,0.043,0.043,0.041,0.041,0.037,0.041,0.037,0.037,0.037,0.038,0.037,0.037,0.034,0.034,0.034,0.034,0.031,0.035,0.029,0.034,0.031,0.029,0.03,0.03,0.031,0.028,0.025,0.029,0.03,0.029

train_acc1
25.902,43.15,58.036,66.46,72.558,76.472,79.298,81.306,82.846,84.258,85.558,86.292,87.33,87.956,88.854,89.58,90.038,90.76,91.076,91.628,92.038,92.324,92.83,93.358,93.672,93.962,94.116,94.476,94.67,94.962,95.13,95.528,95.644,95.626,95.946,96.222,96.374,96.514,96.47,96.546,96.794,97.056,96.854,97.308,97.138,97.284,97.554,97.418,97.636,97.618,97.824,97.796,97.962,97.722,97.98,97.978,98.026,98.184,98.302,98.182,98.306,98.292,98.402,98.33,98.48,98.38,98.584,98.51,98.46,98.63,98.6,98.61,98.55,98.796,98.762,98.71,98.774,98.764,98.676,98.776,98.796,98.944,98.876,98.706,98.86,98.88,98.97,98.936,98.928,98.956,98.892,99.056,98.986,99.044,98.994,98.992,99.034,99.066,99.064,99.082
27.274,46.19,60.564,68.744,74.114,77.796,80.104,82.056,83.49,84.594,85.964,86.57,87.704,88.184,89.108,89.896,90.154,90.834,91.28,92.024,92.272,92.532,93.008,93.402,93.804,94.096,94.206,94.65,94.928,94.842,95.282,95.758,95.664,95.838,95.952,96.178,96.406,96.56,96.568,96.836,97.016,97.032,97.11,97.282,97.158,97.52,97.504,97.388,97.7,97.786,97.792,97.77,97.922,97.9,97.994,97.998,98.168,98.118,98.124,98.34,98.218,98.288,98.388,98.29,98.364,98.528,98.518,98.484,98.624,98.534,98.71,98.646,98.646,98.706,98.854,98.594,98.716,98.828,98.738,98.92,98.814,98.864,98.758,98.934,98.906,98.84,98.918,98.994,98.954,99.042,99.0,99.002,99.086,98.944,98.968,99.146,99.132,99.002,99.09,99.084
27.198,48.092,62.966,69.782,73.716,77.52,79.434,81.48,83.118,84.238,85.74,86.434,87.306,88.084,88.762,89.31,89.994,90.484,90.942,91.482,92.116,92.314,92.712,93.128,93.258,93.868,94.154,94.382,94.712,94.782,95.14,95.362,95.692,95.566,95.976,96.116,96.32,96.426,96.604,96.692,96.8,96.952,97.038,97.272,97.342,97.274,97.664,97.616,97.676,97.634,97.762,97.85,97.806,97.9,98.15,98.118,98.098,98.282,98.156,98.244,98.29,98.296,98.45,98.354,98.538,98.432,98.618,98.524,98.6,98.554,98.724,98.622,98.694,98.716,98.838,98.746,98.822,98.764,98.842,98.79,98.784,98.812,98.894,98.968,98.886,98.948,99.02,98.848,99.048,98.89,99.034,99.074,98.962,98.986,99.02,99.126,99.212,99.092,99.078,99.038

val_acc1
34.82,48.2,61.06,69.89,72.57,74.62,78.87,80.21,82.25,82.27,82.04,82.8,85.1,84.51,86.2,85.93,85.06,86.75,87.15,86.94,87.09,86.86,88.7,87.42,88.7,87.82,88.57,87.7,88.45,88.16,89.38,89.44,89.21,89.52,88.4,89.29,89.13,89.24,89.02,89.96,89.06,89.9,89.3,88.72,89.87,90.32,89.03,90.14,89.73,89.72,89.03,89.65,90.0,89.0,90.05,89.83,90.28,90.07,90.77,89.01,89.83,89.69,90.01,90.16,89.69,90.3,89.02,90.04,90.67,90.27,90.98,90.54,89.77,90.2,90.09,90.13,89.96,90.0,90.43,90.59,90.6,90.81,90.75,90.06,90.43,90.2,90.5,91.04,89.77,89.21,90.69,90.37,90.36,90.65,90.27,90.5,90.26,91.03,90.25,90.58
36.55,53.56,63.06,73.46,74.98,76.48,76.22,81.25,83.45,79.66,83.46,85.51,83.76,85.09,86.13,84.48,86.8,86.74,87.29,86.96,87.25,87.67,88.49,88.18,88.13,89.06,87.25,88.71,88.92,88.63,89.18,89.69,89.01,89.34,89.2,89.81,88.73,89.47,89.41,89.89,89.88,89.87,90.21,89.72,89.63,89.94,89.74,90.44,89.89,90.02,90.05,90.41,89.77,89.56,90.25,90.22,90.42,90.67,90.16,90.07,90.21,90.03,90.25,89.86,90.52,90.03,91.01,89.97,90.39,90.89,90.49,90.34,90.59,89.64,90.16,90.47,90.73,90.26,90.23,91.09,90.68,90.59,90.41,89.89,90.03,90.33,90.44,90.59,90.89,91.17,90.61,90.75,90.96,90.41,90.97,90.95,90.99,90.62,91.16,90.67
37.18,53.73,60.47,73.03,73.83,78.49,73.52,81.43,83.39,82.88,83.59,84.88,83.2,85.46,86.18,85.88,86.6,86.69,87.42,87.66,87.46,87.45,88.35,87.38,88.29,88.51,88.0,87.95,88.76,89.2,89.36,89.32,88.64,88.87,89.38,89.5,89.54,89.67,90.17,89.55,89.94,88.34,90.08,89.31,90.04,89.49,90.18,90.36,90.11,89.51,89.53,89.78,90.26,89.15,89.72,89.87,90.0,90.46,90.29,90.09,90.6,90.17,89.99,90.49,90.68,90.36,89.84,90.06,90.17,90.4,90.7,90.63,90.41,91.03,90.06,90.54,90.36,90.8,90.26,90.33,89.92,90.52,89.77,90.79,90.8,90.49,90.77,90.5,90.96,89.75,91.08,90.16,90.78,90.01,90.43,91.35,90.7,90.94,90.13,90.18

val_loss
1.644,1.442,1.09,0.862,0.793,0.75,0.626,0.587,0.546,0.534,0.56,0.543,0.457,0.494,0.438,0.453,0.52,0.433,0.432,0.434,0.434,0.444,0.377,0.444,0.404,0.417,0.392,0.459,0.409,0.434,0.393,0.396,0.406,0.403,0.44,0.427,0.441,0.403,0.429,0.397,0.409,0.433,0.449,0.481,0.436,0.38,0.457,0.395,0.442,0.437,0.502,0.447,0.452,0.482,0.435,0.444,0.421,0.447,0.407,0.488,0.432,0.473,0.432,0.436,0.467,0.44,0.52,0.46,0.422,0.492,0.403,0.451,0.501,0.474,0.464,0.459,0.435,0.465,0.482,0.45,0.444,0.446,0.455,0.44,0.5,0.467,0.475,0.421,0.507,0.534,0.462,0.477,0.504,0.44,0.501,0.439,0.479,0.455,0.489,0.453
1.659,1.225,1.052,0.773,0.744,0.728,0.709,0.564,0.518,0.672,0.516,0.455,0.511,0.483,0.463,0.506,0.419,0.43,0.41,0.426,0.431,0.41,0.383,0.397,0.425,0.374,0.459,0.414,0.403,0.42,0.373,0.383,0.403,0.407,0.403,0.387,0.442,0.41,0.419,0.398,0.426,0.406,0.388,0.44,0.423,0.427,0.418,0.397,0.405,0.406,0.432,0.441,0.445,0.443,0.438,0.42,0.432,0.405,0.437,0.436,0.437,0.409,0.447,0.451,0.419,0.467,0.423,0.424,0.44,0.422,0.426,0.422,0.433,0.501,0.475,0.431,0.429,0.478,0.474,0.432,0.45,0.436,0.456,0.488,0.481,0.458,0.462,0.51,0.445,0.439,0.45,0.452,0.436,0.454,0.443,0.461,0.455,0.458,0.421,0.422
1.531,1.282,1.186,0.785,0.782,0.64,0.815,0.55,0.521,0.559,0.516,0.48,0.527,0.473,0.451,0.465,0.439,0.425,0.424,0.424,0.418,0.42,0.382,0.447,0.423,0.385,0.425,0.439,0.411,0.381,0.404,0.407,0.431,0.398,0.396,0.403,0.435,0.375,0.365,0.421,0.381,0.488,0.411,0.428,0.425,0.43,0.398,0.395,0.412,0.436,0.431,0.435,0.412,0.452,0.45,0.427,0.456,0.412,0.386,0.419,0.414,0.421,0.444,0.431,0.423,0.44,0.467,0.463,0.446,0.436,0.394,0.425,0.437,0.42,0.449,0.424,0.466,0.444,0.456,0.438,0.469,0.442,0.49,0.422,0.479,0.452,0.436,0.45,0.413,0.456,0.429,0.488,0.465,0.508,0.491,0.433,0.483,0.482,0.452,0.504

learning_rate
0.001,0.001,0.001,0.001,0.001,0.001,0.001,0.001,0.001,0.001,0.001,0.001,0.001,0.001,0.001,0.001,0.001,0.001,0.001,0.001,0.001,0.001,0.001,0.001,0.001,0.001,0.001,0.001,0.001,0.001,0.001,0.001,0.001,0.001,0.001,0.001,0.001,0.001,0.001,0.001,0.001,0.001,0.001,0.001,0.001,0.001,0.001,0.001,0.001,0.001,0.001,0.001,0.001,0.001,0.001,0.001,0.001,0.001,0.001,0.001,0.001,0.001,0.001,0.001,0.001,0.001,0.001,0.001,0.001,0.001,0.001,0.001,0.001,0.001,0.001,0.001,0.001,0.001,0.001,0.001,0.001,0.001,0.001,0.001,0.001,0.001,0.001,0.001,0.001,0.001,0.001,0.001,0.001,0.001,0.001,0.001,0.001,0.001,0.001,0.001
0.001,0.001,0.001,0.001,0.001,0.001,0.001,0.001,0.001,0.001,0.001,0.001,0.001,0.001,0.001,0.001,0.001,0.001,0.001,0.001,0.001,0.001,0.001,0.001,0.001,0.001,0.001,0.001,0.001,0.001,0.001,0.001,0.001,0.001,0.001,0.001,0.001,0.001,0.001,0.001,0.001,0.001,0.001,0.001,0.001,0.001,0.001,0.001,0.001,0.001,0.001,0.001,0.001,0.001,0.001,0.001,0.001,0.001,0.001,0.001,0.001,0.001,0.001,0.001,0.001,0.001,0.001,0.001,0.001,0.001,0.001,0.001,0.001,0.001,0.001,0.001,0.001,0.001,0.001,0.001,0.001,0.001,0.001,0.001,0.001,0.001,0.001,0.001,0.001,0.001,0.001,0.001,0.001,0.001,0.001,0.001,0.001,0.001,0.001,0.001
0.001,0.001,0.001,0.001,0.001,0.001,0.001,0.001,0.001,0.001,0.001,0.001,0.001,0.001,0.001,0.001,0.001,0.001,0.001,0.001,0.001,0.001,0.001,0.001,0.001,0.001,0.001,0.001,0.001,0.001,0.001,0.001,0.001,0.001,0.001,0.001,0.001,0.001,0.001,0.001,0.001,0.001,0.001,0.001,0.001,0.001,0.001,0.001,0.001,0.001,0.001,0.001,0.001,0.001,0.001,0.001,0.001,0.001,0.001,0.001,0.001,0.001,0.001,0.001,0.001,0.001,0.001,0.001,0.001,0.001,0.001,0.001,0.001,0.001,0.001,0.001,0.001,0.001,0.001,0.001,0.001,0.001,0.001,0.001,0.001,0.001,0.001,0.001,0.001,0.001,0.001,0.001,0.001,0.001,0.001,0.001,0.001,0.001,0.001,0.001

