parameters
adam_lr:0.005
adam_beta1:0.9
adam_beta2:0.999
adam_eps:1e-8
adam_weight_decay:0
adam_amsgrad:True
architecture:vgg19bn_
dataset:cifar10
combine_datasets:False
do_validation_set:False
epochs:100
batch_size:128
test_set_split:0.1666667
validation_set_split:0.0
reduce_train_set:1
executions:3
base_seed:42
training_method:adam
learning_method:constant

train_loss
2.167,1.824,1.513,1.213,0.973,0.836,0.744,0.657,0.592,0.543,0.491,0.46,0.427,0.4,0.37,0.347,0.324,0.304,0.285,0.269,0.25,0.239,0.228,0.209,0.206,0.194,0.185,0.172,0.163,0.157,0.148,0.14,0.134,0.126,0.121,0.113,0.11,0.107,0.103,0.097,0.093,0.09,0.089,0.082,0.082,0.075,0.074,0.068,0.069,0.068,0.06,0.061,0.058,0.055,0.052,0.056,0.051,0.05,0.051,0.048,0.046,0.044,0.044,0.041,0.039,0.041,0.038,0.037,0.037,0.037,0.035,0.035,0.033,0.034,0.033,0.031,0.031,0.03,0.029,0.029,0.029,0.029,0.027,0.027,0.025,0.023,0.023,0.025,0.026,0.026,0.022,0.021,0.021,0.021,0.018,0.019,0.021,0.02,0.022,0.016
2.084,1.817,1.609,1.333,1.128,0.949,0.832,0.733,0.654,0.591,0.529,0.489,0.451,0.418,0.39,0.365,0.343,0.318,0.303,0.282,0.266,0.252,0.239,0.223,0.216,0.2,0.195,0.183,0.174,0.17,0.156,0.152,0.142,0.14,0.125,0.123,0.119,0.112,0.111,0.105,0.101,0.099,0.091,0.085,0.09,0.08,0.079,0.075,0.072,0.074,0.063,0.066,0.066,0.06,0.061,0.058,0.056,0.057,0.053,0.046,0.05,0.049,0.045,0.042,0.042,0.043,0.043,0.04,0.037,0.039,0.036,0.038,0.034,0.034,0.035,0.032,0.035,0.034,0.03,0.03,0.029,0.028,0.028,0.027,0.028,0.028,0.026,0.026,0.022,0.025,0.023,0.023,0.023,0.025,0.019,0.024,0.023,0.02,0.021,0.024
2.111,1.761,1.432,1.136,0.934,0.802,0.715,0.631,0.573,0.528,0.481,0.457,0.424,0.399,0.377,0.356,0.338,0.316,0.301,0.278,0.27,0.256,0.245,0.233,0.219,0.207,0.198,0.188,0.185,0.176,0.165,0.161,0.148,0.15,0.139,0.131,0.13,0.124,0.118,0.112,0.114,0.102,0.105,0.09,0.094,0.093,0.09,0.082,0.078,0.079,0.078,0.074,0.067,0.074,0.068,0.065,0.058,0.065,0.057,0.058,0.054,0.054,0.051,0.048,0.052,0.049,0.046,0.044,0.042,0.044,0.044,0.041,0.043,0.038,0.039,0.039,0.038,0.037,0.036,0.037,0.031,0.034,0.033,0.03,0.03,0.031,0.025,0.029,0.028,0.023,0.027,0.025,0.023,0.026,0.025,0.027,0.024,0.023,0.022,0.019

train_acc1
15.626,27.324,41.068,55.836,65.468,70.808,74.6,78.09,80.188,82.182,83.834,84.82,86.208,86.848,87.794,88.572,89.356,90.004,90.596,91.154,91.692,92.154,92.47,93.094,93.102,93.634,93.88,94.274,94.584,94.888,95.064,95.294,95.632,95.876,96.032,96.236,96.33,96.504,96.564,96.816,96.918,96.966,96.948,97.274,97.246,97.522,97.532,97.75,97.716,97.736,97.998,97.938,98.076,98.164,98.244,98.122,98.356,98.336,98.342,98.44,98.48,98.564,98.56,98.7,98.672,98.638,98.748,98.756,98.776,98.8,98.832,98.824,98.938,98.894,98.896,98.946,98.94,98.978,99.03,99.014,99.042,99.008,99.134,99.118,99.176,99.224,99.268,99.16,99.108,99.138,99.246,99.282,99.298,99.29,99.418,99.37,99.33,99.324,99.298,99.516
17.802,25.972,36.714,48.896,59.472,66.076,70.742,74.692,77.68,80.332,82.402,83.696,84.992,86.116,87.126,87.942,88.658,89.566,89.96,90.604,91.274,91.616,91.938,92.638,92.956,93.432,93.564,93.96,94.274,94.308,94.874,94.946,95.302,95.396,95.868,95.848,96.036,96.308,96.278,96.52,96.718,96.722,96.972,97.222,96.93,97.238,97.432,97.518,97.564,97.488,97.912,97.78,97.774,97.992,97.922,98.05,98.168,98.13,98.198,98.504,98.294,98.336,98.508,98.624,98.592,98.556,98.572,98.714,98.794,98.728,98.824,98.722,98.892,98.842,98.838,98.95,98.86,98.84,99.0,99.036,99.09,99.112,99.016,99.118,98.996,99.076,99.148,99.126,99.304,99.14,99.228,99.252,99.222,99.176,99.38,99.21,99.236,99.36,99.288,99.214
17.306,30.76,45.62,59.18,67.272,72.108,75.8,78.928,80.9,82.754,84.468,85.21,86.284,86.88,87.734,88.438,89.042,89.754,90.264,90.972,91.32,91.69,92.02,92.45,92.96,93.366,93.732,93.888,94.04,94.42,94.658,94.822,95.228,95.218,95.574,95.854,95.816,95.96,96.258,96.39,96.316,96.754,96.654,97.076,97.026,97.014,97.15,97.348,97.436,97.482,97.542,97.642,97.826,97.582,97.884,97.926,98.084,97.962,98.246,98.178,98.27,98.268,98.39,98.456,98.32,98.418,98.532,98.576,98.644,98.61,98.604,98.72,98.698,98.792,98.738,98.744,98.85,98.86,98.884,98.856,98.998,98.932,99.012,99.012,99.048,99.046,99.194,99.1,99.166,99.278,99.136,99.214,99.28,99.188,99.192,99.158,99.246,99.278,99.348,99.368

val_acc1
20.97,32.78,44.6,53.99,67.46,69.75,75.92,74.38,77.61,81.42,81.35,79.88,82.1,82.72,85.31,85.22,85.79,86.17,85.79,86.93,87.39,86.78,87.44,87.6,88.18,88.72,87.74,88.12,87.74,88.44,88.75,87.05,88.71,88.41,88.88,88.42,89.19,89.34,88.87,89.08,89.23,88.68,89.54,89.07,88.81,89.0,89.71,89.22,89.43,88.79,89.51,89.72,89.46,89.18,89.15,89.35,90.0,89.46,89.35,89.98,89.9,89.35,89.65,90.07,89.95,89.13,89.81,89.89,89.78,89.66,89.35,89.32,89.21,90.57,90.23,89.92,90.12,90.28,90.23,89.46,90.29,89.51,90.07,90.17,90.14,90.47,90.04,90.17,89.99,90.33,90.55,90.4,90.43,90.85,90.34,90.03,89.84,90.57,90.49,90.66
20.79,25.13,39.64,45.9,61.81,68.51,72.07,74.45,76.9,75.94,79.79,81.09,81.84,82.64,83.45,83.22,83.45,84.82,85.04,86.68,87.3,86.46,87.84,86.92,87.77,87.21,87.6,86.39,86.87,87.42,88.37,87.77,88.33,88.08,87.32,88.45,88.39,87.88,87.74,88.72,89.04,88.83,88.41,88.58,88.4,88.67,88.62,88.87,88.79,88.7,88.91,89.07,89.18,88.43,89.26,89.3,89.17,88.55,89.42,88.48,89.55,89.13,89.1,89.65,89.57,89.18,89.54,89.27,89.23,89.97,89.57,89.96,89.69,89.68,90.29,89.8,90.13,89.91,89.73,89.95,90.24,90.1,90.13,89.71,88.93,89.99,89.72,90.45,89.9,90.47,90.28,90.31,89.69,89.79,90.35,90.2,90.33,90.16,90.18,90.19
23.32,38.97,48.57,60.03,66.13,72.91,72.81,79.23,78.78,81.93,80.05,83.87,82.29,83.29,85.07,82.69,84.83,86.33,86.26,87.4,87.51,86.59,88.1,86.67,86.2,86.6,88.04,87.91,88.7,87.97,88.69,88.91,88.62,88.97,88.46,88.77,88.97,88.17,88.3,89.08,89.08,89.14,89.26,89.18,88.93,89.14,88.86,89.83,89.27,89.24,88.97,89.51,89.24,89.67,89.35,89.49,89.2,89.65,90.04,89.93,89.68,89.05,89.71,89.65,89.89,88.41,89.41,89.62,90.01,89.86,89.94,89.96,90.15,88.95,90.4,90.0,89.76,89.51,89.39,89.9,89.96,89.81,90.34,89.91,90.32,90.5,90.01,90.51,90.19,90.33,90.09,90.13,90.16,89.26,89.81,90.25,90.21,90.08,90.49,90.06

val_loss
1.894,1.731,1.542,1.355,0.903,0.892,0.698,0.803,0.686,0.57,0.57,0.62,0.541,0.555,0.486,0.484,0.449,0.428,0.471,0.428,0.419,0.454,0.44,0.415,0.43,0.368,0.421,0.439,0.435,0.396,0.397,0.495,0.406,0.437,0.427,0.439,0.433,0.409,0.433,0.427,0.429,0.46,0.407,0.451,0.473,0.442,0.434,0.453,0.443,0.476,0.466,0.444,0.452,0.486,0.524,0.502,0.456,0.441,0.469,0.487,0.439,0.507,0.461,0.45,0.477,0.515,0.504,0.489,0.482,0.465,0.507,0.529,0.547,0.472,0.516,0.494,0.481,0.465,0.488,0.545,0.499,0.526,0.485,0.488,0.481,0.499,0.509,0.504,0.5,0.49,0.499,0.526,0.52,0.485,0.503,0.52,0.557,0.528,0.507,0.495
1.899,1.888,1.503,1.587,1.07,0.906,0.802,0.755,0.691,0.738,0.627,0.567,0.564,0.544,0.512,0.534,0.521,0.475,0.465,0.434,0.395,0.44,0.39,0.448,0.413,0.417,0.405,0.478,0.456,0.434,0.408,0.438,0.416,0.416,0.475,0.419,0.464,0.438,0.471,0.449,0.419,0.435,0.466,0.485,0.457,0.464,0.457,0.485,0.458,0.455,0.484,0.462,0.475,0.52,0.492,0.448,0.444,0.496,0.459,0.512,0.477,0.491,0.481,0.474,0.492,0.492,0.472,0.498,0.552,0.473,0.491,0.459,0.477,0.497,0.466,0.486,0.453,0.467,0.504,0.495,0.48,0.493,0.483,0.493,0.568,0.5,0.497,0.45,0.519,0.49,0.509,0.505,0.499,0.515,0.526,0.489,0.52,0.518,0.529,0.525
1.901,1.577,1.357,1.131,0.972,0.798,0.806,0.625,0.663,0.557,0.64,0.519,0.546,0.551,0.487,0.567,0.507,0.453,0.447,0.437,0.41,0.466,0.393,0.438,0.487,0.448,0.407,0.435,0.406,0.442,0.398,0.4,0.416,0.399,0.439,0.417,0.409,0.451,0.434,0.427,0.42,0.421,0.415,0.437,0.451,0.448,0.459,0.44,0.44,0.459,0.443,0.442,0.464,0.435,0.46,0.479,0.5,0.439,0.438,0.436,0.445,0.51,0.466,0.47,0.479,0.496,0.481,0.453,0.449,0.435,0.442,0.469,0.44,0.529,0.443,0.458,0.475,0.469,0.51,0.471,0.492,0.508,0.46,0.479,0.491,0.477,0.507,0.477,0.499,0.5,0.498,0.496,0.494,0.521,0.526,0.504,0.482,0.493,0.482,0.563

learning_rate
0.005,0.005,0.005,0.005,0.005,0.005,0.005,0.005,0.005,0.005,0.005,0.005,0.005,0.005,0.005,0.005,0.005,0.005,0.005,0.005,0.005,0.005,0.005,0.005,0.005,0.005,0.005,0.005,0.005,0.005,0.005,0.005,0.005,0.005,0.005,0.005,0.005,0.005,0.005,0.005,0.005,0.005,0.005,0.005,0.005,0.005,0.005,0.005,0.005,0.005,0.005,0.005,0.005,0.005,0.005,0.005,0.005,0.005,0.005,0.005,0.005,0.005,0.005,0.005,0.005,0.005,0.005,0.005,0.005,0.005,0.005,0.005,0.005,0.005,0.005,0.005,0.005,0.005,0.005,0.005,0.005,0.005,0.005,0.005,0.005,0.005,0.005,0.005,0.005,0.005,0.005,0.005,0.005,0.005,0.005,0.005,0.005,0.005,0.005,0.005
0.005,0.005,0.005,0.005,0.005,0.005,0.005,0.005,0.005,0.005,0.005,0.005,0.005,0.005,0.005,0.005,0.005,0.005,0.005,0.005,0.005,0.005,0.005,0.005,0.005,0.005,0.005,0.005,0.005,0.005,0.005,0.005,0.005,0.005,0.005,0.005,0.005,0.005,0.005,0.005,0.005,0.005,0.005,0.005,0.005,0.005,0.005,0.005,0.005,0.005,0.005,0.005,0.005,0.005,0.005,0.005,0.005,0.005,0.005,0.005,0.005,0.005,0.005,0.005,0.005,0.005,0.005,0.005,0.005,0.005,0.005,0.005,0.005,0.005,0.005,0.005,0.005,0.005,0.005,0.005,0.005,0.005,0.005,0.005,0.005,0.005,0.005,0.005,0.005,0.005,0.005,0.005,0.005,0.005,0.005,0.005,0.005,0.005,0.005,0.005
0.005,0.005,0.005,0.005,0.005,0.005,0.005,0.005,0.005,0.005,0.005,0.005,0.005,0.005,0.005,0.005,0.005,0.005,0.005,0.005,0.005,0.005,0.005,0.005,0.005,0.005,0.005,0.005,0.005,0.005,0.005,0.005,0.005,0.005,0.005,0.005,0.005,0.005,0.005,0.005,0.005,0.005,0.005,0.005,0.005,0.005,0.005,0.005,0.005,0.005,0.005,0.005,0.005,0.005,0.005,0.005,0.005,0.005,0.005,0.005,0.005,0.005,0.005,0.005,0.005,0.005,0.005,0.005,0.005,0.005,0.005,0.005,0.005,0.005,0.005,0.005,0.005,0.005,0.005,0.005,0.005,0.005,0.005,0.005,0.005,0.005,0.005,0.005,0.005,0.005,0.005,0.005,0.005,0.005,0.005,0.005,0.005,0.005,0.005,0.005

