parameters
adam_lr:0.00005
adam_beta1:0.9
adam_beta2:0.999
adam_eps:1e-8
adam_weight_decay:0
adam_amsgrad:True
architecture:vgg19bn_
dataset:cifar10
combine_datasets:False
do_validation_set:False
epochs:100
batch_size:128
test_set_split:0.1666667
validation_set_split:0.0
reduce_train_set:1
executions:3
base_seed:42
training_method:adam
learning_method:constant

train_loss
1.662,1.217,1.043,0.935,0.853,0.779,0.725,0.679,0.635,0.589,0.557,0.534,0.505,0.479,0.459,0.438,0.414,0.396,0.38,0.359,0.344,0.33,0.316,0.3,0.284,0.273,0.264,0.249,0.242,0.23,0.22,0.21,0.202,0.198,0.186,0.177,0.17,0.163,0.162,0.149,0.149,0.137,0.138,0.126,0.128,0.121,0.115,0.111,0.105,0.105,0.099,0.094,0.093,0.093,0.088,0.085,0.084,0.081,0.075,0.074,0.078,0.065,0.071,0.067,0.062,0.063,0.059,0.061,0.058,0.057,0.055,0.051,0.049,0.052,0.052,0.049,0.049,0.043,0.043,0.046,0.041,0.044,0.042,0.042,0.039,0.04,0.037,0.034,0.03,0.037,0.034,0.037,0.034,0.031,0.032,0.031,0.03,0.032,0.03,0.032
1.635,1.193,1.025,0.915,0.828,0.756,0.706,0.657,0.617,0.579,0.544,0.519,0.496,0.469,0.451,0.433,0.407,0.389,0.372,0.354,0.339,0.325,0.314,0.296,0.284,0.278,0.265,0.249,0.243,0.23,0.22,0.209,0.203,0.196,0.189,0.177,0.173,0.16,0.161,0.154,0.147,0.141,0.135,0.131,0.128,0.122,0.113,0.116,0.104,0.107,0.103,0.097,0.093,0.09,0.087,0.086,0.083,0.081,0.077,0.074,0.071,0.068,0.067,0.065,0.066,0.061,0.062,0.055,0.057,0.056,0.056,0.052,0.055,0.049,0.051,0.051,0.044,0.045,0.045,0.046,0.046,0.04,0.043,0.04,0.043,0.039,0.039,0.037,0.036,0.036,0.037,0.036,0.032,0.032,0.033,0.035,0.029,0.032,0.028,0.026
1.664,1.213,1.042,0.934,0.851,0.777,0.722,0.672,0.629,0.588,0.556,0.528,0.5,0.479,0.459,0.435,0.412,0.387,0.374,0.358,0.343,0.324,0.315,0.298,0.284,0.275,0.266,0.25,0.239,0.23,0.22,0.212,0.199,0.199,0.186,0.176,0.168,0.166,0.158,0.149,0.15,0.142,0.133,0.125,0.127,0.123,0.114,0.112,0.108,0.105,0.1,0.095,0.093,0.091,0.084,0.082,0.083,0.083,0.072,0.076,0.074,0.067,0.067,0.068,0.063,0.062,0.063,0.058,0.057,0.055,0.056,0.052,0.05,0.052,0.049,0.051,0.048,0.046,0.046,0.044,0.044,0.042,0.041,0.042,0.039,0.037,0.038,0.038,0.035,0.036,0.034,0.035,0.032,0.032,0.031,0.034,0.033,0.031,0.029,0.03

train_acc1
37.174,55.906,62.424,66.718,69.758,72.664,74.592,76.046,77.578,79.366,80.586,81.448,82.33,83.398,83.986,84.78,85.45,86.032,86.696,87.546,87.902,88.57,88.94,89.622,90.104,90.456,90.81,91.322,91.488,92.02,92.346,92.61,92.896,93.166,93.542,93.836,94.058,94.398,94.42,94.808,94.828,95.246,95.178,95.568,95.38,95.738,95.942,96.118,96.352,96.318,96.62,96.666,96.748,96.748,96.892,97.07,97.036,97.144,97.37,97.404,97.284,97.764,97.462,97.614,97.812,97.752,97.972,97.86,98.002,97.952,98.056,98.238,98.298,98.188,98.186,98.308,98.332,98.498,98.474,98.432,98.57,98.458,98.512,98.568,98.65,98.588,98.708,98.864,98.952,98.752,98.886,98.692,98.828,98.934,98.94,98.964,98.958,98.892,98.946,98.93
38.958,56.654,63.222,67.482,70.678,73.218,75.104,77.136,78.366,79.71,81.002,81.888,82.802,83.596,84.148,84.86,85.852,86.506,86.998,87.626,88.114,88.692,88.988,89.72,90.144,90.368,90.624,91.32,91.512,92.074,92.308,92.762,92.87,93.228,93.46,93.848,93.988,94.33,94.31,94.61,94.894,95.11,95.256,95.462,95.522,95.734,96.104,95.932,96.398,96.268,96.33,96.59,96.706,96.954,96.998,96.95,97.118,97.112,97.326,97.334,97.508,97.536,97.64,97.75,97.668,97.808,97.874,98.046,98.036,98.012,98.028,98.148,98.152,98.29,98.284,98.206,98.468,98.424,98.392,98.392,98.364,98.52,98.572,98.7,98.51,98.606,98.662,98.698,98.766,98.754,98.706,98.74,98.916,98.84,98.898,98.81,98.978,98.936,99.05,99.088
37.736,55.836,62.65,66.782,69.832,72.448,74.862,76.244,77.862,79.332,80.552,81.598,82.606,83.246,84.028,84.678,85.676,86.51,86.896,87.476,88.03,88.836,88.988,89.478,90.07,90.404,90.746,91.33,91.814,92.028,92.254,92.69,93.114,93.024,93.524,93.764,94.14,94.232,94.514,94.808,94.674,95.012,95.326,95.612,95.496,95.722,96.04,96.162,96.172,96.45,96.526,96.658,96.734,96.72,97.032,97.186,97.07,97.182,97.422,97.38,97.458,97.61,97.694,97.568,97.826,97.836,97.82,97.95,97.972,98.124,98.064,98.192,98.3,98.16,98.324,98.24,98.282,98.384,98.408,98.466,98.478,98.566,98.614,98.534,98.642,98.73,98.626,98.708,98.82,98.762,98.862,98.806,98.994,98.9,98.952,98.796,98.912,98.882,99.0,99.002

val_acc1
49.42,60.71,64.16,66.79,71.23,70.59,70.6,74.47,75.28,77.59,77.48,78.86,78.99,80.07,79.22,77.1,81.01,80.29,81.84,81.23,81.84,82.46,82.56,81.69,82.87,82.65,82.42,82.9,83.31,82.98,83.0,82.75,83.28,83.47,83.34,83.24,83.96,83.82,83.9,84.35,84.19,84.3,84.47,84.3,84.66,84.24,84.27,84.38,84.53,84.46,84.76,84.05,84.02,85.3,84.59,84.44,85.1,84.95,84.88,85.2,85.08,85.02,85.2,85.39,85.06,85.08,85.42,84.93,85.34,85.83,84.54,85.6,86.08,85.55,85.27,85.57,85.64,85.69,85.22,85.81,85.58,85.62,85.28,86.11,85.73,86.3,86.19,85.97,85.93,85.66,85.94,86.05,85.07,86.35,86.22,86.08,86.01,86.05,86.54,86.55
52.16,61.77,66.08,69.32,72.32,72.99,75.19,75.88,78.02,78.02,79.38,78.45,79.39,80.14,80.55,80.75,81.29,79.8,81.28,82.16,82.59,82.49,82.32,82.33,82.9,83.97,83.56,83.8,82.64,82.99,83.53,82.1,84.07,84.08,83.46,84.47,83.65,83.3,84.39,84.36,83.83,83.45,84.36,84.64,85.03,84.86,84.47,84.86,84.14,84.81,84.96,84.61,84.17,84.63,85.09,84.7,85.24,84.31,85.05,83.9,85.33,85.42,85.34,84.8,85.04,84.61,85.18,85.24,85.46,85.48,85.33,85.31,85.39,85.73,85.88,85.3,85.67,84.87,85.13,85.38,85.67,85.79,85.87,85.65,85.94,86.18,86.21,85.2,85.22,85.9,85.56,85.71,86.37,85.62,85.79,85.81,86.18,85.85,86.33,85.91
50.17,60.22,63.57,66.75,71.48,71.49,74.62,73.49,76.45,77.14,78.39,78.86,79.1,79.63,80.4,78.99,80.82,80.42,81.81,80.51,82.36,81.43,82.18,82.43,82.55,83.06,83.13,82.73,82.53,83.5,83.6,82.54,83.93,83.75,83.33,83.82,83.86,83.7,83.21,83.39,83.88,83.63,84.37,84.81,84.09,84.12,82.73,85.09,84.71,83.86,84.79,84.22,84.15,84.94,84.93,84.43,84.43,84.89,84.79,84.69,85.29,84.98,85.18,85.26,85.04,85.14,85.57,85.12,85.5,85.59,85.43,85.15,85.15,85.47,85.37,85.6,85.77,85.54,85.42,85.4,85.69,85.89,85.22,85.86,85.7,85.41,85.28,86.33,85.68,85.73,85.94,85.58,85.87,85.93,86.01,86.28,86.13,86.39,86.34,86.37

val_loss
1.353,1.095,1.022,0.94,0.814,0.818,0.852,0.73,0.713,0.644,0.641,0.603,0.617,0.582,0.616,0.688,0.556,0.596,0.548,0.577,0.546,0.526,0.538,0.567,0.54,0.54,0.56,0.547,0.524,0.55,0.551,0.587,0.566,0.576,0.563,0.556,0.557,0.569,0.582,0.57,0.567,0.58,0.583,0.59,0.583,0.573,0.582,0.595,0.606,0.604,0.59,0.61,0.642,0.597,0.625,0.634,0.598,0.601,0.616,0.609,0.613,0.64,0.624,0.641,0.621,0.639,0.642,0.634,0.641,0.629,0.684,0.635,0.625,0.648,0.649,0.637,0.677,0.658,0.679,0.653,0.662,0.666,0.683,0.629,0.663,0.621,0.655,0.654,0.684,0.66,0.668,0.655,0.691,0.654,0.658,0.667,0.675,0.669,0.637,0.655
1.286,1.074,0.956,0.875,0.781,0.762,0.713,0.707,0.649,0.625,0.595,0.624,0.604,0.572,0.57,0.561,0.557,0.6,0.57,0.539,0.546,0.538,0.534,0.54,0.541,0.531,0.526,0.521,0.564,0.564,0.53,0.616,0.548,0.54,0.552,0.542,0.58,0.601,0.547,0.564,0.593,0.583,0.566,0.556,0.559,0.561,0.565,0.568,0.591,0.566,0.565,0.592,0.625,0.594,0.598,0.628,0.609,0.614,0.597,0.646,0.592,0.604,0.613,0.648,0.626,0.646,0.638,0.635,0.627,0.631,0.648,0.635,0.644,0.652,0.627,0.649,0.639,0.702,0.673,0.675,0.654,0.649,0.637,0.647,0.654,0.63,0.64,0.719,0.687,0.647,0.671,0.672,0.647,0.661,0.672,0.66,0.664,0.665,0.65,0.69
1.335,1.087,1.013,0.95,0.808,0.807,0.733,0.765,0.673,0.665,0.623,0.611,0.619,0.593,0.58,0.623,0.559,0.582,0.55,0.581,0.532,0.579,0.541,0.543,0.553,0.536,0.531,0.566,0.553,0.547,0.541,0.605,0.547,0.554,0.563,0.547,0.57,0.58,0.572,0.581,0.575,0.593,0.586,0.563,0.593,0.603,0.668,0.573,0.585,0.6,0.595,0.617,0.652,0.6,0.634,0.638,0.654,0.619,0.623,0.628,0.62,0.635,0.625,0.625,0.62,0.636,0.621,0.634,0.632,0.631,0.64,0.652,0.671,0.648,0.669,0.638,0.639,0.655,0.672,0.648,0.666,0.658,0.657,0.656,0.664,0.67,0.664,0.635,0.663,0.673,0.673,0.681,0.658,0.679,0.677,0.655,0.674,0.663,0.647,0.659

learning_rate
5e-05,5e-05,5e-05,5e-05,5e-05,5e-05,5e-05,5e-05,5e-05,5e-05,5e-05,5e-05,5e-05,5e-05,5e-05,5e-05,5e-05,5e-05,5e-05,5e-05,5e-05,5e-05,5e-05,5e-05,5e-05,5e-05,5e-05,5e-05,5e-05,5e-05,5e-05,5e-05,5e-05,5e-05,5e-05,5e-05,5e-05,5e-05,5e-05,5e-05,5e-05,5e-05,5e-05,5e-05,5e-05,5e-05,5e-05,5e-05,5e-05,5e-05,5e-05,5e-05,5e-05,5e-05,5e-05,5e-05,5e-05,5e-05,5e-05,5e-05,5e-05,5e-05,5e-05,5e-05,5e-05,5e-05,5e-05,5e-05,5e-05,5e-05,5e-05,5e-05,5e-05,5e-05,5e-05,5e-05,5e-05,5e-05,5e-05,5e-05,5e-05,5e-05,5e-05,5e-05,5e-05,5e-05,5e-05,5e-05,5e-05,5e-05,5e-05,5e-05,5e-05,5e-05,5e-05,5e-05,5e-05,5e-05,5e-05,5e-05
5e-05,5e-05,5e-05,5e-05,5e-05,5e-05,5e-05,5e-05,5e-05,5e-05,5e-05,5e-05,5e-05,5e-05,5e-05,5e-05,5e-05,5e-05,5e-05,5e-05,5e-05,5e-05,5e-05,5e-05,5e-05,5e-05,5e-05,5e-05,5e-05,5e-05,5e-05,5e-05,5e-05,5e-05,5e-05,5e-05,5e-05,5e-05,5e-05,5e-05,5e-05,5e-05,5e-05,5e-05,5e-05,5e-05,5e-05,5e-05,5e-05,5e-05,5e-05,5e-05,5e-05,5e-05,5e-05,5e-05,5e-05,5e-05,5e-05,5e-05,5e-05,5e-05,5e-05,5e-05,5e-05,5e-05,5e-05,5e-05,5e-05,5e-05,5e-05,5e-05,5e-05,5e-05,5e-05,5e-05,5e-05,5e-05,5e-05,5e-05,5e-05,5e-05,5e-05,5e-05,5e-05,5e-05,5e-05,5e-05,5e-05,5e-05,5e-05,5e-05,5e-05,5e-05,5e-05,5e-05,5e-05,5e-05,5e-05,5e-05
5e-05,5e-05,5e-05,5e-05,5e-05,5e-05,5e-05,5e-05,5e-05,5e-05,5e-05,5e-05,5e-05,5e-05,5e-05,5e-05,5e-05,5e-05,5e-05,5e-05,5e-05,5e-05,5e-05,5e-05,5e-05,5e-05,5e-05,5e-05,5e-05,5e-05,5e-05,5e-05,5e-05,5e-05,5e-05,5e-05,5e-05,5e-05,5e-05,5e-05,5e-05,5e-05,5e-05,5e-05,5e-05,5e-05,5e-05,5e-05,5e-05,5e-05,5e-05,5e-05,5e-05,5e-05,5e-05,5e-05,5e-05,5e-05,5e-05,5e-05,5e-05,5e-05,5e-05,5e-05,5e-05,5e-05,5e-05,5e-05,5e-05,5e-05,5e-05,5e-05,5e-05,5e-05,5e-05,5e-05,5e-05,5e-05,5e-05,5e-05,5e-05,5e-05,5e-05,5e-05,5e-05,5e-05,5e-05,5e-05,5e-05,5e-05,5e-05,5e-05,5e-05,5e-05,5e-05,5e-05,5e-05,5e-05,5e-05,5e-05

