parameters
adam_lr:0.005
adam_beta1:0.9
adam_beta2:0.999
adam_eps:1e-8
adam_weight_decay:0
adam_amsgrad:False
architecture:vgg19bn_
dataset:cifar10
combine_datasets:False
do_validation_set:False
epochs:100
batch_size:128
test_set_split:0.1666667
validation_set_split:0.0
reduce_train_set:1
executions:3
base_seed:42
training_method:adam
learning_method:constant

train_loss
2.155,1.843,1.584,1.306,1.052,0.895,0.785,0.69,0.612,0.566,0.51,0.48,0.451,0.424,0.396,0.373,0.35,0.325,0.311,0.295,0.277,0.267,0.249,0.234,0.227,0.215,0.206,0.191,0.187,0.185,0.169,0.163,0.157,0.149,0.143,0.144,0.131,0.127,0.122,0.115,0.115,0.113,0.109,0.105,0.099,0.099,0.094,0.093,0.088,0.085,0.08,0.083,0.074,0.081,0.073,0.075,0.067,0.071,0.064,0.066,0.065,0.06,0.058,0.059,0.06,0.057,0.056,0.054,0.052,0.052,0.051,0.053,0.048,0.05,0.046,0.047,0.049,0.044,0.044,0.041,0.046,0.04,0.04,0.043,0.043,0.041,0.037,0.04,0.039,0.038,0.038,0.039,0.036,0.039,0.035,0.033,0.033,0.037,0.035,0.034
2.094,1.809,1.561,1.271,1.077,0.913,0.79,0.676,0.595,0.54,0.49,0.453,0.427,0.398,0.369,0.349,0.326,0.306,0.287,0.273,0.254,0.243,0.228,0.212,0.205,0.19,0.185,0.174,0.166,0.158,0.15,0.143,0.134,0.135,0.126,0.12,0.118,0.11,0.109,0.106,0.101,0.1,0.094,0.085,0.089,0.085,0.084,0.078,0.077,0.074,0.071,0.07,0.073,0.071,0.065,0.064,0.058,0.063,0.061,0.057,0.06,0.054,0.056,0.054,0.054,0.053,0.052,0.05,0.047,0.05,0.048,0.044,0.045,0.047,0.046,0.046,0.043,0.043,0.042,0.045,0.041,0.035,0.042,0.042,0.035,0.04,0.036,0.037,0.036,0.036,0.034,0.033,0.037,0.035,0.031,0.034,0.036,0.035,0.032,0.029
2.119,1.708,1.378,1.099,0.904,0.774,0.7,0.63,0.58,0.536,0.489,0.456,0.418,0.393,0.366,0.341,0.324,0.298,0.283,0.266,0.25,0.236,0.228,0.212,0.202,0.194,0.186,0.171,0.163,0.16,0.146,0.147,0.133,0.134,0.126,0.12,0.11,0.112,0.11,0.103,0.101,0.098,0.092,0.087,0.089,0.084,0.081,0.084,0.077,0.073,0.074,0.07,0.069,0.072,0.064,0.063,0.061,0.063,0.062,0.058,0.059,0.056,0.055,0.053,0.053,0.053,0.051,0.053,0.046,0.047,0.049,0.044,0.048,0.043,0.044,0.044,0.045,0.039,0.04,0.043,0.04,0.039,0.04,0.04,0.035,0.038,0.037,0.038,0.038,0.036,0.036,0.035,0.031,0.035,0.035,0.031,0.033,0.034,0.035,0.031

train_acc1
15.82,25.716,37.91,51.528,61.952,68.024,72.982,76.716,79.702,81.312,83.326,84.3,85.214,86.302,86.954,88.022,88.702,89.41,89.95,90.394,91.01,91.476,91.946,92.424,92.6,93.252,93.352,93.876,93.966,94.082,94.514,94.87,94.89,95.3,95.43,95.352,95.838,95.952,96.102,96.308,96.428,96.38,96.528,96.616,96.85,96.848,97.024,97.074,97.18,97.262,97.442,97.418,97.68,97.502,97.764,97.66,97.864,97.802,97.966,97.838,97.982,98.064,98.16,98.13,98.114,98.194,98.226,98.312,98.338,98.282,98.364,98.278,98.47,98.354,98.522,98.516,98.416,98.628,98.6,98.682,98.578,98.684,98.734,98.572,98.68,98.692,98.828,98.764,98.776,98.744,98.766,98.82,98.856,98.734,98.922,98.958,98.956,98.828,98.912,98.904
17.464,26.2,39.336,53.204,61.644,67.632,72.6,76.916,79.902,82.012,83.55,84.924,85.884,86.674,87.792,88.368,89.262,89.786,90.45,90.864,91.688,91.842,92.358,93.044,93.154,93.738,93.89,94.252,94.438,94.808,94.974,95.29,95.472,95.554,95.844,95.962,95.952,96.342,96.406,96.496,96.582,96.716,96.85,97.156,97.088,97.192,97.23,97.414,97.492,97.498,97.652,97.72,97.54,97.656,97.826,97.944,98.1,97.896,97.982,98.142,98.03,98.24,98.212,98.238,98.202,98.266,98.328,98.282,98.44,98.386,98.366,98.582,98.534,98.474,98.524,98.486,98.63,98.592,98.662,98.494,98.642,98.804,98.684,98.664,98.866,98.772,98.82,98.816,98.788,98.864,98.874,98.904,98.796,98.848,98.992,98.868,98.804,98.844,98.936,99.068
17.618,32.324,48.166,60.848,69.2,74.392,77.124,79.578,81.272,82.688,84.228,85.302,86.558,87.298,88.268,88.924,89.406,90.288,90.91,91.29,91.988,92.174,92.578,93.16,93.36,93.628,93.816,94.348,94.718,94.836,95.27,95.164,95.644,95.682,95.844,96.124,96.388,96.244,96.466,96.53,96.746,96.808,97.01,97.184,97.112,97.256,97.368,97.246,97.488,97.62,97.64,97.712,97.74,97.606,97.844,97.966,98.0,97.97,98.054,98.138,98.082,98.192,98.196,98.29,98.266,98.206,98.354,98.246,98.548,98.474,98.396,98.576,98.488,98.586,98.512,98.626,98.502,98.698,98.712,98.646,98.682,98.708,98.73,98.674,98.888,98.81,98.83,98.784,98.704,98.824,98.816,98.88,99.006,98.882,98.89,99.016,98.966,98.904,98.854,99.002

val_acc1
21.11,30.36,36.85,50.19,66.02,64.67,73.31,77.46,80.13,79.37,79.55,81.99,81.82,82.55,82.87,84.84,83.96,85.96,85.46,85.3,86.58,85.09,87.44,87.19,87.4,86.78,88.58,87.54,89.07,87.65,88.54,86.25,88.12,88.65,88.03,88.63,88.11,88.45,88.11,88.41,88.14,88.65,88.28,89.17,88.79,88.73,88.7,88.8,89.42,88.88,88.77,89.63,89.28,89.02,88.87,88.89,89.27,89.42,88.96,88.56,89.63,88.65,88.7,89.09,89.08,89.24,88.81,89.27,89.21,89.48,89.79,89.46,89.84,89.66,89.47,89.37,89.51,89.11,89.65,89.2,89.4,89.17,89.8,88.43,89.61,90.03,90.24,90.06,89.68,89.35,88.89,89.87,89.59,88.84,89.93,89.56,89.46,89.86,89.72,89.91
21.69,29.98,42.01,56.58,64.22,68.33,73.4,75.34,79.57,79.8,82.12,83.6,81.07,82.34,83.36,84.55,83.92,85.99,86.57,87.17,86.29,85.91,86.34,86.96,87.31,87.72,87.25,87.67,87.47,87.8,87.97,88.08,88.58,88.51,88.11,87.21,88.42,88.44,87.92,89.13,88.87,87.88,88.03,89.02,88.4,89.55,88.71,89.02,89.16,88.32,89.39,89.43,89.03,88.92,88.48,88.05,88.75,89.17,89.03,89.33,88.94,89.04,88.94,89.31,89.32,88.8,89.29,87.88,89.56,89.72,90.14,89.53,89.89,88.25,88.89,89.58,89.57,90.51,89.2,89.47,90.0,89.33,89.46,89.35,89.83,89.77,90.12,89.98,89.56,89.84,89.72,89.28,90.47,89.03,89.55,89.58,89.91,89.58,89.6,89.99
23.62,42.88,41.54,63.22,67.45,73.41,74.21,77.46,81.25,82.08,80.73,82.54,82.89,84.82,84.82,84.3,85.12,86.81,85.98,87.56,87.53,87.36,88.27,88.28,86.81,87.96,88.52,88.13,88.91,88.51,88.73,88.88,88.63,88.7,87.44,88.36,89.42,89.06,89.57,89.48,89.38,89.11,89.35,88.7,88.83,89.42,88.44,89.26,89.92,88.64,89.82,88.54,89.16,88.97,89.44,89.27,89.68,89.97,90.05,89.36,89.0,88.59,89.31,90.2,89.72,89.21,89.47,89.45,90.01,89.83,89.56,90.33,89.49,89.78,90.28,90.64,90.19,89.35,90.02,90.22,90.12,90.15,89.45,90.25,90.03,89.81,90.16,90.26,89.37,90.37,90.1,90.07,88.83,89.71,90.36,89.63,90.24,89.2,90.55,89.88

val_loss
1.884,1.862,1.922,1.417,0.947,1.052,0.796,0.667,0.624,0.636,0.645,0.553,0.554,0.558,0.574,0.511,0.566,0.458,0.5,0.49,0.434,0.519,0.426,0.43,0.448,0.445,0.39,0.452,0.386,0.455,0.403,0.503,0.443,0.427,0.439,0.412,0.457,0.416,0.451,0.461,0.466,0.438,0.505,0.428,0.487,0.447,0.432,0.492,0.437,0.446,0.496,0.447,0.489,0.49,0.499,0.469,0.452,0.437,0.488,0.527,0.427,0.517,0.508,0.488,0.485,0.455,0.529,0.49,0.482,0.475,0.476,0.47,0.489,0.502,0.496,0.52,0.461,0.527,0.482,0.505,0.471,0.558,0.48,0.594,0.496,0.486,0.464,0.441,0.504,0.508,0.526,0.49,0.522,0.562,0.475,0.538,0.506,0.474,0.483,0.534
1.891,1.765,1.616,1.194,0.985,0.922,0.779,0.723,0.605,0.624,0.544,0.492,0.589,0.553,0.539,0.506,0.52,0.45,0.437,0.43,0.447,0.46,0.452,0.445,0.423,0.419,0.417,0.431,0.433,0.424,0.428,0.438,0.419,0.401,0.443,0.478,0.418,0.442,0.472,0.432,0.447,0.465,0.505,0.478,0.482,0.415,0.443,0.447,0.468,0.483,0.459,0.488,0.491,0.453,0.519,0.545,0.513,0.479,0.499,0.466,0.497,0.482,0.488,0.495,0.458,0.511,0.468,0.602,0.499,0.477,0.492,0.464,0.445,0.594,0.519,0.497,0.497,0.473,0.546,0.474,0.469,0.528,0.499,0.49,0.476,0.469,0.463,0.485,0.479,0.509,0.519,0.544,0.461,0.504,0.513,0.509,0.479,0.501,0.529,0.504
1.861,1.473,1.797,1.105,0.99,0.796,0.822,0.692,0.59,0.582,0.613,0.556,0.528,0.468,0.465,0.51,0.492,0.441,0.462,0.414,0.397,0.418,0.392,0.406,0.443,0.425,0.385,0.414,0.385,0.408,0.396,0.393,0.425,0.427,0.497,0.424,0.401,0.425,0.375,0.416,0.414,0.435,0.423,0.467,0.443,0.419,0.479,0.454,0.444,0.457,0.428,0.502,0.441,0.494,0.495,0.469,0.473,0.431,0.459,0.505,0.465,0.48,0.469,0.429,0.448,0.476,0.473,0.483,0.451,0.495,0.45,0.438,0.516,0.448,0.46,0.451,0.474,0.518,0.493,0.448,0.462,0.483,0.496,0.482,0.523,0.467,0.498,0.464,0.532,0.481,0.461,0.465,0.598,0.483,0.489,0.481,0.47,0.53,0.439,0.455

learning_rate
0.005,0.005,0.005,0.005,0.005,0.005,0.005,0.005,0.005,0.005,0.005,0.005,0.005,0.005,0.005,0.005,0.005,0.005,0.005,0.005,0.005,0.005,0.005,0.005,0.005,0.005,0.005,0.005,0.005,0.005,0.005,0.005,0.005,0.005,0.005,0.005,0.005,0.005,0.005,0.005,0.005,0.005,0.005,0.005,0.005,0.005,0.005,0.005,0.005,0.005,0.005,0.005,0.005,0.005,0.005,0.005,0.005,0.005,0.005,0.005,0.005,0.005,0.005,0.005,0.005,0.005,0.005,0.005,0.005,0.005,0.005,0.005,0.005,0.005,0.005,0.005,0.005,0.005,0.005,0.005,0.005,0.005,0.005,0.005,0.005,0.005,0.005,0.005,0.005,0.005,0.005,0.005,0.005,0.005,0.005,0.005,0.005,0.005,0.005,0.005
0.005,0.005,0.005,0.005,0.005,0.005,0.005,0.005,0.005,0.005,0.005,0.005,0.005,0.005,0.005,0.005,0.005,0.005,0.005,0.005,0.005,0.005,0.005,0.005,0.005,0.005,0.005,0.005,0.005,0.005,0.005,0.005,0.005,0.005,0.005,0.005,0.005,0.005,0.005,0.005,0.005,0.005,0.005,0.005,0.005,0.005,0.005,0.005,0.005,0.005,0.005,0.005,0.005,0.005,0.005,0.005,0.005,0.005,0.005,0.005,0.005,0.005,0.005,0.005,0.005,0.005,0.005,0.005,0.005,0.005,0.005,0.005,0.005,0.005,0.005,0.005,0.005,0.005,0.005,0.005,0.005,0.005,0.005,0.005,0.005,0.005,0.005,0.005,0.005,0.005,0.005,0.005,0.005,0.005,0.005,0.005,0.005,0.005,0.005,0.005
0.005,0.005,0.005,0.005,0.005,0.005,0.005,0.005,0.005,0.005,0.005,0.005,0.005,0.005,0.005,0.005,0.005,0.005,0.005,0.005,0.005,0.005,0.005,0.005,0.005,0.005,0.005,0.005,0.005,0.005,0.005,0.005,0.005,0.005,0.005,0.005,0.005,0.005,0.005,0.005,0.005,0.005,0.005,0.005,0.005,0.005,0.005,0.005,0.005,0.005,0.005,0.005,0.005,0.005,0.005,0.005,0.005,0.005,0.005,0.005,0.005,0.005,0.005,0.005,0.005,0.005,0.005,0.005,0.005,0.005,0.005,0.005,0.005,0.005,0.005,0.005,0.005,0.005,0.005,0.005,0.005,0.005,0.005,0.005,0.005,0.005,0.005,0.005,0.005,0.005,0.005,0.005,0.005,0.005,0.005,0.005,0.005,0.005,0.005,0.005

