parameters
adam_lr:0.0005
adam_beta1:0.9
adam_beta2:0.999
adam_eps:1e-8
adam_weight_decay:0
adam_amsgrad:False
architecture:vgg19bn_
dataset:cifar10
combine_datasets:False
do_validation_set:False
epochs:100
batch_size:128
test_set_split:0.1666667
validation_set_split:0.0
reduce_train_set:1
executions:3
base_seed:42
training_method:adam
learning_method:constant

train_loss
1.594,1.112,0.867,0.74,0.645,0.576,0.529,0.487,0.442,0.417,0.38,0.361,0.337,0.318,0.298,0.283,0.267,0.252,0.238,0.22,0.214,0.2,0.19,0.176,0.17,0.162,0.157,0.146,0.137,0.134,0.123,0.121,0.113,0.11,0.106,0.1,0.096,0.09,0.093,0.084,0.082,0.083,0.074,0.08,0.067,0.069,0.069,0.071,0.06,0.06,0.057,0.056,0.057,0.054,0.051,0.056,0.052,0.046,0.048,0.046,0.046,0.046,0.044,0.042,0.045,0.04,0.039,0.037,0.038,0.039,0.041,0.037,0.037,0.037,0.034,0.034,0.034,0.034,0.032,0.035,0.032,0.031,0.029,0.03,0.028,0.03,0.028,0.031,0.028,0.026,0.028,0.024,0.03,0.024,0.025,0.027,0.022,0.027,0.024,0.027
1.558,1.065,0.842,0.717,0.624,0.555,0.514,0.466,0.429,0.403,0.368,0.351,0.33,0.31,0.289,0.275,0.259,0.245,0.232,0.212,0.204,0.196,0.181,0.172,0.168,0.154,0.15,0.141,0.137,0.131,0.118,0.116,0.109,0.106,0.105,0.101,0.095,0.091,0.092,0.086,0.083,0.082,0.077,0.072,0.073,0.07,0.068,0.066,0.065,0.061,0.059,0.06,0.056,0.053,0.057,0.049,0.051,0.051,0.048,0.049,0.046,0.046,0.046,0.045,0.042,0.043,0.043,0.038,0.039,0.039,0.038,0.035,0.037,0.034,0.039,0.034,0.033,0.033,0.032,0.031,0.033,0.032,0.03,0.031,0.031,0.033,0.029,0.028,0.028,0.026,0.028,0.027,0.025,0.027,0.029,0.027,0.025,0.026,0.027,0.025
1.626,1.156,0.918,0.767,0.666,0.591,0.542,0.492,0.453,0.422,0.386,0.366,0.343,0.322,0.303,0.282,0.269,0.248,0.239,0.226,0.211,0.198,0.185,0.179,0.168,0.165,0.154,0.144,0.142,0.133,0.127,0.122,0.115,0.11,0.109,0.101,0.097,0.095,0.092,0.087,0.086,0.083,0.079,0.075,0.07,0.074,0.07,0.065,0.065,0.062,0.06,0.062,0.057,0.06,0.051,0.055,0.05,0.048,0.05,0.048,0.049,0.048,0.047,0.044,0.043,0.04,0.042,0.043,0.039,0.04,0.041,0.036,0.036,0.037,0.035,0.034,0.036,0.035,0.034,0.033,0.033,0.033,0.03,0.031,0.03,0.032,0.033,0.027,0.028,0.028,0.026,0.03,0.025,0.03,0.026,0.027,0.027,0.025,0.025,0.025

train_acc1
37.502,60.208,69.444,74.62,78.042,80.722,82.224,83.746,85.164,86.098,87.404,87.942,88.69,89.386,90.138,90.592,91.118,91.622,91.996,92.692,92.812,93.408,93.69,94.126,94.454,94.47,94.632,95.136,95.364,95.466,95.854,95.91,96.224,96.406,96.412,96.62,96.724,96.996,96.838,97.176,97.202,97.258,97.5,97.222,97.766,97.746,97.706,97.62,97.956,97.998,98.088,98.032,98.118,98.152,98.3,98.154,98.214,98.512,98.434,98.424,98.484,98.462,98.536,98.604,98.498,98.668,98.694,98.74,98.772,98.682,98.646,98.82,98.846,98.804,98.882,98.882,98.876,98.922,98.926,98.816,98.944,98.952,99.044,99.006,99.044,99.004,99.068,99.002,99.072,99.144,99.096,99.182,99.048,99.2,99.192,99.092,99.304,99.138,99.268,99.142
39.468,62.2,70.99,75.728,78.878,81.426,82.982,84.536,85.79,86.644,87.94,88.246,89.034,89.688,90.472,90.788,91.466,91.766,92.208,92.834,93.212,93.562,93.984,94.206,94.408,94.858,94.978,95.268,95.422,95.446,96.018,96.14,96.35,96.448,96.508,96.618,96.758,96.93,96.988,97.214,97.268,97.194,97.47,97.634,97.576,97.686,97.774,97.806,97.872,97.996,98.06,98.02,98.12,98.218,98.122,98.344,98.3,98.284,98.374,98.396,98.464,98.484,98.494,98.518,98.6,98.614,98.546,98.742,98.694,98.732,98.756,98.846,98.784,98.806,98.732,98.84,98.878,98.964,98.912,98.986,98.88,98.958,98.976,99.002,99.002,98.94,99.05,99.08,99.062,99.126,99.088,99.096,99.202,99.168,99.054,99.114,99.214,99.162,99.104,99.146
35.802,58.252,68.104,73.696,77.484,80.258,81.912,83.802,85.09,85.986,87.206,87.842,88.636,89.382,89.968,90.598,91.232,91.7,92.006,92.476,92.934,93.434,93.904,94.054,94.416,94.416,94.848,95.176,95.254,95.594,95.776,95.824,96.114,96.394,96.44,96.69,96.832,96.85,96.988,97.066,97.172,97.344,97.342,97.46,97.652,97.456,97.67,97.834,97.9,97.918,98.024,97.946,98.118,97.982,98.222,98.22,98.37,98.39,98.368,98.38,98.402,98.368,98.436,98.54,98.592,98.72,98.654,98.644,98.74,98.692,98.66,98.82,98.878,98.794,98.87,98.87,98.83,98.866,98.854,98.88,98.888,98.946,99.022,98.964,99.04,99.008,98.864,99.134,99.054,99.082,99.132,99.016,99.226,98.996,99.132,99.104,99.096,99.168,99.202,99.186

val_acc1
50.63,64.86,72.84,76.25,76.45,80.34,81.84,82.29,83.92,83.17,83.42,83.65,85.35,84.64,86.03,85.84,86.01,87.31,87.91,88.05,86.67,87.16,88.72,87.58,87.68,88.83,89.14,88.54,89.29,88.99,88.13,89.02,89.41,89.65,90.26,89.4,89.13,89.53,89.71,89.69,89.95,89.92,89.1,89.56,89.93,89.92,89.4,90.65,90.04,90.04,90.46,90.19,90.07,90.73,91.05,90.5,90.82,90.67,90.54,89.66,90.88,90.62,90.03,90.27,90.55,89.75,90.93,90.74,90.67,90.46,90.87,91.17,90.61,91.17,91.16,90.76,91.31,90.36,90.42,90.81,90.69,90.75,91.01,90.89,90.87,90.44,91.14,90.95,90.36,90.87,90.97,90.84,90.68,90.25,90.55,91.1,90.28,91.13,90.66,90.47
52.23,62.73,71.8,75.84,76.49,79.24,80.3,82.53,83.83,84.46,84.84,84.38,85.53,86.45,86.79,86.89,88.06,87.74,88.19,88.02,87.19,87.92,88.08,88.57,88.53,89.18,88.81,89.04,88.59,88.87,90.04,89.5,89.47,88.95,89.28,89.46,89.69,88.77,89.48,90.18,89.98,89.95,90.31,89.8,89.85,89.99,90.49,90.35,89.91,89.91,90.58,90.48,90.54,89.82,89.91,90.69,90.33,90.55,90.01,90.6,90.74,89.96,90.14,90.03,90.28,90.18,90.36,90.64,90.64,90.65,90.28,90.72,90.37,90.49,89.63,90.18,90.48,90.55,90.45,89.69,90.57,90.42,90.62,90.79,90.59,90.36,90.63,90.84,90.68,90.45,91.04,91.14,91.22,90.9,90.75,90.57,90.74,90.44,90.8,90.95
48.5,61.34,69.32,75.15,77.36,78.85,79.68,80.18,83.89,82.98,85.07,86.36,85.4,86.45,85.96,85.58,85.87,88.11,88.11,88.29,88.43,88.01,88.79,88.12,88.89,88.33,89.79,89.42,88.7,88.25,89.0,89.87,89.04,90.01,88.98,89.08,89.53,89.87,89.56,89.29,90.04,89.86,89.84,90.22,90.46,89.98,89.49,90.19,89.88,90.16,89.87,89.95,90.53,89.72,90.14,90.21,89.61,90.71,90.25,90.13,91.01,90.62,90.97,90.65,91.3,90.27,90.13,90.52,90.65,90.75,91.0,90.7,90.8,90.69,89.71,91.23,90.82,90.95,90.96,90.6,90.98,90.88,90.52,90.55,90.56,90.42,90.64,90.54,90.68,90.91,91.07,90.59,90.5,90.87,91.04,91.01,91.39,91.31,90.98,91.0

val_loss
1.333,0.99,0.792,0.696,0.699,0.586,0.538,0.523,0.494,0.529,0.529,0.506,0.451,0.492,0.447,0.466,0.472,0.408,0.403,0.388,0.449,0.416,0.377,0.435,0.465,0.37,0.376,0.42,0.405,0.395,0.443,0.407,0.376,0.395,0.371,0.418,0.417,0.396,0.386,0.388,0.426,0.415,0.483,0.409,0.421,0.421,0.445,0.388,0.418,0.416,0.412,0.427,0.417,0.393,0.416,0.409,0.429,0.435,0.42,0.473,0.4,0.416,0.456,0.443,0.414,0.476,0.424,0.426,0.409,0.482,0.438,0.419,0.39,0.403,0.417,0.448,0.422,0.465,0.449,0.435,0.447,0.458,0.455,0.432,0.486,0.486,0.462,0.432,0.492,0.451,0.448,0.467,0.427,0.51,0.482,0.439,0.493,0.443,0.44,0.469
1.3,1.078,0.835,0.721,0.726,0.614,0.6,0.527,0.507,0.469,0.473,0.49,0.428,0.425,0.417,0.404,0.375,0.384,0.369,0.379,0.431,0.396,0.408,0.405,0.395,0.361,0.384,0.386,0.405,0.4,0.345,0.383,0.416,0.433,0.411,0.406,0.387,0.428,0.426,0.375,0.398,0.384,0.395,0.403,0.428,0.414,0.389,0.399,0.414,0.42,0.368,0.395,0.401,0.45,0.461,0.402,0.405,0.436,0.442,0.402,0.411,0.483,0.423,0.42,0.427,0.457,0.438,0.428,0.426,0.433,0.464,0.444,0.451,0.466,0.519,0.448,0.428,0.426,0.457,0.502,0.454,0.458,0.461,0.435,0.471,0.454,0.425,0.446,0.467,0.481,0.469,0.448,0.442,0.455,0.472,0.445,0.441,0.487,0.448,0.419
1.424,1.148,0.936,0.739,0.681,0.642,0.617,0.638,0.501,0.538,0.455,0.417,0.441,0.429,0.443,0.472,0.445,0.383,0.382,0.401,0.383,0.425,0.38,0.405,0.4,0.391,0.369,0.39,0.43,0.445,0.397,0.371,0.424,0.389,0.458,0.426,0.425,0.387,0.41,0.421,0.414,0.406,0.402,0.415,0.412,0.413,0.43,0.428,0.421,0.45,0.422,0.472,0.416,0.439,0.469,0.459,0.523,0.404,0.436,0.454,0.418,0.43,0.433,0.443,0.433,0.472,0.481,0.456,0.431,0.443,0.401,0.419,0.445,0.412,0.513,0.458,0.453,0.412,0.46,0.471,0.45,0.449,0.441,0.438,0.471,0.501,0.468,0.495,0.5,0.443,0.472,0.499,0.497,0.451,0.44,0.455,0.43,0.44,0.437,0.46

learning_rate
0.0005,0.0005,0.0005,0.0005,0.0005,0.0005,0.0005,0.0005,0.0005,0.0005,0.0005,0.0005,0.0005,0.0005,0.0005,0.0005,0.0005,0.0005,0.0005,0.0005,0.0005,0.0005,0.0005,0.0005,0.0005,0.0005,0.0005,0.0005,0.0005,0.0005,0.0005,0.0005,0.0005,0.0005,0.0005,0.0005,0.0005,0.0005,0.0005,0.0005,0.0005,0.0005,0.0005,0.0005,0.0005,0.0005,0.0005,0.0005,0.0005,0.0005,0.0005,0.0005,0.0005,0.0005,0.0005,0.0005,0.0005,0.0005,0.0005,0.0005,0.0005,0.0005,0.0005,0.0005,0.0005,0.0005,0.0005,0.0005,0.0005,0.0005,0.0005,0.0005,0.0005,0.0005,0.0005,0.0005,0.0005,0.0005,0.0005,0.0005,0.0005,0.0005,0.0005,0.0005,0.0005,0.0005,0.0005,0.0005,0.0005,0.0005,0.0005,0.0005,0.0005,0.0005,0.0005,0.0005,0.0005,0.0005,0.0005,0.0005
0.0005,0.0005,0.0005,0.0005,0.0005,0.0005,0.0005,0.0005,0.0005,0.0005,0.0005,0.0005,0.0005,0.0005,0.0005,0.0005,0.0005,0.0005,0.0005,0.0005,0.0005,0.0005,0.0005,0.0005,0.0005,0.0005,0.0005,0.0005,0.0005,0.0005,0.0005,0.0005,0.0005,0.0005,0.0005,0.0005,0.0005,0.0005,0.0005,0.0005,0.0005,0.0005,0.0005,0.0005,0.0005,0.0005,0.0005,0.0005,0.0005,0.0005,0.0005,0.0005,0.0005,0.0005,0.0005,0.0005,0.0005,0.0005,0.0005,0.0005,0.0005,0.0005,0.0005,0.0005,0.0005,0.0005,0.0005,0.0005,0.0005,0.0005,0.0005,0.0005,0.0005,0.0005,0.0005,0.0005,0.0005,0.0005,0.0005,0.0005,0.0005,0.0005,0.0005,0.0005,0.0005,0.0005,0.0005,0.0005,0.0005,0.0005,0.0005,0.0005,0.0005,0.0005,0.0005,0.0005,0.0005,0.0005,0.0005,0.0005
0.0005,0.0005,0.0005,0.0005,0.0005,0.0005,0.0005,0.0005,0.0005,0.0005,0.0005,0.0005,0.0005,0.0005,0.0005,0.0005,0.0005,0.0005,0.0005,0.0005,0.0005,0.0005,0.0005,0.0005,0.0005,0.0005,0.0005,0.0005,0.0005,0.0005,0.0005,0.0005,0.0005,0.0005,0.0005,0.0005,0.0005,0.0005,0.0005,0.0005,0.0005,0.0005,0.0005,0.0005,0.0005,0.0005,0.0005,0.0005,0.0005,0.0005,0.0005,0.0005,0.0005,0.0005,0.0005,0.0005,0.0005,0.0005,0.0005,0.0005,0.0005,0.0005,0.0005,0.0005,0.0005,0.0005,0.0005,0.0005,0.0005,0.0005,0.0005,0.0005,0.0005,0.0005,0.0005,0.0005,0.0005,0.0005,0.0005,0.0005,0.0005,0.0005,0.0005,0.0005,0.0005,0.0005,0.0005,0.0005,0.0005,0.0005,0.0005,0.0005,0.0005,0.0005,0.0005,0.0005,0.0005,0.0005,0.0005,0.0005

