parameters
adam_lr:0.0003
adam_beta1:0.9
adam_beta2:0.999
adam_eps:1e-8
adam_weight_decay:0
adam_amsgrad:False
architecture:vgg19bn_
dataset:cifar10
combine_datasets:False
do_validation_set:False
epochs:100
batch_size:128
test_set_split:0.1666667
validation_set_split:0.0
reduce_train_set:1
executions:3
base_seed:42
training_method:adam
learning_method:constant

train_loss
1.528,1.042,0.832,0.715,0.635,0.567,0.524,0.472,0.434,0.408,0.373,0.353,0.332,0.307,0.292,0.276,0.26,0.239,0.23,0.217,0.205,0.193,0.186,0.177,0.166,0.16,0.15,0.144,0.135,0.132,0.126,0.119,0.116,0.113,0.107,0.1,0.095,0.093,0.092,0.086,0.081,0.083,0.081,0.078,0.075,0.069,0.067,0.069,0.065,0.062,0.058,0.058,0.057,0.06,0.054,0.055,0.052,0.051,0.049,0.053,0.047,0.046,0.047,0.044,0.045,0.041,0.042,0.043,0.041,0.039,0.039,0.04,0.037,0.038,0.035,0.036,0.035,0.032,0.036,0.032,0.032,0.033,0.031,0.035,0.03,0.031,0.03,0.029,0.029,0.031,0.029,0.03,0.027,0.029,0.028,0.027,0.026,0.026,0.026,0.026
1.493,1.02,0.824,0.708,0.622,0.553,0.507,0.468,0.426,0.398,0.366,0.345,0.324,0.302,0.284,0.272,0.252,0.239,0.226,0.21,0.202,0.188,0.182,0.174,0.164,0.151,0.15,0.139,0.136,0.129,0.124,0.117,0.11,0.108,0.106,0.096,0.094,0.091,0.089,0.086,0.084,0.078,0.073,0.076,0.071,0.071,0.067,0.067,0.061,0.062,0.061,0.057,0.058,0.054,0.056,0.049,0.052,0.051,0.046,0.047,0.046,0.048,0.047,0.044,0.045,0.042,0.041,0.04,0.041,0.039,0.038,0.039,0.038,0.034,0.037,0.038,0.034,0.034,0.033,0.032,0.034,0.032,0.031,0.031,0.032,0.032,0.029,0.029,0.029,0.03,0.026,0.029,0.029,0.028,0.026,0.026,0.028,0.025,0.029,0.024
1.544,1.038,0.829,0.711,0.625,0.554,0.513,0.467,0.429,0.401,0.369,0.351,0.325,0.306,0.291,0.271,0.258,0.242,0.231,0.212,0.203,0.188,0.188,0.176,0.163,0.153,0.146,0.143,0.135,0.131,0.125,0.115,0.113,0.111,0.105,0.099,0.089,0.091,0.093,0.087,0.085,0.079,0.079,0.074,0.071,0.072,0.066,0.071,0.063,0.061,0.059,0.062,0.054,0.059,0.054,0.054,0.051,0.053,0.049,0.048,0.047,0.045,0.048,0.044,0.041,0.044,0.04,0.043,0.042,0.039,0.036,0.041,0.036,0.037,0.036,0.039,0.034,0.033,0.033,0.036,0.032,0.032,0.029,0.031,0.034,0.029,0.032,0.03,0.028,0.029,0.027,0.028,0.026,0.029,0.029,0.025,0.027,0.025,0.026,0.025

train_acc1
41.27,62.86,70.966,75.566,78.574,80.816,82.42,84.002,85.344,86.42,87.348,88.19,88.832,89.602,90.164,90.824,91.132,92.022,92.042,92.592,93.066,93.476,93.668,93.924,94.36,94.598,94.95,95.052,95.352,95.556,95.652,95.81,96.11,96.152,96.356,96.534,96.762,96.804,96.942,97.142,97.264,97.168,97.224,97.376,97.424,97.614,97.704,97.622,97.808,97.918,98.016,98.036,98.066,97.94,98.11,98.13,98.27,98.356,98.292,98.176,98.358,98.464,98.32,98.55,98.522,98.574,98.636,98.564,98.608,98.636,98.666,98.65,98.722,98.658,98.786,98.808,98.794,98.962,98.778,98.938,98.906,98.918,98.954,98.794,98.98,98.934,98.988,99.008,99.02,99.06,99.046,98.948,99.098,98.998,99.068,99.06,99.134,99.124,99.118,99.138
42.846,63.604,71.378,75.92,78.906,81.314,82.994,84.22,85.718,86.564,87.658,88.306,89.184,89.778,90.21,90.83,91.394,91.906,92.342,92.922,93.196,93.652,93.896,93.93,94.288,94.824,94.902,95.162,95.278,95.606,95.702,95.95,96.226,96.318,96.452,96.724,96.794,96.856,97.018,97.088,97.14,97.32,97.506,97.44,97.63,97.624,97.7,97.7,97.92,97.96,97.994,98.066,97.986,98.12,98.094,98.338,98.152,98.246,98.484,98.442,98.396,98.366,98.394,98.552,98.488,98.514,98.616,98.548,98.576,98.718,98.75,98.726,98.732,98.832,98.738,98.728,98.84,98.87,98.864,98.918,98.84,98.934,98.922,98.988,98.916,98.942,99.014,99.014,99.014,98.958,99.134,98.994,99.1,99.052,99.108,99.06,99.068,99.156,99.022,99.21
40.55,62.942,71.162,75.716,78.712,81.362,82.95,84.382,85.614,86.526,87.646,88.256,88.966,89.532,90.082,90.868,91.316,91.71,92.182,92.812,93.054,93.59,93.556,93.938,94.466,94.698,94.922,95.094,95.38,95.426,95.674,96.114,96.136,96.17,96.422,96.588,96.938,96.962,96.828,97.042,97.108,97.358,97.268,97.396,97.516,97.592,97.69,97.53,97.868,97.884,98.054,97.856,98.17,97.884,98.09,98.144,98.244,98.166,98.348,98.372,98.368,98.378,98.336,98.486,98.606,98.466,98.64,98.504,98.568,98.696,98.794,98.582,98.74,98.742,98.74,98.632,98.868,98.872,98.868,98.79,98.876,98.898,99.036,98.91,98.886,99.022,98.904,98.932,99.046,98.966,99.06,99.066,99.052,99.044,99.026,99.202,99.134,99.14,99.15,99.17

val_acc1
55.46,63.42,73.59,77.41,77.29,78.84,79.58,81.23,82.42,83.97,82.74,84.11,85.35,84.11,85.88,85.02,85.64,86.41,85.9,87.27,85.9,87.11,87.81,87.9,88.61,88.43,88.6,86.76,87.61,88.4,88.75,89.23,88.94,88.86,88.55,89.19,88.57,88.97,90.03,89.27,88.89,88.45,90.0,89.24,88.81,89.19,89.91,89.72,88.91,89.27,90.07,90.41,89.57,89.51,89.88,90.34,90.28,90.0,89.75,89.53,89.91,89.98,89.91,90.42,89.39,89.08,89.67,90.72,90.19,90.35,90.77,89.89,90.51,90.21,90.4,90.05,90.05,90.91,89.66,90.25,90.48,90.69,90.45,90.46,90.44,90.79,90.11,89.89,90.3,90.3,90.47,90.47,90.75,90.55,90.96,90.68,90.04,90.7,90.52,90.33
58.73,61.18,71.33,78.12,78.73,79.76,80.06,82.53,84.94,84.09,83.9,83.41,85.4,85.19,85.98,85.83,86.45,86.46,86.71,87.61,87.51,88.0,88.66,87.73,89.21,89.08,88.89,88.77,88.23,88.78,89.14,89.49,89.45,89.11,89.24,88.76,88.91,88.3,89.41,88.87,88.98,89.48,89.67,88.59,89.14,89.47,89.56,90.0,89.17,89.39,90.08,89.67,90.39,88.71,89.53,90.28,90.19,90.14,89.43,89.86,90.19,89.96,89.75,90.28,89.93,89.88,90.23,90.3,89.87,90.73,90.72,90.68,89.77,90.23,90.37,90.86,90.45,90.64,90.49,90.31,90.58,90.49,89.98,90.53,90.79,90.44,90.15,90.64,89.84,90.37,90.64,90.87,90.31,90.38,90.87,89.88,90.76,90.01,90.83,90.7
55.31,62.69,72.92,76.2,78.57,79.61,80.69,82.76,82.71,83.58,84.11,85.82,83.76,85.54,85.87,85.78,85.79,86.84,87.35,86.95,87.16,86.88,88.86,88.65,88.72,88.32,88.69,88.1,87.65,88.66,88.63,88.27,88.82,89.2,88.44,89.45,89.43,89.82,88.98,89.4,88.92,89.53,90.01,89.71,89.51,89.57,88.63,90.13,90.02,89.0,89.86,89.88,89.24,89.48,88.97,90.27,90.12,89.43,90.05,89.82,90.46,89.67,89.63,90.65,89.37,90.13,89.61,90.07,90.51,90.39,90.69,90.31,90.0,90.51,90.1,90.57,89.75,90.66,90.28,90.41,89.79,89.98,90.35,90.76,90.34,90.42,89.92,90.52,90.07,90.55,90.13,90.67,90.72,89.11,90.44,90.57,90.04,90.45,90.97,90.74

val_loss
1.254,1.03,0.777,0.672,0.691,0.652,0.613,0.547,0.548,0.478,0.53,0.497,0.456,0.525,0.446,0.483,0.446,0.446,0.472,0.42,0.472,0.433,0.425,0.398,0.387,0.367,0.383,0.48,0.421,0.422,0.389,0.387,0.398,0.4,0.417,0.403,0.45,0.409,0.375,0.403,0.437,0.451,0.397,0.439,0.466,0.436,0.416,0.406,0.468,0.46,0.413,0.415,0.453,0.429,0.429,0.394,0.42,0.424,0.443,0.46,0.422,0.453,0.451,0.444,0.473,0.467,0.467,0.396,0.453,0.444,0.426,0.452,0.435,0.459,0.49,0.462,0.43,0.432,0.478,0.465,0.441,0.459,0.469,0.419,0.447,0.426,0.461,0.463,0.449,0.474,0.479,0.451,0.429,0.476,0.444,0.45,0.485,0.484,0.451,0.436
1.138,1.117,0.846,0.653,0.63,0.628,0.598,0.511,0.439,0.477,0.5,0.505,0.442,0.457,0.443,0.448,0.409,0.424,0.437,0.399,0.4,0.386,0.369,0.405,0.373,0.365,0.372,0.375,0.403,0.403,0.373,0.372,0.384,0.395,0.369,0.422,0.427,0.453,0.404,0.428,0.429,0.415,0.416,0.464,0.467,0.406,0.428,0.407,0.449,0.427,0.431,0.47,0.405,0.5,0.475,0.454,0.388,0.409,0.457,0.464,0.446,0.448,0.436,0.429,0.434,0.444,0.445,0.456,0.435,0.421,0.422,0.417,0.471,0.456,0.436,0.398,0.43,0.433,0.436,0.464,0.442,0.476,0.47,0.454,0.434,0.449,0.447,0.467,0.499,0.461,0.458,0.453,0.461,0.492,0.455,0.496,0.446,0.478,0.412,0.442
1.242,1.069,0.8,0.708,0.652,0.627,0.569,0.518,0.517,0.498,0.485,0.435,0.492,0.459,0.436,0.465,0.443,0.418,0.393,0.434,0.4,0.426,0.368,0.372,0.379,0.406,0.378,0.404,0.438,0.393,0.412,0.444,0.407,0.394,0.443,0.374,0.414,0.372,0.405,0.4,0.405,0.426,0.403,0.419,0.437,0.418,0.467,0.39,0.405,0.477,0.408,0.428,0.479,0.436,0.495,0.437,0.411,0.429,0.42,0.44,0.409,0.461,0.435,0.395,0.494,0.44,0.462,0.433,0.425,0.427,0.417,0.409,0.45,0.429,0.476,0.437,0.479,0.441,0.458,0.435,0.514,0.463,0.467,0.465,0.448,0.441,0.452,0.44,0.478,0.451,0.5,0.421,0.452,0.504,0.451,0.464,0.478,0.466,0.453,0.442

learning_rate
0.0003,0.0003,0.0003,0.0003,0.0003,0.0003,0.0003,0.0003,0.0003,0.0003,0.0003,0.0003,0.0003,0.0003,0.0003,0.0003,0.0003,0.0003,0.0003,0.0003,0.0003,0.0003,0.0003,0.0003,0.0003,0.0003,0.0003,0.0003,0.0003,0.0003,0.0003,0.0003,0.0003,0.0003,0.0003,0.0003,0.0003,0.0003,0.0003,0.0003,0.0003,0.0003,0.0003,0.0003,0.0003,0.0003,0.0003,0.0003,0.0003,0.0003,0.0003,0.0003,0.0003,0.0003,0.0003,0.0003,0.0003,0.0003,0.0003,0.0003,0.0003,0.0003,0.0003,0.0003,0.0003,0.0003,0.0003,0.0003,0.0003,0.0003,0.0003,0.0003,0.0003,0.0003,0.0003,0.0003,0.0003,0.0003,0.0003,0.0003,0.0003,0.0003,0.0003,0.0003,0.0003,0.0003,0.0003,0.0003,0.0003,0.0003,0.0003,0.0003,0.0003,0.0003,0.0003,0.0003,0.0003,0.0003,0.0003,0.0003
0.0003,0.0003,0.0003,0.0003,0.0003,0.0003,0.0003,0.0003,0.0003,0.0003,0.0003,0.0003,0.0003,0.0003,0.0003,0.0003,0.0003,0.0003,0.0003,0.0003,0.0003,0.0003,0.0003,0.0003,0.0003,0.0003,0.0003,0.0003,0.0003,0.0003,0.0003,0.0003,0.0003,0.0003,0.0003,0.0003,0.0003,0.0003,0.0003,0.0003,0.0003,0.0003,0.0003,0.0003,0.0003,0.0003,0.0003,0.0003,0.0003,0.0003,0.0003,0.0003,0.0003,0.0003,0.0003,0.0003,0.0003,0.0003,0.0003,0.0003,0.0003,0.0003,0.0003,0.0003,0.0003,0.0003,0.0003,0.0003,0.0003,0.0003,0.0003,0.0003,0.0003,0.0003,0.0003,0.0003,0.0003,0.0003,0.0003,0.0003,0.0003,0.0003,0.0003,0.0003,0.0003,0.0003,0.0003,0.0003,0.0003,0.0003,0.0003,0.0003,0.0003,0.0003,0.0003,0.0003,0.0003,0.0003,0.0003,0.0003
0.0003,0.0003,0.0003,0.0003,0.0003,0.0003,0.0003,0.0003,0.0003,0.0003,0.0003,0.0003,0.0003,0.0003,0.0003,0.0003,0.0003,0.0003,0.0003,0.0003,0.0003,0.0003,0.0003,0.0003,0.0003,0.0003,0.0003,0.0003,0.0003,0.0003,0.0003,0.0003,0.0003,0.0003,0.0003,0.0003,0.0003,0.0003,0.0003,0.0003,0.0003,0.0003,0.0003,0.0003,0.0003,0.0003,0.0003,0.0003,0.0003,0.0003,0.0003,0.0003,0.0003,0.0003,0.0003,0.0003,0.0003,0.0003,0.0003,0.0003,0.0003,0.0003,0.0003,0.0003,0.0003,0.0003,0.0003,0.0003,0.0003,0.0003,0.0003,0.0003,0.0003,0.0003,0.0003,0.0003,0.0003,0.0003,0.0003,0.0003,0.0003,0.0003,0.0003,0.0003,0.0003,0.0003,0.0003,0.0003,0.0003,0.0003,0.0003,0.0003,0.0003,0.0003,0.0003,0.0003,0.0003,0.0003,0.0003,0.0003

