parameters
adagrad_lr:0.1
adagrad_learning_decay:0.99
adagrad_weight_decay:0
adagrad_initial_acumulator:0
architecture:vgg19bn_
dataset:cifar10
combine_datasets:False
do_validation_set:False
epochs:100
batch_size:128
test_set_split:0.1666667
validation_set_split:0.0
reduce_train_set:1
executions:3
base_seed:42
training_method:adagrad
learning_method:constant

train_loss
2.731,2.549,2.52,2.519,2.521,2.49,2.512,2.502,2.503,2.507,2.486,2.49,2.506,2.503,2.499,2.49,2.501,2.509,2.529,2.511,2.504,2.523,2.516,2.5,2.511,2.493,2.503,2.5,2.493,2.515,2.501,2.546,2.524,2.498,2.531,2.512,2.481,2.506,2.513,2.495,2.49,2.491,2.515,2.51,2.52,2.491,2.511,2.509,2.491,2.482,2.494,2.507,2.501,2.512,2.509,2.51,2.524,2.519,2.499,2.493,2.497,2.496,2.501,2.505,2.517,2.494,2.497,2.498,2.502,2.5,2.501,2.506,2.514,2.497,2.494,2.51,2.498,2.512,2.505,2.49,2.502,2.507,2.511,2.51,2.513,2.487,2.506,2.496,2.511,2.496,2.52,2.515,2.534,2.52,2.51,2.496,2.491,2.469,2.511,2.486
2.943,2.625,2.591,2.61,2.588,2.591,2.574,2.565,2.559,2.573,2.561,2.56,2.55,2.544,2.561,2.543,2.575,2.564,2.548,2.547,2.561,2.556,2.549,2.554,2.535,2.569,2.549,2.564,2.549,2.547,2.551,2.545,2.534,2.547,2.539,2.545,2.531,2.526,2.538,2.535,2.536,2.529,2.551,2.528,2.552,2.544,2.539,2.534,2.545,2.55,2.54,2.538,2.527,2.543,2.549,2.537,2.519,2.547,2.531,2.546,2.537,2.538,2.54,2.539,2.534,2.532,2.53,2.529,2.535,2.533,2.531,2.524,2.53,2.533,2.529,2.542,2.544,2.53,2.53,2.537,2.524,2.527,2.508,2.528,2.532,2.53,2.523,2.534,2.542,2.538,2.524,2.53,2.541,2.532,2.544,2.546,2.525,2.526,2.517,2.541
2.953,2.753,2.734,2.71,2.739,2.737,2.666,2.704,2.67,2.722,2.702,2.702,2.686,2.709,2.709,2.727,2.728,2.687,2.726,2.686,2.688,2.701,2.689,2.686,2.677,2.738,2.656,2.653,2.699,2.715,2.723,2.708,2.707,2.718,2.719,2.676,2.699,2.718,2.707,2.686,2.697,2.713,2.681,2.701,2.707,2.703,2.729,2.679,2.702,2.707,2.655,2.678,2.706,2.731,2.678,2.74,2.684,2.727,2.701,2.728,2.701,2.669,2.72,2.743,2.713,2.711,2.7,2.681,2.719,2.715,2.685,2.716,2.686,2.694,2.69,2.728,2.701,2.746,2.709,2.695,2.695,2.732,2.693,2.679,2.747,2.742,2.679,2.659,2.693,2.708,2.697,2.699,2.682,2.708,2.69,2.717,2.724,2.681,2.662,2.698

train_acc1
10.638,10.908,10.58,10.846,10.58,10.756,10.728,10.668,10.592,10.76,10.78,10.802,10.632,10.672,10.542,10.646,10.68,10.81,10.57,10.664,10.62,10.696,10.636,10.656,10.612,10.528,10.546,10.766,10.534,10.524,10.752,10.71,10.604,10.472,10.532,10.658,10.532,10.748,10.638,10.644,10.878,10.596,10.686,10.65,10.718,10.742,10.586,10.812,10.608,10.594,10.53,10.614,10.68,10.696,10.734,10.668,10.718,10.672,10.462,10.796,10.778,10.696,10.706,10.678,10.568,10.704,10.604,10.628,10.654,10.608,10.62,10.644,10.628,10.49,10.562,10.568,10.744,10.652,10.592,10.658,10.83,10.594,10.602,10.512,10.64,10.49,10.646,10.666,10.486,10.698,10.44,10.58,10.714,10.456,10.66,10.602,10.61,10.674,10.754,10.69
9.966,10.338,10.31,10.324,10.36,10.394,10.428,10.364,10.392,10.466,10.402,10.33,10.344,10.41,10.414,10.35,10.416,10.472,10.412,10.486,10.332,10.328,10.428,10.396,10.416,10.29,10.428,10.384,10.364,10.426,10.41,10.394,10.432,10.446,10.432,10.45,10.432,10.444,10.384,10.44,10.38,10.288,10.486,10.504,10.42,10.426,10.434,10.408,10.384,10.388,10.424,10.378,10.408,10.436,10.364,10.492,10.36,10.416,10.412,10.394,10.42,10.5,10.452,10.328,10.442,10.398,10.412,10.46,10.46,10.41,10.42,10.356,10.386,10.414,10.456,10.362,10.426,10.394,10.344,10.474,10.388,10.45,10.366,10.386,10.376,10.404,10.422,10.348,10.478,10.462,10.448,10.386,10.382,10.41,10.414,10.404,10.362,10.374,10.32,10.43
10.234,10.448,10.158,10.218,10.234,10.202,10.106,10.21,10.238,10.168,10.264,10.208,10.248,10.24,10.2,10.238,10.194,10.132,10.168,10.212,10.082,10.204,10.192,10.15,10.214,10.224,10.142,10.2,10.15,10.21,10.208,10.254,10.118,10.232,10.146,10.196,10.182,10.218,10.11,10.202,10.234,10.104,10.186,10.2,10.162,10.226,10.248,10.152,10.252,10.098,10.21,10.148,10.136,10.162,10.186,10.174,10.126,10.186,10.22,10.216,10.188,10.128,10.146,10.236,10.238,10.178,10.204,10.134,10.136,10.148,10.126,10.124,10.184,10.188,10.078,10.228,10.216,10.14,10.066,10.21,10.24,10.104,10.186,10.168,10.144,10.058,10.164,10.16,10.218,10.176,10.192,10.156,10.136,10.208,10.17,10.142,10.248,10.258,10.216,10.156

val_acc1
11.0,10.94,10.96,10.58,10.74,10.81,10.91,10.82,10.68,10.92,10.72,10.88,10.85,10.79,10.87,10.76,10.79,10.84,10.69,10.83,10.91,10.78,10.9,10.85,10.74,10.78,10.94,10.96,10.83,10.85,10.89,10.87,10.83,10.85,10.89,10.8,10.74,10.79,10.72,10.79,10.89,10.77,10.89,10.8,10.79,10.85,10.87,10.8,10.72,10.9,10.79,10.83,10.82,10.76,10.9,10.82,10.76,10.85,10.81,10.79,10.78,10.8,10.8,10.8,10.81,10.84,10.9,10.79,10.8,10.79,10.79,10.82,10.75,10.83,10.88,10.87,10.84,10.79,10.84,10.74,10.77,10.8,10.78,10.83,10.8,10.77,10.91,10.81,10.8,10.79,10.8,10.86,10.77,10.75,10.83,10.85,10.92,10.86,10.79,10.85
10.23,10.36,10.39,10.31,10.35,10.33,10.27,10.32,10.34,10.41,10.44,10.5,10.5,10.43,10.47,10.57,10.55,10.45,10.46,10.51,10.54,10.49,10.57,10.5,10.56,10.5,10.5,10.52,10.43,10.54,10.53,10.62,10.43,10.43,10.53,10.47,10.53,10.58,10.62,10.55,10.56,10.57,10.47,10.49,10.62,10.6,10.6,10.58,10.57,10.65,10.6,10.5,10.57,10.57,10.53,10.56,10.65,10.59,10.52,10.5,10.64,10.55,10.57,10.61,10.64,10.5,10.68,10.56,10.57,10.56,10.51,10.46,10.42,10.49,10.57,10.54,10.52,10.52,10.58,10.54,10.54,10.57,10.54,10.56,10.52,10.53,10.69,10.51,10.48,10.48,10.55,10.47,10.51,10.54,10.55,10.62,10.51,10.54,10.52,10.55
9.68,10.3,10.31,10.33,10.33,10.33,10.34,10.34,10.33,10.03,10.27,10.36,10.3,10.32,10.33,10.34,10.33,10.31,10.36,10.32,10.34,10.28,10.33,10.36,10.27,10.32,10.36,10.33,10.34,10.3,10.34,10.36,10.31,10.32,10.34,10.29,10.34,10.32,10.33,10.26,10.35,10.36,10.28,10.3,10.37,10.33,10.3,10.33,10.34,10.36,10.34,10.32,10.34,10.33,10.34,10.34,10.33,10.34,10.26,10.32,10.32,10.31,10.28,10.36,10.34,10.36,10.34,10.35,10.32,10.28,10.28,10.35,10.36,10.28,10.35,10.28,10.36,10.14,10.27,10.28,10.34,10.36,10.32,10.33,10.33,10.33,10.34,10.36,10.29,10.34,10.36,10.3,10.32,10.34,10.34,10.36,10.36,10.33,10.27,10.34

val_loss
2.602,2.493,2.579,2.57,2.549,2.498,2.561,2.649,2.533,2.608,2.471,2.516,2.51,2.547,2.543,2.554,2.503,2.516,2.511,2.521,2.68,2.453,2.513,2.62,2.454,2.579,2.566,2.664,2.521,2.527,2.537,2.605,2.625,2.509,2.585,2.572,2.549,2.501,2.478,2.517,2.495,2.566,2.613,2.528,2.487,2.629,2.493,2.486,2.503,2.528,2.517,2.584,2.548,2.479,2.576,2.505,2.491,2.518,2.555,2.492,2.545,2.522,2.543,2.533,2.523,2.506,2.603,2.52,2.52,2.531,2.501,2.515,2.588,2.541,2.494,2.524,2.56,2.48,2.529,2.465,2.487,2.501,2.569,2.526,2.552,2.544,2.549,2.566,2.585,2.553,2.491,2.521,2.507,2.556,2.521,2.539,2.607,2.505,2.49,2.525
2.737,2.636,2.567,2.582,2.607,2.625,2.576,2.542,2.581,2.652,2.569,2.628,2.679,2.685,2.638,2.641,2.592,2.543,2.582,2.66,2.617,2.665,2.636,2.618,2.577,2.517,2.525,2.638,2.541,2.524,2.607,2.608,2.566,2.534,2.602,2.474,2.552,2.564,2.591,2.592,2.538,2.579,2.665,2.636,2.598,2.548,2.574,2.524,2.531,2.58,2.538,2.578,2.574,2.536,2.86,2.539,2.566,2.679,2.561,2.632,2.603,2.57,2.625,2.585,2.59,2.511,2.631,2.457,2.604,2.545,2.569,2.492,2.473,2.495,2.593,2.546,2.508,2.574,2.537,2.521,2.509,2.537,2.638,2.51,2.517,2.492,2.553,2.503,2.506,2.5,2.578,2.498,2.49,2.513,2.609,2.6,2.654,2.576,2.506,2.525
2.711,2.623,2.619,2.591,2.655,2.664,2.664,2.626,2.551,2.773,2.809,2.655,2.715,2.549,2.585,2.63,2.654,2.76,2.632,2.704,2.651,2.752,2.573,2.632,2.733,2.677,2.532,2.565,2.621,2.667,2.588,2.528,2.836,2.59,2.599,2.727,2.553,2.665,2.729,2.699,2.496,2.603,2.688,2.763,2.546,2.735,2.711,2.562,2.566,2.545,2.541,2.663,2.613,2.563,2.596,2.6,2.549,2.617,2.66,2.572,2.466,2.649,2.689,2.528,2.587,2.616,2.655,2.688,2.689,2.687,2.787,2.583,2.685,2.795,2.629,2.727,2.521,2.838,2.737,2.745,2.592,2.547,2.581,2.471,2.583,2.674,2.566,2.603,2.735,2.596,2.646,2.656,2.811,2.677,2.577,2.508,2.585,2.706,2.769,2.743

learning_rate
0.1,0.1,0.1,0.1,0.1,0.1,0.1,0.1,0.1,0.1,0.1,0.1,0.1,0.1,0.1,0.1,0.1,0.1,0.1,0.1,0.1,0.1,0.1,0.1,0.1,0.1,0.1,0.1,0.1,0.1,0.1,0.1,0.1,0.1,0.1,0.1,0.1,0.1,0.1,0.1,0.1,0.1,0.1,0.1,0.1,0.1,0.1,0.1,0.1,0.1,0.1,0.1,0.1,0.1,0.1,0.1,0.1,0.1,0.1,0.1,0.1,0.1,0.1,0.1,0.1,0.1,0.1,0.1,0.1,0.1,0.1,0.1,0.1,0.1,0.1,0.1,0.1,0.1,0.1,0.1,0.1,0.1,0.1,0.1,0.1,0.1,0.1,0.1,0.1,0.1,0.1,0.1,0.1,0.1,0.1,0.1,0.1,0.1,0.1,0.1
0.1,0.1,0.1,0.1,0.1,0.1,0.1,0.1,0.1,0.1,0.1,0.1,0.1,0.1,0.1,0.1,0.1,0.1,0.1,0.1,0.1,0.1,0.1,0.1,0.1,0.1,0.1,0.1,0.1,0.1,0.1,0.1,0.1,0.1,0.1,0.1,0.1,0.1,0.1,0.1,0.1,0.1,0.1,0.1,0.1,0.1,0.1,0.1,0.1,0.1,0.1,0.1,0.1,0.1,0.1,0.1,0.1,0.1,0.1,0.1,0.1,0.1,0.1,0.1,0.1,0.1,0.1,0.1,0.1,0.1,0.1,0.1,0.1,0.1,0.1,0.1,0.1,0.1,0.1,0.1,0.1,0.1,0.1,0.1,0.1,0.1,0.1,0.1,0.1,0.1,0.1,0.1,0.1,0.1,0.1,0.1,0.1,0.1,0.1,0.1
0.1,0.1,0.1,0.1,0.1,0.1,0.1,0.1,0.1,0.1,0.1,0.1,0.1,0.1,0.1,0.1,0.1,0.1,0.1,0.1,0.1,0.1,0.1,0.1,0.1,0.1,0.1,0.1,0.1,0.1,0.1,0.1,0.1,0.1,0.1,0.1,0.1,0.1,0.1,0.1,0.1,0.1,0.1,0.1,0.1,0.1,0.1,0.1,0.1,0.1,0.1,0.1,0.1,0.1,0.1,0.1,0.1,0.1,0.1,0.1,0.1,0.1,0.1,0.1,0.1,0.1,0.1,0.1,0.1,0.1,0.1,0.1,0.1,0.1,0.1,0.1,0.1,0.1,0.1,0.1,0.1,0.1,0.1,0.1,0.1,0.1,0.1,0.1,0.1,0.1,0.1,0.1,0.1,0.1,0.1,0.1,0.1,0.1,0.1,0.1

