parameters
adagrad_lr:0.005
adagrad_learning_decay:0.99
adagrad_weight_decay:0
adagrad_initial_acumulator:0
architecture:vgg19bn_
dataset:cifar10
combine_datasets:False
do_validation_set:False
epochs:100
batch_size:128
test_set_split:0.1666667
validation_set_split:0.0
reduce_train_set:1
executions:3
base_seed:42
training_method:adagrad
learning_method:constant

train_loss
2.259,2.241,2.238,2.236,2.235,2.234,2.233,2.231,2.232,2.231,2.231,2.231,2.23,2.23,2.23,2.231,2.229,2.23,2.228,2.229,2.229,2.229,2.229,2.229,2.228,2.228,2.228,2.228,2.229,2.23,2.228,2.229,2.228,2.227,2.227,2.228,2.227,2.228,2.227,2.228,2.228,2.227,2.227,2.227,2.228,2.227,2.226,2.227,2.227,2.227,2.226,2.228,2.226,2.228,2.227,2.228,2.228,2.227,2.227,2.226,2.227,2.227,2.228,2.227,2.227,2.226,2.228,2.227,2.227,2.227,2.227,2.227,2.227,2.226,2.226,2.228,2.226,2.228,2.226,2.227,2.226,2.227,2.227,2.227,2.227,2.227,2.227,2.227,2.227,2.227,2.226,2.226,2.226,2.227,2.226,2.227,2.227,2.226,2.227,2.227
2.293,2.28,2.279,2.28,2.279,2.278,2.278,2.277,2.278,2.277,2.277,2.277,2.277,2.277,2.277,2.278,2.276,2.277,2.278,2.277,2.277,2.276,2.277,2.276,2.276,2.276,2.277,2.277,2.277,2.276,2.277,2.276,2.277,2.276,2.277,2.277,2.275,2.276,2.276,2.276,2.277,2.276,2.277,2.277,2.276,2.277,2.277,2.277,2.276,2.276,2.276,2.276,2.276,2.276,2.276,2.277,2.275,2.277,2.276,2.276,2.276,2.276,2.276,2.276,2.275,2.276,2.276,2.276,2.276,2.277,2.275,2.276,2.276,2.276,2.276,2.276,2.276,2.276,2.277,2.276,2.276,2.276,2.276,2.276,2.276,2.276,2.276,2.276,2.276,2.276,2.275,2.276,2.276,2.276,2.276,2.276,2.276,2.275,2.276,2.275
2.263,2.246,2.243,2.241,2.241,2.24,2.239,2.237,2.237,2.237,2.237,2.237,2.237,2.236,2.236,2.237,2.235,2.235,2.235,2.235,2.236,2.235,2.235,2.234,2.234,2.234,2.235,2.234,2.235,2.235,2.233,2.235,2.233,2.234,2.234,2.234,2.234,2.234,2.234,2.234,2.234,2.233,2.233,2.233,2.234,2.234,2.232,2.233,2.233,2.233,2.234,2.234,2.232,2.234,2.233,2.234,2.233,2.234,2.234,2.234,2.234,2.233,2.233,2.234,2.234,2.232,2.234,2.233,2.233,2.233,2.233,2.233,2.233,2.233,2.233,2.234,2.233,2.234,2.232,2.234,2.233,2.233,2.232,2.234,2.233,2.233,2.232,2.234,2.233,2.233,2.233,2.232,2.233,2.234,2.232,2.233,2.233,2.232,2.232,2.233

train_acc1
14.05,14.584,14.822,14.724,14.816,14.878,15.016,15.034,14.92,15.048,14.974,15.05,15.006,15.06,14.988,15.03,15.166,15.034,14.978,15.108,15.082,15.04,14.978,15.052,15.142,15.112,15.142,15.054,15.062,15.092,15.154,15.158,15.082,15.056,15.144,15.084,15.076,15.044,15.088,15.014,15.032,15.136,15.098,15.162,15.164,15.154,15.19,15.202,15.062,15.122,15.168,15.092,15.126,15.126,15.116,15.178,15.15,15.128,15.172,15.154,14.996,15.158,15.168,15.084,15.076,15.102,15.18,15.202,15.098,15.134,15.188,15.188,15.132,15.152,15.178,15.096,15.118,15.186,15.226,15.056,15.168,15.162,15.07,15.072,15.134,15.118,15.094,15.24,15.198,15.14,15.162,15.184,15.084,15.104,15.128,15.098,15.118,15.058,15.144,15.162
11.39,11.446,11.454,11.434,11.422,11.444,11.412,11.436,11.392,11.446,11.408,11.436,11.42,11.42,11.46,11.396,11.414,11.426,11.398,11.418,11.408,11.44,11.398,11.414,11.404,11.432,11.396,11.432,11.396,11.452,11.376,11.442,11.43,11.41,11.416,11.428,11.452,11.394,11.446,11.442,11.43,11.404,11.406,11.426,11.388,11.388,11.414,11.456,11.388,11.404,11.398,11.472,11.418,11.392,11.432,11.45,11.406,11.356,11.404,11.378,11.422,11.454,11.442,11.412,11.408,11.45,11.402,11.374,11.412,11.404,11.424,11.39,11.42,11.406,11.438,11.414,11.398,11.406,11.42,11.4,11.44,11.404,11.418,11.386,11.426,11.402,11.39,11.414,11.422,11.412,11.36,11.404,11.404,11.4,11.39,11.352,11.404,11.418,11.444,11.416
10.94,10.82,10.702,10.82,10.76,10.726,10.668,10.79,10.686,10.724,10.706,10.77,10.668,10.72,10.654,10.66,10.802,10.564,10.73,10.638,10.622,10.68,10.718,10.614,10.666,10.698,10.724,10.63,10.664,10.614,10.666,10.702,10.696,10.59,10.674,10.702,10.7,10.64,10.73,10.664,10.596,10.628,10.638,10.726,10.672,10.612,10.75,10.646,10.666,10.624,10.622,10.696,10.616,10.644,10.63,10.642,10.678,10.676,10.616,10.708,10.538,10.622,10.622,10.64,10.64,10.636,10.714,10.734,10.682,10.638,10.666,10.664,10.602,10.584,10.556,10.696,10.658,10.726,10.654,10.666,10.588,10.646,10.586,10.602,10.578,10.602,10.696,10.61,10.69,10.714,10.646,10.712,10.68,10.586,10.68,10.66,10.534,10.724,10.62,10.696

val_acc1
15.02,15.7,15.77,15.84,16.12,16.11,16.16,16.2,16.36,16.19,16.01,16.11,16.06,16.14,16.1,16.31,16.29,16.08,16.17,16.19,16.16,16.0,16.4,16.25,16.05,16.18,16.29,16.06,16.25,16.1,16.28,16.05,16.39,16.31,16.53,16.12,16.07,16.25,16.06,16.3,16.03,16.33,16.65,16.3,16.1,16.24,16.2,16.49,16.18,16.06,16.12,16.15,16.29,16.27,16.25,16.18,16.33,16.21,16.32,16.18,16.14,16.28,16.24,16.0,16.18,16.25,16.25,16.09,16.31,16.34,16.43,16.24,16.14,16.26,16.24,16.46,16.11,16.51,16.28,16.14,16.11,16.16,16.3,16.29,16.31,16.25,16.27,16.27,16.48,16.36,16.28,16.24,16.37,16.32,16.15,16.22,16.31,16.27,16.19,16.12
11.29,11.31,11.24,11.28,11.32,11.27,11.29,11.29,11.28,11.25,11.26,11.26,11.27,11.27,11.28,11.25,11.26,11.24,11.26,11.26,11.25,11.25,11.26,11.24,11.27,11.26,11.24,11.25,11.25,11.26,11.24,11.26,11.23,11.24,11.25,11.23,11.23,11.24,11.23,11.25,11.26,11.25,11.26,11.25,11.24,11.26,11.27,11.24,11.24,11.23,11.24,11.24,11.24,11.24,11.24,11.24,11.24,11.23,11.25,11.23,11.25,11.25,11.25,11.24,11.23,11.25,11.25,11.25,11.24,11.24,11.24,11.24,11.23,11.21,11.25,11.24,11.24,11.23,11.24,11.26,11.23,11.24,11.24,11.24,11.23,11.23,11.24,11.25,11.22,11.23,11.25,11.23,11.24,11.24,11.25,11.25,11.27,11.23,11.22,11.22
11.18,11.12,11.1,11.05,10.96,10.93,10.92,10.95,10.87,10.91,10.99,10.93,10.92,10.88,10.92,10.85,10.83,10.92,10.82,10.84,10.85,10.93,10.82,10.85,10.92,10.83,10.83,10.92,10.81,10.91,10.83,10.84,10.86,10.78,10.77,10.89,10.92,10.85,10.92,10.82,10.95,10.81,10.84,10.83,10.9,10.81,10.82,10.81,10.87,10.89,10.82,10.83,10.78,10.8,10.76,10.79,10.81,10.83,10.75,10.87,10.85,10.84,10.81,10.9,10.86,10.8,10.79,10.9,10.79,10.78,10.79,10.82,10.84,10.86,10.79,10.77,10.83,10.74,10.82,10.84,10.87,10.84,10.8,10.82,10.82,10.82,10.81,10.79,10.82,10.75,10.8,10.82,10.78,10.78,10.86,10.81,10.78,10.81,10.86,10.91

val_loss
2.237,2.228,2.224,2.227,2.22,2.219,2.224,2.22,2.217,2.215,2.218,2.22,2.221,2.215,2.217,2.216,2.215,2.218,2.214,2.216,2.215,2.222,2.213,2.213,2.214,2.215,2.213,2.218,2.218,2.216,2.211,2.214,2.214,2.212,2.215,2.216,2.217,2.215,2.215,2.212,2.217,2.215,2.215,2.212,2.216,2.212,2.212,2.215,2.214,2.218,2.215,2.214,2.212,2.212,2.218,2.215,2.214,2.215,2.212,2.215,2.214,2.211,2.216,2.218,2.213,2.212,2.216,2.217,2.215,2.211,2.209,2.214,2.214,2.215,2.216,2.213,2.216,2.21,2.211,2.214,2.216,2.215,2.214,2.214,2.215,2.212,2.21,2.214,2.213,2.214,2.212,2.213,2.211,2.211,2.215,2.216,2.213,2.213,2.215,2.212
2.278,2.278,2.278,2.277,2.277,2.277,2.277,2.276,2.275,2.274,2.276,2.276,2.276,2.275,2.275,2.276,2.275,2.276,2.275,2.276,2.275,2.274,2.276,2.275,2.274,2.274,2.275,2.276,2.275,2.275,2.275,2.274,2.276,2.275,2.276,2.275,2.274,2.275,2.275,2.275,2.275,2.275,2.275,2.273,2.275,2.274,2.274,2.275,2.275,2.274,2.275,2.275,2.274,2.274,2.28,2.274,2.274,2.275,2.275,2.276,2.274,2.276,2.274,2.274,2.275,2.274,2.272,2.276,2.275,2.273,2.274,2.274,2.274,2.274,2.275,2.275,2.273,2.275,2.275,2.274,2.275,2.274,2.272,2.275,2.274,2.275,2.274,2.275,2.275,2.274,2.275,2.273,2.273,2.276,2.273,2.274,2.274,2.273,2.274,2.273
2.243,2.234,2.232,2.233,2.227,2.227,2.227,2.226,2.222,2.223,2.226,2.226,2.228,2.223,2.224,2.222,2.222,2.226,2.22,2.222,2.223,2.228,2.221,2.219,2.222,2.222,2.219,2.226,2.223,2.224,2.218,2.222,2.219,2.218,2.222,2.223,2.225,2.221,2.224,2.219,2.225,2.22,2.218,2.22,2.224,2.218,2.22,2.219,2.222,2.225,2.222,2.222,2.22,2.219,2.221,2.222,2.219,2.222,2.218,2.222,2.222,2.218,2.222,2.226,2.222,2.22,2.222,2.224,2.22,2.218,2.214,2.221,2.222,2.223,2.222,2.218,2.223,2.216,2.218,2.221,2.223,2.222,2.219,2.222,2.221,2.218,2.217,2.22,2.217,2.219,2.22,2.22,2.217,2.219,2.223,2.223,2.219,2.22,2.221,2.223

learning_rate
0.005,0.005,0.005,0.005,0.005,0.005,0.005,0.005,0.005,0.005,0.005,0.005,0.005,0.005,0.005,0.005,0.005,0.005,0.005,0.005,0.005,0.005,0.005,0.005,0.005,0.005,0.005,0.005,0.005,0.005,0.005,0.005,0.005,0.005,0.005,0.005,0.005,0.005,0.005,0.005,0.005,0.005,0.005,0.005,0.005,0.005,0.005,0.005,0.005,0.005,0.005,0.005,0.005,0.005,0.005,0.005,0.005,0.005,0.005,0.005,0.005,0.005,0.005,0.005,0.005,0.005,0.005,0.005,0.005,0.005,0.005,0.005,0.005,0.005,0.005,0.005,0.005,0.005,0.005,0.005,0.005,0.005,0.005,0.005,0.005,0.005,0.005,0.005,0.005,0.005,0.005,0.005,0.005,0.005,0.005,0.005,0.005,0.005,0.005,0.005
0.005,0.005,0.005,0.005,0.005,0.005,0.005,0.005,0.005,0.005,0.005,0.005,0.005,0.005,0.005,0.005,0.005,0.005,0.005,0.005,0.005,0.005,0.005,0.005,0.005,0.005,0.005,0.005,0.005,0.005,0.005,0.005,0.005,0.005,0.005,0.005,0.005,0.005,0.005,0.005,0.005,0.005,0.005,0.005,0.005,0.005,0.005,0.005,0.005,0.005,0.005,0.005,0.005,0.005,0.005,0.005,0.005,0.005,0.005,0.005,0.005,0.005,0.005,0.005,0.005,0.005,0.005,0.005,0.005,0.005,0.005,0.005,0.005,0.005,0.005,0.005,0.005,0.005,0.005,0.005,0.005,0.005,0.005,0.005,0.005,0.005,0.005,0.005,0.005,0.005,0.005,0.005,0.005,0.005,0.005,0.005,0.005,0.005,0.005,0.005
0.005,0.005,0.005,0.005,0.005,0.005,0.005,0.005,0.005,0.005,0.005,0.005,0.005,0.005,0.005,0.005,0.005,0.005,0.005,0.005,0.005,0.005,0.005,0.005,0.005,0.005,0.005,0.005,0.005,0.005,0.005,0.005,0.005,0.005,0.005,0.005,0.005,0.005,0.005,0.005,0.005,0.005,0.005,0.005,0.005,0.005,0.005,0.005,0.005,0.005,0.005,0.005,0.005,0.005,0.005,0.005,0.005,0.005,0.005,0.005,0.005,0.005,0.005,0.005,0.005,0.005,0.005,0.005,0.005,0.005,0.005,0.005,0.005,0.005,0.005,0.005,0.005,0.005,0.005,0.005,0.005,0.005,0.005,0.005,0.005,0.005,0.005,0.005,0.005,0.005,0.005,0.005,0.005,0.005,0.005,0.005,0.005,0.005,0.005,0.005

