parameters
adagrad_lr:0.0075
adagrad_learning_decay:0.99
adagrad_weight_decay:0
adagrad_initial_acumulator:0
architecture:vgg19bn_
dataset:cifar10
combine_datasets:False
do_validation_set:False
epochs:100
batch_size:128
test_set_split:0.1666667
validation_set_split:0.0
reduce_train_set:1
executions:3
base_seed:42
training_method:adagrad
learning_method:constant

train_loss
2.283,2.267,2.267,2.265,2.265,2.265,2.264,2.262,2.264,2.263,2.263,2.263,2.263,2.263,2.263,2.263,2.262,2.262,2.261,2.262,2.262,2.263,2.263,2.262,2.262,2.262,2.262,2.262,2.262,2.264,2.261,2.263,2.261,2.261,2.261,2.263,2.262,2.262,2.262,2.262,2.261,2.261,2.261,2.261,2.262,2.261,2.261,2.262,2.262,2.261,2.261,2.262,2.26,2.262,2.262,2.262,2.262,2.261,2.262,2.261,2.261,2.262,2.262,2.262,2.262,2.259,2.261,2.261,2.26,2.261,2.261,2.261,2.262,2.26,2.261,2.263,2.261,2.261,2.261,2.262,2.261,2.262,2.261,2.262,2.263,2.261,2.261,2.262,2.262,2.262,2.261,2.26,2.262,2.261,2.261,2.261,2.261,2.26,2.261,2.261
2.305,2.285,2.283,2.283,2.282,2.282,2.281,2.28,2.281,2.28,2.28,2.279,2.28,2.28,2.28,2.28,2.279,2.28,2.28,2.279,2.28,2.279,2.279,2.279,2.278,2.279,2.28,2.279,2.279,2.278,2.279,2.279,2.279,2.279,2.279,2.279,2.278,2.278,2.279,2.278,2.279,2.279,2.28,2.279,2.279,2.279,2.279,2.279,2.278,2.279,2.278,2.278,2.278,2.279,2.279,2.279,2.278,2.279,2.278,2.278,2.279,2.278,2.278,2.278,2.278,2.278,2.278,2.279,2.279,2.279,2.277,2.278,2.278,2.278,2.279,2.278,2.278,2.278,2.279,2.279,2.278,2.278,2.278,2.278,2.278,2.279,2.278,2.278,2.278,2.278,2.277,2.278,2.278,2.277,2.278,2.278,2.278,2.277,2.278,2.277
2.335,2.311,2.31,2.308,2.306,2.306,2.305,2.303,2.305,2.303,2.304,2.302,2.303,2.302,2.302,2.301,2.302,2.301,2.301,2.301,2.302,2.303,2.301,2.302,2.301,2.302,2.301,2.301,2.301,2.301,2.3,2.301,2.301,2.3,2.299,2.3,2.301,2.299,2.3,2.301,2.3,2.299,2.3,2.301,2.3,2.299,2.3,2.3,2.299,2.299,2.3,2.3,2.299,2.3,2.301,2.3,2.3,2.3,2.3,2.299,2.299,2.3,2.3,2.299,2.3,2.298,2.3,2.3,2.299,2.299,2.299,2.299,2.3,2.3,2.3,2.3,2.299,2.3,2.3,2.3,2.3,2.299,2.299,2.3,2.3,2.299,2.3,2.299,2.298,2.299,2.299,2.298,2.298,2.299,2.3,2.298,2.3,2.299,2.299,2.299

train_acc1
13.57,13.704,13.896,13.906,13.838,13.864,13.928,13.878,13.956,13.914,13.932,13.898,13.968,13.974,14.0,13.918,13.97,13.948,13.986,14.01,13.894,13.842,13.89,13.894,13.956,13.984,13.934,13.888,13.948,13.92,13.96,13.994,13.956,14.052,14.002,13.924,13.91,13.988,13.954,13.988,13.908,13.986,13.986,13.96,14.012,13.95,13.912,13.98,13.968,14.002,13.99,13.94,14.026,13.99,14.0,13.87,13.986,14.052,13.942,14.004,13.932,13.966,13.914,13.976,13.964,13.972,13.95,14.042,13.978,13.892,13.98,14.004,13.92,13.942,13.966,13.962,13.99,14.008,13.986,13.99,13.932,13.958,14.034,13.95,13.976,13.914,13.928,13.968,14.054,13.954,14.05,14.006,14.036,14.01,14.022,14.008,13.984,13.942,14.004,13.994
11.328,11.388,11.422,11.384,11.352,11.378,11.374,11.364,11.352,11.348,11.362,11.354,11.352,11.388,11.396,11.356,11.376,11.388,11.346,11.346,11.374,11.352,11.37,11.36,11.358,11.372,11.36,11.372,11.368,11.396,11.368,11.366,11.37,11.374,11.362,11.346,11.396,11.348,11.38,11.378,11.352,11.362,11.348,11.36,11.332,11.324,11.356,11.37,11.322,11.348,11.346,11.38,11.384,11.352,11.368,11.37,11.344,11.294,11.35,11.32,11.358,11.374,11.38,11.35,11.33,11.362,11.344,11.326,11.362,11.318,11.35,11.338,11.362,11.33,11.336,11.36,11.338,11.338,11.364,11.332,11.39,11.392,11.362,11.364,11.348,11.324,11.328,11.374,11.334,11.364,11.336,11.354,11.362,11.338,11.328,11.332,11.348,11.38,11.362,11.358
10.596,10.512,10.546,10.49,10.462,10.456,10.454,10.476,10.402,10.428,10.464,10.474,10.4,10.424,10.472,10.53,10.504,10.422,10.42,10.428,10.458,10.48,10.478,10.452,10.42,10.436,10.464,10.546,10.462,10.498,10.502,10.47,10.53,10.566,10.448,10.446,10.608,10.522,10.508,10.542,10.534,10.514,10.602,10.576,10.476,10.434,10.524,10.54,10.582,10.592,10.512,10.632,10.546,10.482,10.516,10.59,10.426,10.582,10.492,10.544,10.542,10.576,10.602,10.544,10.588,10.534,10.536,10.532,10.582,10.554,10.556,10.566,10.526,10.608,10.62,10.51,10.582,10.584,10.604,10.53,10.602,10.586,10.514,10.596,10.59,10.67,10.544,10.706,10.586,10.664,10.604,10.642,10.588,10.67,10.528,10.59,10.558,10.66,10.568,10.54

val_acc1
13.89,14.39,14.38,14.37,14.62,14.49,14.62,14.57,14.93,14.7,14.39,14.58,14.53,14.62,14.47,14.75,14.74,14.51,14.48,14.67,14.56,14.4,14.95,14.73,14.4,14.66,14.72,14.51,14.69,14.4,14.92,14.58,15.08,14.71,15.05,14.51,14.47,14.59,14.42,14.87,14.45,15.02,15.1,14.64,14.38,14.87,14.51,15.09,14.45,14.4,14.49,14.63,14.55,14.54,14.69,14.75,14.78,14.69,14.87,14.54,14.55,14.82,14.71,14.39,14.5,14.55,14.71,14.47,14.87,14.7,14.89,14.49,14.5,14.54,14.73,15.1,14.49,14.84,14.79,14.5,14.49,14.52,14.89,14.57,14.62,14.72,14.69,14.69,15.1,14.83,14.77,14.68,14.79,14.83,14.44,14.55,14.76,14.64,14.69,14.38
11.21,11.21,11.18,11.22,11.15,11.17,11.16,11.15,11.17,11.12,11.17,11.16,11.17,11.11,11.11,11.15,11.12,11.17,11.13,11.15,11.16,11.14,11.11,11.13,11.12,11.12,11.1,11.1,11.16,11.1,11.11,11.13,11.15,11.11,11.12,11.14,11.11,11.16,11.14,11.15,11.12,11.09,11.11,11.14,11.11,11.13,11.13,11.12,11.1,11.14,11.1,11.13,11.15,11.09,11.11,11.1,11.16,11.15,11.11,11.16,11.14,11.12,11.13,11.13,11.12,11.1,11.13,11.11,11.15,11.12,11.12,11.11,11.1,11.1,11.13,11.1,11.12,11.1,11.13,11.13,11.11,11.13,11.12,11.13,11.12,11.1,11.12,11.12,11.1,11.14,11.13,11.11,11.13,11.12,11.11,11.13,11.13,11.15,11.12,11.12
10.37,10.35,10.35,10.41,10.42,10.36,10.36,10.43,10.37,10.42,10.34,10.43,10.41,10.45,10.43,10.39,10.34,10.39,10.36,10.43,10.37,10.4,10.43,10.46,10.48,10.48,10.44,10.47,10.54,10.44,10.47,10.52,10.4,10.49,10.39,10.59,10.57,10.6,10.51,10.55,10.59,10.58,10.55,10.46,10.59,10.47,10.54,10.54,10.52,10.57,10.5,10.57,10.5,10.59,10.57,10.55,10.57,10.59,10.57,10.62,10.57,10.57,10.53,10.6,10.59,10.45,10.56,10.59,10.58,10.53,10.55,10.56,10.58,10.54,10.58,10.58,10.55,10.54,10.59,10.58,10.61,10.57,10.51,10.6,10.56,10.58,10.57,10.57,10.53,10.6,10.53,10.59,10.57,10.6,10.59,10.57,10.58,10.57,10.57,10.52

val_loss
2.262,2.257,2.256,2.258,2.254,2.253,2.256,2.257,2.25,2.25,2.253,2.253,2.257,2.251,2.252,2.253,2.252,2.254,2.248,2.25,2.25,2.254,2.249,2.25,2.249,2.25,2.249,2.253,2.253,2.252,2.248,2.251,2.255,2.249,2.253,2.254,2.252,2.251,2.251,2.251,2.252,2.249,2.253,2.249,2.253,2.248,2.249,2.251,2.252,2.254,2.251,2.251,2.25,2.248,2.252,2.252,2.249,2.25,2.25,2.251,2.252,2.249,2.253,2.253,2.25,2.251,2.253,2.253,2.251,2.248,2.245,2.251,2.25,2.253,2.25,2.25,2.252,2.246,2.248,2.251,2.251,2.251,2.251,2.251,2.25,2.249,2.247,2.251,2.25,2.251,2.249,2.25,2.247,2.249,2.251,2.25,2.249,2.249,2.25,2.251
2.282,2.282,2.282,2.281,2.28,2.28,2.28,2.279,2.278,2.277,2.279,2.279,2.28,2.278,2.278,2.279,2.278,2.281,2.278,2.279,2.278,2.276,2.278,2.278,2.276,2.278,2.278,2.278,2.278,2.277,2.278,2.277,2.279,2.277,2.279,2.277,2.277,2.278,2.277,2.278,2.278,2.277,2.278,2.276,2.278,2.277,2.277,2.278,2.277,2.277,2.277,2.278,2.276,2.276,2.283,2.276,2.278,2.277,2.278,2.28,2.276,2.278,2.277,2.277,2.277,2.276,2.274,2.278,2.278,2.276,2.277,2.276,2.276,2.276,2.277,2.277,2.275,2.277,2.277,2.276,2.277,2.277,2.275,2.277,2.277,2.277,2.277,2.277,2.277,2.276,2.278,2.274,2.276,2.278,2.276,2.277,2.277,2.276,2.277,2.275
2.319,2.313,2.309,2.31,2.31,2.311,2.309,2.311,2.322,2.312,2.305,2.31,2.307,2.308,2.309,2.306,2.305,2.307,2.306,2.308,2.306,2.306,2.307,2.307,2.306,2.305,2.306,2.308,2.307,2.304,2.305,2.305,2.306,2.305,2.306,2.307,2.306,2.304,2.308,2.306,2.307,2.306,2.306,2.306,2.307,2.304,2.304,2.305,2.305,2.306,2.309,2.304,2.306,2.305,2.306,2.305,2.306,2.307,2.307,2.305,2.312,2.306,2.305,2.305,2.307,2.304,2.308,2.308,2.306,2.304,2.303,2.305,2.305,2.305,2.306,2.306,2.303,2.304,2.303,2.306,2.305,2.307,2.307,2.306,2.305,2.306,2.304,2.305,2.306,2.305,2.305,2.305,2.304,2.306,2.306,2.308,2.307,2.305,2.306,2.306

learning_rate
0.0075,0.0075,0.0075,0.0075,0.0075,0.0075,0.0075,0.0075,0.0075,0.0075,0.0075,0.0075,0.0075,0.0075,0.0075,0.0075,0.0075,0.0075,0.0075,0.0075,0.0075,0.0075,0.0075,0.0075,0.0075,0.0075,0.0075,0.0075,0.0075,0.0075,0.0075,0.0075,0.0075,0.0075,0.0075,0.0075,0.0075,0.0075,0.0075,0.0075,0.0075,0.0075,0.0075,0.0075,0.0075,0.0075,0.0075,0.0075,0.0075,0.0075,0.0075,0.0075,0.0075,0.0075,0.0075,0.0075,0.0075,0.0075,0.0075,0.0075,0.0075,0.0075,0.0075,0.0075,0.0075,0.0075,0.0075,0.0075,0.0075,0.0075,0.0075,0.0075,0.0075,0.0075,0.0075,0.0075,0.0075,0.0075,0.0075,0.0075,0.0075,0.0075,0.0075,0.0075,0.0075,0.0075,0.0075,0.0075,0.0075,0.0075,0.0075,0.0075,0.0075,0.0075,0.0075,0.0075,0.0075,0.0075,0.0075,0.0075
0.0075,0.0075,0.0075,0.0075,0.0075,0.0075,0.0075,0.0075,0.0075,0.0075,0.0075,0.0075,0.0075,0.0075,0.0075,0.0075,0.0075,0.0075,0.0075,0.0075,0.0075,0.0075,0.0075,0.0075,0.0075,0.0075,0.0075,0.0075,0.0075,0.0075,0.0075,0.0075,0.0075,0.0075,0.0075,0.0075,0.0075,0.0075,0.0075,0.0075,0.0075,0.0075,0.0075,0.0075,0.0075,0.0075,0.0075,0.0075,0.0075,0.0075,0.0075,0.0075,0.0075,0.0075,0.0075,0.0075,0.0075,0.0075,0.0075,0.0075,0.0075,0.0075,0.0075,0.0075,0.0075,0.0075,0.0075,0.0075,0.0075,0.0075,0.0075,0.0075,0.0075,0.0075,0.0075,0.0075,0.0075,0.0075,0.0075,0.0075,0.0075,0.0075,0.0075,0.0075,0.0075,0.0075,0.0075,0.0075,0.0075,0.0075,0.0075,0.0075,0.0075,0.0075,0.0075,0.0075,0.0075,0.0075,0.0075,0.0075
0.0075,0.0075,0.0075,0.0075,0.0075,0.0075,0.0075,0.0075,0.0075,0.0075,0.0075,0.0075,0.0075,0.0075,0.0075,0.0075,0.0075,0.0075,0.0075,0.0075,0.0075,0.0075,0.0075,0.0075,0.0075,0.0075,0.0075,0.0075,0.0075,0.0075,0.0075,0.0075,0.0075,0.0075,0.0075,0.0075,0.0075,0.0075,0.0075,0.0075,0.0075,0.0075,0.0075,0.0075,0.0075,0.0075,0.0075,0.0075,0.0075,0.0075,0.0075,0.0075,0.0075,0.0075,0.0075,0.0075,0.0075,0.0075,0.0075,0.0075,0.0075,0.0075,0.0075,0.0075,0.0075,0.0075,0.0075,0.0075,0.0075,0.0075,0.0075,0.0075,0.0075,0.0075,0.0075,0.0075,0.0075,0.0075,0.0075,0.0075,0.0075,0.0075,0.0075,0.0075,0.0075,0.0075,0.0075,0.0075,0.0075,0.0075,0.0075,0.0075,0.0075,0.0075,0.0075,0.0075,0.0075,0.0075,0.0075,0.0075

