parameters
adagrad_lr:0.01
adagrad_learning_decay:0.99
adagrad_weight_decay:0
adagrad_initial_acumulator:0
architecture:vgg19bn_
dataset:cifar10
combine_datasets:False
do_validation_set:False
epochs:100
batch_size:128
test_set_split:0.1666667
validation_set_split:0.0
reduce_train_set:1
executions:3
base_seed:42
training_method:adagrad
learning_method:constant

train_loss
2.296,2.276,2.276,2.274,2.274,2.274,2.273,2.271,2.273,2.272,2.272,2.272,2.272,2.272,2.272,2.272,2.272,2.272,2.27,2.271,2.272,2.273,2.272,2.271,2.271,2.271,2.271,2.272,2.272,2.274,2.269,2.272,2.27,2.27,2.27,2.271,2.271,2.271,2.271,2.272,2.27,2.27,2.27,2.27,2.271,2.27,2.27,2.272,2.272,2.27,2.269,2.271,2.269,2.271,2.271,2.271,2.272,2.27,2.271,2.27,2.27,2.272,2.272,2.272,2.271,2.268,2.271,2.27,2.269,2.27,2.269,2.271,2.271,2.269,2.27,2.272,2.27,2.27,2.27,2.272,2.271,2.272,2.27,2.271,2.272,2.27,2.27,2.271,2.271,2.271,2.27,2.269,2.272,2.27,2.271,2.271,2.27,2.27,2.27,2.27
2.323,2.296,2.294,2.294,2.293,2.292,2.292,2.29,2.291,2.291,2.291,2.29,2.29,2.29,2.29,2.29,2.289,2.29,2.291,2.29,2.29,2.289,2.289,2.289,2.288,2.289,2.29,2.289,2.289,2.288,2.289,2.288,2.289,2.289,2.289,2.289,2.287,2.288,2.289,2.288,2.289,2.288,2.29,2.289,2.288,2.289,2.289,2.289,2.288,2.288,2.289,2.288,2.288,2.289,2.289,2.289,2.287,2.289,2.288,2.288,2.288,2.287,2.288,2.288,2.287,2.288,2.288,2.289,2.289,2.289,2.287,2.288,2.288,2.288,2.289,2.288,2.287,2.288,2.289,2.289,2.288,2.288,2.288,2.287,2.287,2.288,2.288,2.288,2.288,2.288,2.287,2.288,2.288,2.287,2.288,2.289,2.288,2.286,2.288,2.288
2.356,2.329,2.328,2.327,2.327,2.326,2.326,2.325,2.326,2.325,2.326,2.323,2.325,2.322,2.323,2.323,2.323,2.322,2.323,2.322,2.322,2.323,2.322,2.324,2.323,2.325,2.324,2.323,2.324,2.324,2.322,2.323,2.322,2.322,2.32,2.321,2.323,2.321,2.323,2.323,2.324,2.32,2.321,2.322,2.322,2.321,2.323,2.322,2.32,2.322,2.322,2.322,2.321,2.322,2.323,2.323,2.321,2.322,2.322,2.321,2.321,2.322,2.322,2.322,2.323,2.32,2.321,2.321,2.32,2.321,2.321,2.322,2.321,2.322,2.322,2.322,2.321,2.322,2.323,2.322,2.321,2.321,2.323,2.32,2.322,2.323,2.323,2.321,2.319,2.322,2.321,2.321,2.32,2.321,2.322,2.321,2.321,2.321,2.321,2.322

train_acc1
13.49,13.646,13.778,13.708,13.72,13.678,13.796,13.772,13.828,13.734,13.68,13.77,13.75,13.758,13.74,13.726,13.73,13.714,13.718,13.762,13.77,13.684,13.73,13.732,13.762,13.79,13.74,13.714,13.722,13.704,13.832,13.714,13.724,13.812,13.786,13.72,13.71,13.808,13.754,13.792,13.674,13.73,13.742,13.762,13.712,13.772,13.716,13.736,13.78,13.776,13.77,13.752,13.786,13.732,13.766,13.762,13.756,13.864,13.696,13.764,13.772,13.806,13.776,13.772,13.84,13.778,13.768,13.852,13.764,13.7,13.81,13.82,13.794,13.72,13.728,13.718,13.798,13.798,13.782,13.72,13.768,13.796,13.782,13.746,13.704,13.71,13.754,13.752,13.864,13.7,13.868,13.782,13.824,13.808,13.81,13.742,13.72,13.738,13.816,13.716
11.302,11.388,11.47,11.394,11.37,11.45,11.446,11.414,11.41,11.412,11.44,11.418,11.446,11.454,11.462,11.38,11.454,11.45,11.502,11.428,11.388,11.438,11.428,11.46,11.432,11.44,11.454,11.506,11.432,11.504,11.44,11.456,11.42,11.456,11.464,11.464,11.452,11.488,11.47,11.434,11.476,11.462,11.464,11.464,11.41,11.478,11.452,11.43,11.412,11.444,11.442,11.492,11.432,11.45,11.456,11.454,11.426,11.42,11.42,11.456,11.436,11.5,11.488,11.458,11.452,11.458,11.44,11.436,11.492,11.44,11.464,11.424,11.466,11.408,11.428,11.458,11.458,11.452,11.502,11.404,11.464,11.468,11.468,11.39,11.416,11.496,11.424,11.438,11.45,11.48,11.45,11.434,11.49,11.454,11.456,11.442,11.458,11.442,11.48,11.472
10.856,10.812,10.694,10.756,10.656,10.674,10.576,10.592,10.594,10.598,10.584,10.554,10.578,10.612,10.55,10.598,10.594,10.576,10.576,10.532,10.598,10.528,10.522,10.564,10.524,10.546,10.474,10.572,10.522,10.436,10.526,10.524,10.488,10.564,10.508,10.522,10.584,10.554,10.552,10.498,10.532,10.498,10.608,10.556,10.476,10.562,10.434,10.48,10.606,10.55,10.458,10.5,10.496,10.49,10.542,10.502,10.51,10.44,10.504,10.54,10.508,10.552,10.492,10.512,10.528,10.568,10.466,10.47,10.57,10.444,10.462,10.42,10.538,10.536,10.55,10.518,10.46,10.526,10.568,10.514,10.504,10.492,10.532,10.48,10.55,10.574,10.51,10.532,10.524,10.492,10.46,10.556,10.512,10.466,10.488,10.456,10.56,10.53,10.566,10.496

val_acc1
14.12,14.47,14.37,14.3,14.66,14.59,14.67,14.62,14.79,14.66,14.31,14.63,14.61,14.63,14.44,14.67,14.64,14.59,14.48,14.64,14.51,14.32,14.79,14.62,14.3,14.6,14.67,14.36,14.6,14.29,14.81,14.58,15.01,14.65,14.81,14.44,14.35,14.57,14.28,14.85,14.39,14.83,15.04,14.56,14.3,14.75,14.47,14.94,14.42,14.32,14.52,14.56,14.54,14.51,14.6,14.65,14.72,14.6,14.79,14.49,14.52,14.66,14.61,14.28,14.44,14.61,14.63,14.39,14.74,14.58,14.8,14.41,14.36,14.44,14.61,15.0,14.37,14.7,14.68,14.38,14.47,14.38,14.8,14.46,14.51,14.58,14.59,14.63,15.03,14.75,14.64,14.61,14.71,14.69,14.34,14.44,14.62,14.58,14.61,14.26
11.31,11.34,11.24,11.28,11.25,11.39,11.25,11.29,11.25,11.33,11.31,11.32,11.31,11.33,11.32,11.27,11.33,11.31,11.3,11.3,11.31,11.31,11.33,11.29,11.3,11.32,11.38,11.39,11.3,11.31,11.33,11.32,11.32,11.29,11.3,11.29,11.38,11.34,11.29,11.29,11.3,11.33,11.32,11.3,11.34,11.31,11.31,11.3,11.33,11.31,11.34,11.3,11.32,11.35,11.34,11.32,11.31,11.35,11.32,11.34,11.29,11.34,11.32,11.32,11.3,11.34,11.29,11.3,11.33,11.34,11.32,11.32,11.33,11.34,11.3,11.35,11.27,11.31,11.35,11.3,11.3,11.28,11.3,11.3,11.31,11.28,11.28,11.3,11.33,11.3,11.32,11.29,11.29,11.28,11.28,11.28,11.29,11.32,11.3,11.32
10.78,10.6,10.43,10.53,10.55,10.54,10.49,10.49,10.5,10.62,10.47,10.56,10.48,10.57,10.5,10.56,10.42,10.49,10.4,10.57,10.4,10.55,10.52,10.43,10.52,10.39,10.39,10.49,10.45,10.51,10.41,10.39,10.41,10.42,10.45,10.41,10.5,10.39,10.52,10.4,10.43,10.44,10.39,10.52,10.47,10.39,10.48,10.42,10.4,10.49,10.49,10.38,10.4,10.41,10.41,10.41,10.43,10.52,10.42,10.44,10.43,10.47,10.44,10.4,10.43,10.37,10.47,10.41,10.37,10.4,10.38,10.4,10.39,10.41,10.47,10.39,10.38,10.47,10.41,10.5,10.39,10.42,10.48,10.42,10.38,10.41,10.38,10.39,10.36,10.39,10.47,10.44,10.38,10.43,10.47,10.44,10.47,10.41,10.45,10.5

val_loss
2.27,2.265,2.264,2.267,2.264,2.261,2.263,2.268,2.26,2.259,2.261,2.262,2.268,2.26,2.261,2.263,2.261,2.263,2.257,2.259,2.259,2.262,2.259,2.259,2.257,2.258,2.259,2.261,2.261,2.261,2.257,2.26,2.265,2.257,2.261,2.263,2.26,2.26,2.259,2.261,2.261,2.257,2.264,2.258,2.261,2.258,2.257,2.262,2.26,2.262,2.259,2.261,2.258,2.257,2.261,2.261,2.258,2.258,2.26,2.259,2.261,2.258,2.262,2.261,2.258,2.261,2.262,2.261,2.261,2.256,2.253,2.259,2.259,2.262,2.259,2.261,2.26,2.255,2.257,2.26,2.259,2.26,2.26,2.259,2.258,2.258,2.256,2.259,2.26,2.261,2.259,2.26,2.255,2.259,2.26,2.259,2.258,2.258,2.259,2.259
2.292,2.293,2.291,2.292,2.291,2.29,2.289,2.289,2.288,2.286,2.288,2.289,2.291,2.287,2.289,2.288,2.289,2.291,2.287,2.288,2.288,2.286,2.29,2.288,2.286,2.288,2.287,2.288,2.287,2.286,2.287,2.287,2.288,2.286,2.289,2.286,2.287,2.289,2.287,2.288,2.288,2.287,2.288,2.286,2.288,2.287,2.287,2.287,2.286,2.286,2.287,2.288,2.285,2.286,2.295,2.285,2.289,2.288,2.287,2.29,2.286,2.288,2.288,2.287,2.286,2.285,2.284,2.287,2.289,2.286,2.287,2.285,2.285,2.285,2.287,2.286,2.285,2.286,2.287,2.286,2.286,2.286,2.286,2.286,2.286,2.287,2.287,2.286,2.286,2.286,2.289,2.283,2.285,2.287,2.287,2.288,2.287,2.285,2.286,2.284
2.338,2.328,2.319,2.324,2.327,2.329,2.325,2.328,2.351,2.335,2.322,2.334,2.323,2.329,2.33,2.332,2.316,2.323,2.322,2.333,2.323,2.327,2.33,2.324,2.327,2.317,2.323,2.326,2.326,2.326,2.325,2.321,2.323,2.324,2.326,2.321,2.324,2.318,2.332,2.324,2.327,2.322,2.326,2.332,2.324,2.319,2.322,2.322,2.32,2.325,2.332,2.319,2.326,2.325,2.323,2.319,2.322,2.329,2.328,2.325,2.336,2.325,2.324,2.326,2.323,2.319,2.335,2.324,2.322,2.318,2.321,2.322,2.321,2.322,2.327,2.324,2.317,2.327,2.319,2.326,2.325,2.329,2.326,2.323,2.321,2.323,2.321,2.322,2.326,2.32,2.323,2.322,2.324,2.324,2.326,2.331,2.33,2.324,2.329,2.328

learning_rate
0.01,0.01,0.01,0.01,0.01,0.01,0.01,0.01,0.01,0.01,0.01,0.01,0.01,0.01,0.01,0.01,0.01,0.01,0.01,0.01,0.01,0.01,0.01,0.01,0.01,0.01,0.01,0.01,0.01,0.01,0.01,0.01,0.01,0.01,0.01,0.01,0.01,0.01,0.01,0.01,0.01,0.01,0.01,0.01,0.01,0.01,0.01,0.01,0.01,0.01,0.01,0.01,0.01,0.01,0.01,0.01,0.01,0.01,0.01,0.01,0.01,0.01,0.01,0.01,0.01,0.01,0.01,0.01,0.01,0.01,0.01,0.01,0.01,0.01,0.01,0.01,0.01,0.01,0.01,0.01,0.01,0.01,0.01,0.01,0.01,0.01,0.01,0.01,0.01,0.01,0.01,0.01,0.01,0.01,0.01,0.01,0.01,0.01,0.01,0.01
0.01,0.01,0.01,0.01,0.01,0.01,0.01,0.01,0.01,0.01,0.01,0.01,0.01,0.01,0.01,0.01,0.01,0.01,0.01,0.01,0.01,0.01,0.01,0.01,0.01,0.01,0.01,0.01,0.01,0.01,0.01,0.01,0.01,0.01,0.01,0.01,0.01,0.01,0.01,0.01,0.01,0.01,0.01,0.01,0.01,0.01,0.01,0.01,0.01,0.01,0.01,0.01,0.01,0.01,0.01,0.01,0.01,0.01,0.01,0.01,0.01,0.01,0.01,0.01,0.01,0.01,0.01,0.01,0.01,0.01,0.01,0.01,0.01,0.01,0.01,0.01,0.01,0.01,0.01,0.01,0.01,0.01,0.01,0.01,0.01,0.01,0.01,0.01,0.01,0.01,0.01,0.01,0.01,0.01,0.01,0.01,0.01,0.01,0.01,0.01
0.01,0.01,0.01,0.01,0.01,0.01,0.01,0.01,0.01,0.01,0.01,0.01,0.01,0.01,0.01,0.01,0.01,0.01,0.01,0.01,0.01,0.01,0.01,0.01,0.01,0.01,0.01,0.01,0.01,0.01,0.01,0.01,0.01,0.01,0.01,0.01,0.01,0.01,0.01,0.01,0.01,0.01,0.01,0.01,0.01,0.01,0.01,0.01,0.01,0.01,0.01,0.01,0.01,0.01,0.01,0.01,0.01,0.01,0.01,0.01,0.01,0.01,0.01,0.01,0.01,0.01,0.01,0.01,0.01,0.01,0.01,0.01,0.01,0.01,0.01,0.01,0.01,0.01,0.01,0.01,0.01,0.01,0.01,0.01,0.01,0.01,0.01,0.01,0.01,0.01,0.01,0.01,0.01,0.01,0.01,0.01,0.01,0.01,0.01,0.01

