parameters
adagrad_lr:0.05
adagrad_learning_decay:0.99
adagrad_weight_decay:0
adagrad_initial_acumulator:0
architecture:vgg19bn_
dataset:cifar10
combine_datasets:False
do_validation_set:False
epochs:100
batch_size:128
test_set_split:0.1666667
validation_set_split:0.0
reduce_train_set:1
executions:3
base_seed:42
training_method:adagrad
learning_method:constant

train_loss
2.536,2.428,2.421,2.42,2.416,2.411,2.408,2.4,2.41,2.405,2.407,2.409,2.412,2.412,2.415,2.409,2.415,2.404,2.399,2.411,2.413,2.42,2.405,2.409,2.411,2.402,2.402,2.416,2.401,2.415,2.396,2.42,2.398,2.402,2.406,2.398,2.401,2.409,2.406,2.415,2.403,2.405,2.407,2.401,2.406,2.401,2.406,2.422,2.415,2.402,2.405,2.409,2.396,2.405,2.409,2.408,2.41,2.399,2.41,2.403,2.403,2.424,2.422,2.417,2.403,2.396,2.406,2.411,2.402,2.407,2.395,2.399,2.408,2.4,2.403,2.414,2.392,2.395,2.407,2.403,2.409,2.41,2.404,2.399,2.414,2.396,2.402,2.408,2.414,2.396,2.404,2.404,2.42,2.406,2.409,2.403,2.402,2.398,2.404,2.395
2.626,2.5,2.486,2.484,2.476,2.479,2.455,2.472,2.461,2.467,2.452,2.459,2.46,2.461,2.464,2.463,2.464,2.456,2.465,2.456,2.456,2.455,2.457,2.457,2.448,2.464,2.448,2.453,2.452,2.46,2.46,2.455,2.459,2.456,2.462,2.454,2.455,2.455,2.452,2.449,2.454,2.453,2.448,2.45,2.459,2.451,2.462,2.453,2.447,2.452,2.447,2.447,2.457,2.459,2.452,2.466,2.455,2.454,2.461,2.46,2.45,2.446,2.462,2.46,2.456,2.445,2.452,2.454,2.45,2.452,2.455,2.449,2.455,2.449,2.453,2.454,2.456,2.457,2.451,2.452,2.456,2.453,2.451,2.447,2.46,2.456,2.448,2.448,2.449,2.459,2.442,2.444,2.448,2.447,2.45,2.451,2.46,2.454,2.445,2.449
2.469,2.363,2.354,2.343,2.348,2.35,2.353,2.342,2.354,2.342,2.346,2.342,2.34,2.349,2.345,2.348,2.346,2.339,2.334,2.34,2.348,2.345,2.342,2.344,2.341,2.345,2.345,2.348,2.334,2.348,2.335,2.351,2.347,2.343,2.348,2.34,2.338,2.336,2.336,2.342,2.338,2.336,2.347,2.345,2.344,2.338,2.344,2.356,2.348,2.345,2.345,2.344,2.343,2.349,2.348,2.337,2.336,2.336,2.348,2.342,2.334,2.344,2.343,2.352,2.342,2.339,2.341,2.348,2.347,2.342,2.337,2.341,2.346,2.336,2.341,2.348,2.332,2.342,2.34,2.345,2.342,2.349,2.344,2.346,2.346,2.335,2.345,2.336,2.344,2.345,2.343,2.336,2.35,2.345,2.342,2.344,2.341,2.339,2.344,2.341

train_acc1
11.46,11.688,11.608,11.634,11.736,11.734,11.724,11.664,11.678,11.682,11.708,11.68,11.654,11.702,11.626,11.716,11.726,11.686,11.674,11.702,11.668,11.694,11.638,11.716,11.712,11.712,11.728,11.718,11.688,11.686,11.714,11.614,11.684,11.67,11.72,11.662,11.616,11.664,11.692,11.634,11.69,11.736,11.738,11.72,11.74,11.712,11.748,11.672,11.65,11.702,11.754,11.702,11.676,11.67,11.614,11.582,11.64,11.656,11.668,11.654,11.664,11.72,11.66,11.694,11.74,11.71,11.674,11.704,11.736,11.71,11.71,11.662,11.706,11.614,11.686,11.596,11.688,11.642,11.738,11.712,11.75,11.73,11.654,11.684,11.678,11.688,11.646,11.634,11.664,11.742,11.702,11.714,11.672,11.658,11.742,11.668,11.642,11.63,11.684,11.74
10.602,10.492,10.544,10.49,10.478,10.58,10.452,10.526,10.468,10.458,10.508,10.484,10.534,10.516,10.522,10.538,10.542,10.428,10.492,10.458,10.418,10.542,10.452,10.478,10.552,10.474,10.472,10.534,10.43,10.502,10.41,10.484,10.518,10.47,10.538,10.458,10.532,10.478,10.488,10.444,10.486,10.438,10.516,10.572,10.452,10.466,10.536,10.472,10.472,10.548,10.522,10.488,10.528,10.506,10.388,10.436,10.482,10.48,10.44,10.506,10.504,10.488,10.486,10.47,10.474,10.512,10.496,10.44,10.48,10.5,10.442,10.456,10.496,10.446,10.396,10.598,10.514,10.5,10.482,10.484,10.486,10.47,10.518,10.518,10.494,10.462,10.456,10.486,10.542,10.504,10.47,10.47,10.448,10.486,10.508,10.45,10.496,10.464,10.514,10.4
10.598,10.866,10.824,10.824,10.756,10.804,10.85,10.802,10.914,10.918,10.87,10.848,10.818,10.856,10.786,10.84,10.832,10.828,10.866,10.802,10.82,10.858,10.934,10.806,10.838,10.838,10.882,10.842,10.844,10.842,10.812,10.784,10.896,10.792,10.774,10.808,10.87,10.872,10.81,10.902,10.846,10.796,10.87,10.812,10.8,10.802,10.902,10.824,10.89,10.862,10.882,10.91,10.876,10.846,10.85,10.858,10.882,10.868,10.804,10.894,10.836,10.812,10.856,10.792,10.89,10.784,10.852,10.944,10.866,10.82,10.892,10.888,10.926,10.856,10.846,10.83,10.878,10.824,10.884,10.938,10.856,10.79,10.768,10.812,10.84,10.76,10.832,10.832,10.906,10.852,10.84,10.864,10.842,10.854,10.862,10.792,10.794,10.844,10.818,10.88

val_acc1
11.8,11.97,11.91,11.9,12.13,11.92,11.99,12.02,12.09,12.09,11.83,11.98,12.0,12.03,11.87,12.13,11.98,11.89,11.89,12.01,11.92,11.78,12.09,12.02,11.78,11.91,12.09,11.9,11.89,11.76,12.15,12.09,12.33,11.92,12.11,11.89,11.84,11.89,11.73,12.15,11.88,12.08,12.24,11.9,11.75,12.16,11.89,12.16,11.84,11.84,11.87,12.07,11.92,11.9,11.91,12.02,12.01,11.89,12.12,11.91,11.91,12.07,12.03,11.77,11.9,11.9,12.08,11.89,12.12,11.87,11.91,11.85,11.78,11.85,11.9,12.22,11.84,11.88,12.12,11.82,11.89,11.86,12.19,11.91,11.89,12.02,11.95,11.96,12.26,12.12,11.95,12.07,11.93,12.11,11.75,11.84,12.0,11.92,11.89,11.71
10.63,10.68,10.67,10.67,10.66,10.66,10.66,10.64,10.65,10.67,10.62,10.66,10.66,10.64,10.65,10.66,10.66,10.66,10.66,10.66,10.64,10.65,10.68,10.66,10.66,10.66,10.63,10.63,10.64,10.66,10.63,10.63,10.6,10.66,10.66,10.68,10.62,10.66,10.67,10.68,10.63,10.68,10.68,10.64,10.64,10.67,10.66,10.65,10.65,10.64,10.64,10.67,10.66,10.66,10.64,10.62,10.63,10.66,10.66,10.64,10.67,10.66,10.69,10.65,10.65,10.66,10.66,10.66,10.67,10.68,10.67,10.64,10.65,10.63,10.66,10.64,10.63,10.66,10.64,10.64,10.64,10.63,10.67,10.65,10.63,10.65,10.65,10.64,10.66,10.68,10.65,10.68,10.58,10.68,10.65,10.66,10.66,10.62,10.63,10.66
11.13,11.26,11.21,11.18,11.21,11.24,11.22,11.2,11.22,11.2,11.17,11.17,11.26,11.19,11.19,11.18,11.24,11.23,11.23,11.24,11.16,11.25,11.19,11.2,11.25,11.23,11.17,11.15,11.19,11.18,11.18,11.19,11.42,11.22,11.27,11.26,11.2,11.24,11.24,11.29,11.23,11.22,11.27,11.22,11.21,11.26,11.2,11.24,11.2,11.24,11.24,11.24,11.22,11.2,11.14,11.18,11.18,11.18,11.24,11.19,11.11,11.16,11.26,11.21,11.24,11.22,11.2,11.19,11.25,11.24,11.26,11.2,11.2,11.21,11.14,11.29,11.23,11.24,11.25,11.24,11.21,11.2,11.26,11.18,11.2,11.24,11.19,11.16,11.3,11.25,11.2,11.22,11.31,11.2,11.19,11.18,11.16,11.2,11.29,11.19

val_loss
2.438,2.423,2.427,2.433,2.449,2.412,2.407,2.468,2.413,2.405,2.384,2.412,2.466,2.406,2.396,2.434,2.401,2.421,2.389,2.404,2.396,2.39,2.415,2.405,2.367,2.381,2.42,2.391,2.406,2.373,2.417,2.428,2.462,2.39,2.418,2.432,2.38,2.405,2.363,2.43,2.393,2.389,2.434,2.379,2.371,2.426,2.38,2.415,2.386,2.398,2.396,2.446,2.393,2.394,2.4,2.427,2.412,2.379,2.416,2.388,2.392,2.408,2.43,2.384,2.395,2.413,2.418,2.394,2.409,2.375,2.362,2.388,2.376,2.416,2.384,2.435,2.396,2.369,2.413,2.382,2.382,2.381,2.442,2.386,2.38,2.401,2.409,2.397,2.416,2.415,2.384,2.415,2.38,2.411,2.381,2.385,2.404,2.388,2.389,2.361
2.474,2.448,2.424,2.425,2.43,2.429,2.431,2.432,2.411,2.458,2.473,2.426,2.442,2.39,2.403,2.421,2.429,2.437,2.42,2.434,2.41,2.438,2.423,2.421,2.433,2.432,2.401,2.392,2.415,2.445,2.402,2.392,2.46,2.417,2.42,2.432,2.393,2.434,2.426,2.416,2.39,2.421,2.412,2.455,2.39,2.427,2.435,2.398,2.394,2.394,2.396,2.425,2.395,2.407,2.408,2.406,2.397,2.422,2.419,2.4,2.368,2.43,2.441,2.389,2.401,2.417,2.428,2.425,2.425,2.416,2.45,2.402,2.432,2.45,2.42,2.441,2.387,2.444,2.437,2.435,2.402,2.402,2.405,2.38,2.38,2.423,2.411,2.407,2.457,2.413,2.408,2.417,2.457,2.428,2.404,2.389,2.429,2.448,2.448,2.445
2.357,2.361,2.37,2.385,2.365,2.351,2.35,2.376,2.362,2.383,2.332,2.363,2.355,2.367,2.349,2.359,2.354,2.348,2.353,2.345,2.374,2.347,2.351,2.382,2.329,2.347,2.347,2.367,2.368,2.349,2.355,2.348,2.419,2.351,2.409,2.359,2.345,2.349,2.326,2.379,2.329,2.367,2.39,2.354,2.324,2.369,2.342,2.357,2.343,2.358,2.337,2.361,2.354,2.331,2.365,2.359,2.343,2.342,2.364,2.359,2.364,2.362,2.363,2.332,2.349,2.35,2.354,2.363,2.339,2.371,2.342,2.352,2.361,2.38,2.348,2.354,2.345,2.361,2.36,2.353,2.341,2.34,2.368,2.35,2.347,2.347,2.343,2.383,2.38,2.362,2.354,2.375,2.35,2.357,2.354,2.363,2.375,2.347,2.342,2.348

learning_rate
0.05,0.05,0.05,0.05,0.05,0.05,0.05,0.05,0.05,0.05,0.05,0.05,0.05,0.05,0.05,0.05,0.05,0.05,0.05,0.05,0.05,0.05,0.05,0.05,0.05,0.05,0.05,0.05,0.05,0.05,0.05,0.05,0.05,0.05,0.05,0.05,0.05,0.05,0.05,0.05,0.05,0.05,0.05,0.05,0.05,0.05,0.05,0.05,0.05,0.05,0.05,0.05,0.05,0.05,0.05,0.05,0.05,0.05,0.05,0.05,0.05,0.05,0.05,0.05,0.05,0.05,0.05,0.05,0.05,0.05,0.05,0.05,0.05,0.05,0.05,0.05,0.05,0.05,0.05,0.05,0.05,0.05,0.05,0.05,0.05,0.05,0.05,0.05,0.05,0.05,0.05,0.05,0.05,0.05,0.05,0.05,0.05,0.05,0.05,0.05
0.05,0.05,0.05,0.05,0.05,0.05,0.05,0.05,0.05,0.05,0.05,0.05,0.05,0.05,0.05,0.05,0.05,0.05,0.05,0.05,0.05,0.05,0.05,0.05,0.05,0.05,0.05,0.05,0.05,0.05,0.05,0.05,0.05,0.05,0.05,0.05,0.05,0.05,0.05,0.05,0.05,0.05,0.05,0.05,0.05,0.05,0.05,0.05,0.05,0.05,0.05,0.05,0.05,0.05,0.05,0.05,0.05,0.05,0.05,0.05,0.05,0.05,0.05,0.05,0.05,0.05,0.05,0.05,0.05,0.05,0.05,0.05,0.05,0.05,0.05,0.05,0.05,0.05,0.05,0.05,0.05,0.05,0.05,0.05,0.05,0.05,0.05,0.05,0.05,0.05,0.05,0.05,0.05,0.05,0.05,0.05,0.05,0.05,0.05,0.05
0.05,0.05,0.05,0.05,0.05,0.05,0.05,0.05,0.05,0.05,0.05,0.05,0.05,0.05,0.05,0.05,0.05,0.05,0.05,0.05,0.05,0.05,0.05,0.05,0.05,0.05,0.05,0.05,0.05,0.05,0.05,0.05,0.05,0.05,0.05,0.05,0.05,0.05,0.05,0.05,0.05,0.05,0.05,0.05,0.05,0.05,0.05,0.05,0.05,0.05,0.05,0.05,0.05,0.05,0.05,0.05,0.05,0.05,0.05,0.05,0.05,0.05,0.05,0.05,0.05,0.05,0.05,0.05,0.05,0.05,0.05,0.05,0.05,0.05,0.05,0.05,0.05,0.05,0.05,0.05,0.05,0.05,0.05,0.05,0.05,0.05,0.05,0.05,0.05,0.05,0.05,0.05,0.05,0.05,0.05,0.05,0.05,0.05,0.05,0.05

