parameters
sgd_lr:0.25
sgd_momentum:0
sgd_weight_decay:0
sgd_dampening:0
sgd_nesterov:False
architecture:vgg19bn_
dataset:cifar100
combine_datasets:False
do_validation_set:False
epochs:100
batch_size:512
test_set_split:0.1666667
validation_set_split:0.0
reduce_train_set:1
executions:2
base_seed:1230
training_method:sgd
learning_method:constant

train_loss
4.38,3.798,3.455,3.151,2.89,2.631,2.421,2.233,2.061,1.919,1.799,1.671,1.562,1.471,1.381,1.294,1.217,1.15,1.069,1.005,0.94,0.865,0.805,0.747,0.689,0.641,0.588,0.524,0.49,0.432,0.384,0.347,0.314,0.279,0.243,0.212,0.204,0.184,0.161,0.136,0.131,0.121,0.097,0.102,0.087,0.089,0.079,0.067,0.056,0.052,0.055,0.044,0.047,0.045,0.04,0.039,0.034,0.028,0.03,0.023,0.024,0.021,0.024,0.026,0.021,0.019,0.025,0.019,0.018,0.019,0.016,0.013,0.014,0.013,0.012,0.014,0.014,0.012,0.012,0.012,0.012,0.013,0.011,0.012,0.008,0.009,0.01,0.008,0.01,0.008,0.008,0.008,0.008,0.008,0.007,0.008,0.009,0.01,0.01,0.01
4.465,3.855,3.494,3.153,2.855,2.588,2.356,2.178,2.009,1.873,1.755,1.624,1.529,1.442,1.347,1.271,1.19,1.129,1.045,0.976,0.924,0.846,0.797,0.74,0.681,0.628,0.566,0.526,0.471,0.422,0.391,0.341,0.314,0.298,0.247,0.225,0.197,0.184,0.158,0.142,0.136,0.114,0.107,0.092,0.087,0.088,0.077,0.07,0.063,0.059,0.052,0.042,0.044,0.041,0.041,0.037,0.041,0.031,0.03,0.027,0.031,0.025,0.023,0.025,0.022,0.022,0.021,0.023,0.018,0.021,0.018,0.02,0.019,0.02,0.019,0.018,0.016,0.019,0.014,0.013,0.015,0.016,0.012,0.011,0.009,0.01,0.011,0.012,0.009,0.007,0.008,0.007,0.007,0.007,0.007,0.008,0.006,0.006,0.006,0.006

train_acc1
3.706,9.744,15.46,21.354,26.304,31.38,35.554,39.794,43.504,46.682,49.518,52.536,55.566,57.798,60.106,62.116,64.02,65.916,67.854,69.632,71.598,73.554,75.152,76.68,78.508,79.644,81.158,83.22,84.228,86.216,87.716,88.836,89.774,90.988,92.3,93.302,93.45,94.17,95.01,95.932,95.862,96.206,97.06,96.962,97.418,97.386,97.71,98.064,98.438,98.538,98.478,98.828,98.688,98.74,98.98,98.976,99.046,99.292,99.252,99.406,99.402,99.508,99.386,99.274,99.462,99.52,99.362,99.56,99.554,99.516,99.618,99.734,99.656,99.706,99.726,99.648,99.642,99.71,99.724,99.75,99.702,99.692,99.746,99.708,99.832,99.776,99.774,99.814,99.766,99.832,99.83,99.832,99.824,99.84,99.836,99.78,99.744,99.764,99.754,99.74
2.95,8.826,14.626,20.75,26.742,32.192,36.788,40.952,44.886,48.088,50.542,53.624,56.51,58.3,60.932,62.64,64.556,66.35,68.632,70.42,71.77,73.774,75.242,76.978,78.534,80.316,81.882,83.262,84.938,86.25,87.422,89.068,89.856,90.342,92.06,92.764,93.774,94.142,94.928,95.604,95.844,96.608,96.65,97.268,97.352,97.306,97.752,97.956,98.188,98.25,98.538,98.868,98.776,98.868,98.898,99.022,98.92,99.2,99.182,99.324,99.194,99.352,99.422,99.384,99.45,99.452,99.456,99.416,99.55,99.454,99.552,99.514,99.52,99.48,99.544,99.536,99.64,99.486,99.664,99.688,99.638,99.578,99.73,99.762,99.774,99.746,99.75,99.704,99.816,99.854,99.82,99.864,99.844,99.84,99.852,99.838,99.878,99.874,99.874,99.868

val_acc1
6.34,10.28,14.8,20.25,22.38,28.2,26.39,35.31,33.19,37.12,39.91,43.09,42.92,44.01,48.63,48.03,49.2,45.7,45.99,47.71,49.56,50.3,49.24,53.22,51.01,54.0,51.28,46.98,55.97,50.72,56.93,54.92,55.36,54.88,57.75,54.49,54.03,56.91,56.09,58.34,59.62,59.99,59.14,59.18,59.75,56.53,61.01,61.57,60.13,59.78,61.47,62.08,61.82,60.98,62.48,61.81,62.44,62.74,63.21,61.48,62.67,64.07,63.22,61.74,62.1,62.78,62.78,63.0,62.99,62.82,63.62,63.7,62.67,63.18,63.57,63.13,61.77,64.08,64.01,63.75,64.19,63.4,63.75,63.81,64.05,63.44,64.2,64.15,64.17,64.25,64.06,61.78,63.26,64.1,63.72,64.0,63.41,63.38,63.13,64.18
4.97,7.48,14.76,18.48,21.89,26.66,27.61,34.39,36.39,35.14,38.69,43.2,39.1,44.81,46.5,48.01,49.9,49.58,49.85,51.79,49.38,52.37,51.6,54.51,51.65,54.1,51.57,54.55,54.43,55.23,57.14,54.64,55.8,55.84,55.48,54.32,58.22,56.79,58.22,59.23,60.16,60.54,59.32,59.51,59.54,60.06,61.58,60.98,61.33,61.96,62.4,60.85,61.16,62.08,61.94,62.99,61.58,62.29,62.62,63.31,63.08,63.53,62.94,62.26,63.5,63.03,62.66,63.61,62.97,64.17,64.14,61.52,62.64,61.88,63.82,63.52,62.45,63.02,64.21,63.42,61.93,63.66,64.18,63.57,64.56,63.85,64.07,63.92,63.63,64.44,64.07,64.99,64.87,64.67,64.37,64.39,64.49,64.85,64.57,64.43

val_loss
4.098,3.794,3.564,3.322,3.227,2.915,2.968,2.516,2.681,2.472,2.39,2.194,2.238,2.199,1.969,1.994,1.985,2.13,2.381,2.156,2.122,2.137,2.182,1.987,2.122,1.948,2.105,2.647,1.955,2.449,1.954,2.054,2.154,2.22,2.033,2.259,2.352,2.124,2.249,2.141,2.074,2.057,2.141,2.15,2.137,2.379,2.096,2.094,2.181,2.181,2.134,2.067,2.094,2.204,2.109,2.131,2.019,2.064,2.071,2.271,2.107,2.059,2.098,2.16,2.154,2.15,2.166,2.115,2.137,2.179,2.075,2.11,2.179,2.167,2.167,2.148,2.283,2.142,2.158,2.151,2.141,2.196,2.172,2.15,2.148,2.187,2.164,2.165,2.137,2.184,2.169,2.337,2.262,2.17,2.242,2.22,2.195,2.224,2.259,2.188
4.447,4.084,3.591,3.313,3.376,3.049,2.977,2.606,2.516,2.647,2.448,2.182,2.574,2.222,2.061,2.032,1.94,1.939,2.076,1.868,2.049,1.959,2.007,1.861,2.007,1.969,2.143,2.053,1.984,2.026,1.944,2.08,2.085,2.138,2.182,2.357,2.047,2.153,2.094,2.024,2.027,1.994,2.088,2.103,2.16,2.114,2.037,2.111,2.121,2.046,2.044,2.184,2.126,2.099,2.055,2.057,2.16,2.125,2.072,2.048,2.083,2.073,2.108,2.145,2.108,2.137,2.161,2.062,2.18,2.092,2.096,2.331,2.227,2.259,2.115,2.162,2.247,2.208,2.1,2.17,2.356,2.178,2.146,2.207,2.15,2.171,2.207,2.179,2.262,2.169,2.204,2.137,2.173,2.186,2.178,2.196,2.175,2.179,2.157,2.206

learning_rate
0.25,0.25,0.25,0.25,0.25,0.25,0.25,0.25,0.25,0.25,0.25,0.25,0.25,0.25,0.25,0.25,0.25,0.25,0.25,0.25,0.25,0.25,0.25,0.25,0.25,0.25,0.25,0.25,0.25,0.25,0.25,0.25,0.25,0.25,0.25,0.25,0.25,0.25,0.25,0.25,0.25,0.25,0.25,0.25,0.25,0.25,0.25,0.25,0.25,0.25,0.25,0.25,0.25,0.25,0.25,0.25,0.25,0.25,0.25,0.25,0.25,0.25,0.25,0.25,0.25,0.25,0.25,0.25,0.25,0.25,0.25,0.25,0.25,0.25,0.25,0.25,0.25,0.25,0.25,0.25,0.25,0.25,0.25,0.25,0.25,0.25,0.25,0.25,0.25,0.25,0.25,0.25,0.25,0.25,0.25,0.25,0.25,0.25,0.25,0.25
0.25,0.25,0.25,0.25,0.25,0.25,0.25,0.25,0.25,0.25,0.25,0.25,0.25,0.25,0.25,0.25,0.25,0.25,0.25,0.25,0.25,0.25,0.25,0.25,0.25,0.25,0.25,0.25,0.25,0.25,0.25,0.25,0.25,0.25,0.25,0.25,0.25,0.25,0.25,0.25,0.25,0.25,0.25,0.25,0.25,0.25,0.25,0.25,0.25,0.25,0.25,0.25,0.25,0.25,0.25,0.25,0.25,0.25,0.25,0.25,0.25,0.25,0.25,0.25,0.25,0.25,0.25,0.25,0.25,0.25,0.25,0.25,0.25,0.25,0.25,0.25,0.25,0.25,0.25,0.25,0.25,0.25,0.25,0.25,0.25,0.25,0.25,0.25,0.25,0.25,0.25,0.25,0.25,0.25,0.25,0.25,0.25,0.25,0.25,0.25

