parameters
adagrad_lr:0.05
adagrad_learning_decay:0.99
adagrad_weight_decay:0
adagrad_initial_acumulator:0
architecture:vgg19bn_
dataset:cifar100
combine_datasets:False
do_validation_set:False
epochs:100
batch_size:1024
test_set_split:0.1666667
validation_set_split:0.0
reduce_train_set:1
executions:3
base_seed:42
training_method:adagrad
learning_method:constant

train_loss
5.641,4.841,4.832,4.826,4.803,4.815,4.793,4.786,4.801,4.79,4.801,4.777,4.772,4.781,4.776,4.787,4.751,4.755,4.762,4.754,4.764,4.766,4.746,4.758,4.76,4.77,4.756,4.756,4.758,4.767,4.743,4.752,4.783,4.769,4.733,4.76,4.762,4.754,4.76,4.748,4.767,4.774,4.747,4.737,4.745,4.762,4.769,4.778,4.755,4.754,4.76,4.755,4.743,4.753,4.762,4.75,4.749,4.74,4.756,4.756,4.751,4.766,4.748,4.738,4.744,4.759,4.758,4.772,4.765,4.742,4.74,4.739,4.751,4.747,4.775,4.768,4.768,4.743,4.741,4.77,4.806,4.782,4.764,4.741,4.755,4.763,4.737,4.746,4.749,4.742,4.763,4.762,4.76,4.775,4.735,4.785,4.746,4.731,4.75,4.75
5.736,4.746,4.721,4.711,4.705,4.691,4.69,4.689,4.682,4.685,4.687,4.675,4.673,4.683,4.683,4.687,4.678,4.68,4.683,4.678,4.679,4.681,4.673,4.688,4.678,4.675,4.689,4.664,4.687,4.678,4.673,4.664,4.673,4.675,4.673,4.681,4.675,4.678,4.684,4.671,4.668,4.677,4.674,4.671,4.681,4.674,4.676,4.668,4.669,4.674,4.671,4.669,4.672,4.673,4.67,4.671,4.67,4.667,4.684,4.681,4.665,4.67,4.666,4.661,4.669,4.682,4.671,4.677,4.668,4.664,4.687,4.685,4.668,4.674,4.684,4.663,4.68,4.672,4.684,4.677,4.667,4.679,4.678,4.665,4.669,4.667,4.675,4.673,4.668,4.674,4.672,4.667,4.673,4.671,4.672,4.672,4.667,4.682,4.674,4.673
5.953,5.054,4.994,4.951,4.926,4.921,4.905,4.899,4.882,4.873,4.872,4.863,4.869,4.863,4.859,4.853,4.847,4.849,4.843,4.848,4.842,4.856,4.843,4.838,4.848,4.837,4.833,4.841,4.828,4.835,4.851,4.83,4.828,4.831,4.834,4.824,4.834,4.831,4.828,4.82,4.832,4.82,4.818,4.824,4.824,4.82,4.825,4.819,4.826,4.822,4.816,4.817,4.817,4.813,4.809,4.812,4.828,4.811,4.803,4.819,4.817,4.821,4.814,4.82,4.804,4.812,4.809,4.807,4.807,4.81,4.809,4.818,4.81,4.809,4.82,4.816,4.812,4.82,4.793,4.801,4.818,4.809,4.812,4.815,4.811,4.812,4.809,4.805,4.821,4.806,4.809,4.808,4.815,4.795,4.812,4.813,4.812,4.812,4.815,4.808

train_acc1
1.112,1.16,1.096,1.12,1.134,1.18,1.144,1.128,1.126,1.13,1.12,1.132,1.152,1.176,1.138,1.116,1.12,1.164,1.128,1.16,1.174,1.154,1.104,1.128,1.14,1.114,1.136,1.16,1.172,1.116,1.108,1.12,1.128,1.168,1.138,1.106,1.11,1.166,1.134,1.082,1.118,1.212,1.154,1.138,1.12,1.166,1.168,1.154,1.12,1.112,1.118,1.134,1.068,1.124,1.12,1.136,1.08,1.132,1.126,1.168,1.122,1.124,1.124,1.136,1.14,1.146,1.11,1.096,1.132,1.144,1.156,1.108,1.152,1.142,1.136,1.144,1.126,1.124,1.14,1.124,1.146,1.132,1.128,1.12,1.132,1.138,1.102,1.106,1.14,1.084,1.138,1.116,1.148,1.148,1.108,1.132,1.114,1.126,1.16,1.14
1.208,1.342,1.316,1.286,1.31,1.324,1.28,1.296,1.284,1.264,1.288,1.26,1.258,1.26,1.256,1.252,1.268,1.262,1.258,1.262,1.252,1.244,1.26,1.242,1.238,1.266,1.252,1.27,1.24,1.256,1.246,1.24,1.262,1.25,1.258,1.26,1.254,1.264,1.258,1.27,1.244,1.25,1.242,1.254,1.24,1.238,1.234,1.25,1.24,1.248,1.228,1.248,1.244,1.24,1.242,1.242,1.238,1.258,1.242,1.244,1.246,1.254,1.238,1.232,1.25,1.248,1.256,1.24,1.238,1.244,1.238,1.26,1.23,1.224,1.264,1.226,1.25,1.26,1.246,1.25,1.226,1.248,1.26,1.242,1.246,1.242,1.234,1.242,1.25,1.222,1.218,1.256,1.244,1.26,1.24,1.232,1.25,1.23,1.252,1.244
1.29,1.326,1.322,1.304,1.31,1.284,1.33,1.32,1.308,1.29,1.306,1.262,1.3,1.326,1.308,1.302,1.312,1.28,1.262,1.288,1.276,1.28,1.292,1.288,1.27,1.27,1.262,1.246,1.27,1.266,1.236,1.266,1.252,1.234,1.242,1.264,1.252,1.242,1.252,1.242,1.248,1.244,1.258,1.242,1.248,1.25,1.24,1.24,1.26,1.262,1.246,1.268,1.256,1.224,1.246,1.246,1.26,1.25,1.228,1.248,1.252,1.224,1.25,1.234,1.27,1.238,1.24,1.232,1.234,1.248,1.244,1.244,1.242,1.248,1.24,1.256,1.228,1.238,1.24,1.25,1.262,1.246,1.232,1.224,1.24,1.24,1.236,1.238,1.238,1.238,1.246,1.244,1.238,1.228,1.234,1.244,1.24,1.244,1.234,1.234

val_acc1
1.24,1.16,1.1,1.15,1.16,1.15,1.14,1.13,1.14,1.14,1.16,1.12,1.13,1.13,1.14,1.14,1.14,1.14,1.13,1.13,1.13,1.15,1.14,1.13,1.11,1.13,1.13,1.11,1.13,1.13,1.12,1.12,1.13,1.15,1.12,1.11,1.13,1.11,1.11,1.14,1.13,1.13,1.12,1.13,1.11,1.13,1.13,1.13,1.12,1.11,1.14,1.13,1.13,1.15,1.13,1.12,1.12,1.13,1.15,1.12,1.11,1.14,1.12,1.12,1.11,1.12,1.13,1.13,1.13,1.13,1.12,1.12,1.13,1.11,1.13,1.11,1.12,1.1,1.14,1.14,1.13,1.13,1.12,1.13,1.12,1.14,1.1,1.12,1.13,1.11,1.13,1.15,1.13,1.13,1.13,1.15,1.13,1.12,1.12,1.12
1.37,1.32,1.29,1.29,1.3,1.29,1.28,1.27,1.26,1.25,1.26,1.28,1.27,1.27,1.28,1.26,1.25,1.28,1.27,1.25,1.25,1.26,1.26,1.26,1.26,1.25,1.26,1.26,1.25,1.26,1.25,1.25,1.25,1.25,1.24,1.26,1.19,1.24,1.24,1.18,1.25,1.24,1.24,1.25,1.26,1.25,1.25,1.25,1.24,1.25,1.25,1.22,1.25,1.25,1.2,1.19,1.25,1.21,1.25,1.19,1.18,1.22,1.26,1.25,1.22,1.22,1.26,1.25,1.24,1.2,1.25,1.24,1.22,1.19,1.22,1.21,1.18,1.18,1.22,1.19,1.24,1.22,1.19,1.2,1.19,1.25,1.24,1.25,1.24,1.19,1.24,1.25,1.24,1.22,1.2,1.22,1.19,1.22,1.22,1.19
1.38,1.38,1.32,1.32,1.41,1.42,1.37,1.37,1.37,1.36,1.37,1.37,1.36,1.37,1.38,1.36,1.36,1.36,1.34,1.33,1.33,1.34,1.33,1.33,1.33,1.33,1.33,1.33,1.33,1.33,1.33,1.33,1.33,1.33,1.33,1.33,1.33,1.31,1.33,1.33,1.32,1.32,1.32,1.31,1.33,1.33,1.33,1.29,1.32,1.32,1.32,1.32,1.32,1.32,1.32,1.32,1.33,1.32,1.32,1.32,1.33,1.29,1.31,1.31,1.29,1.3,1.29,1.32,1.32,1.32,1.29,1.32,1.31,1.31,1.31,1.29,1.29,1.29,1.3,1.29,1.29,1.29,1.29,1.31,1.3,1.3,1.33,1.29,1.29,1.29,1.29,1.31,1.29,1.29,1.29,1.3,1.29,1.32,1.31,1.29

val_loss
4.703,4.68,4.754,4.72,4.694,4.69,4.717,4.698,4.692,4.715,4.717,4.68,4.696,4.689,4.71,4.687,4.677,4.682,4.681,4.694,4.671,4.717,4.682,4.679,4.676,4.698,4.702,4.676,4.673,4.696,4.666,4.679,4.691,4.708,4.667,4.68,4.655,4.679,4.688,4.661,4.698,4.657,4.672,4.677,4.676,4.677,4.69,4.686,4.67,4.676,4.706,4.691,4.682,4.717,4.67,4.68,4.682,4.669,4.7,4.673,4.662,4.698,4.671,4.668,4.684,4.682,4.666,4.705,4.664,4.714,4.679,4.696,4.692,4.674,4.668,4.675,4.674,4.674,4.686,4.706,4.665,4.695,4.697,4.684,4.662,4.682,4.676,4.664,4.673,4.663,4.7,4.71,4.678,4.693,4.682,4.695,4.657,4.685,4.681,4.674
4.695,4.664,4.646,4.647,4.647,4.642,4.64,4.638,4.637,4.64,4.64,4.636,4.638,4.636,4.637,4.645,4.632,4.636,4.635,4.649,4.637,4.635,4.632,4.647,4.633,4.632,4.638,4.637,4.636,4.635,4.635,4.635,4.649,4.633,4.635,4.633,4.632,4.634,4.647,4.63,4.634,4.636,4.645,4.652,4.637,4.635,4.634,4.647,4.644,4.636,4.634,4.631,4.636,4.634,4.643,4.631,4.634,4.632,4.631,4.633,4.632,4.632,4.647,4.634,4.634,4.634,4.636,4.636,4.634,4.633,4.636,4.635,4.634,4.631,4.633,4.632,4.631,4.63,4.63,4.63,4.637,4.633,4.631,4.632,4.63,4.635,4.633,4.634,4.646,4.633,4.634,4.635,4.633,4.632,4.631,4.632,4.63,4.648,4.633,4.641
5.438,5.263,5.178,5.196,5.185,5.138,5.15,5.156,5.132,5.155,5.124,5.12,5.151,5.122,5.159,5.095,5.097,5.103,5.074,5.102,5.1,5.072,5.039,5.086,5.075,5.056,5.091,5.093,5.122,5.085,5.106,5.136,5.075,5.048,5.051,5.072,5.067,5.008,5.062,5.086,5.053,5.03,5.042,5.034,5.084,5.091,5.068,4.994,5.053,5.067,5.072,5.064,5.083,5.056,5.066,5.05,5.1,5.073,5.046,5.07,5.092,5.032,5.047,5.051,5.025,5.032,5.016,5.05,5.075,5.082,5.037,5.074,5.074,5.058,5.063,5.021,5.031,5.042,5.047,4.998,5.021,5.022,4.999,5.054,5.053,5.036,5.089,5.041,5.038,5.028,5.005,5.05,5.03,5.032,5.026,5.055,5.023,5.063,5.046,5.041

learning_rate
0.05,0.05,0.05,0.05,0.05,0.05,0.05,0.05,0.05,0.05,0.05,0.05,0.05,0.05,0.05,0.05,0.05,0.05,0.05,0.05,0.05,0.05,0.05,0.05,0.05,0.05,0.05,0.05,0.05,0.05,0.05,0.05,0.05,0.05,0.05,0.05,0.05,0.05,0.05,0.05,0.05,0.05,0.05,0.05,0.05,0.05,0.05,0.05,0.05,0.05,0.05,0.05,0.05,0.05,0.05,0.05,0.05,0.05,0.05,0.05,0.05,0.05,0.05,0.05,0.05,0.05,0.05,0.05,0.05,0.05,0.05,0.05,0.05,0.05,0.05,0.05,0.05,0.05,0.05,0.05,0.05,0.05,0.05,0.05,0.05,0.05,0.05,0.05,0.05,0.05,0.05,0.05,0.05,0.05,0.05,0.05,0.05,0.05,0.05,0.05
0.05,0.05,0.05,0.05,0.05,0.05,0.05,0.05,0.05,0.05,0.05,0.05,0.05,0.05,0.05,0.05,0.05,0.05,0.05,0.05,0.05,0.05,0.05,0.05,0.05,0.05,0.05,0.05,0.05,0.05,0.05,0.05,0.05,0.05,0.05,0.05,0.05,0.05,0.05,0.05,0.05,0.05,0.05,0.05,0.05,0.05,0.05,0.05,0.05,0.05,0.05,0.05,0.05,0.05,0.05,0.05,0.05,0.05,0.05,0.05,0.05,0.05,0.05,0.05,0.05,0.05,0.05,0.05,0.05,0.05,0.05,0.05,0.05,0.05,0.05,0.05,0.05,0.05,0.05,0.05,0.05,0.05,0.05,0.05,0.05,0.05,0.05,0.05,0.05,0.05,0.05,0.05,0.05,0.05,0.05,0.05,0.05,0.05,0.05,0.05
0.05,0.05,0.05,0.05,0.05,0.05,0.05,0.05,0.05,0.05,0.05,0.05,0.05,0.05,0.05,0.05,0.05,0.05,0.05,0.05,0.05,0.05,0.05,0.05,0.05,0.05,0.05,0.05,0.05,0.05,0.05,0.05,0.05,0.05,0.05,0.05,0.05,0.05,0.05,0.05,0.05,0.05,0.05,0.05,0.05,0.05,0.05,0.05,0.05,0.05,0.05,0.05,0.05,0.05,0.05,0.05,0.05,0.05,0.05,0.05,0.05,0.05,0.05,0.05,0.05,0.05,0.05,0.05,0.05,0.05,0.05,0.05,0.05,0.05,0.05,0.05,0.05,0.05,0.05,0.05,0.05,0.05,0.05,0.05,0.05,0.05,0.05,0.05,0.05,0.05,0.05,0.05,0.05,0.05,0.05,0.05,0.05,0.05,0.05,0.05

