parameters
adam_lr:0.0005
adam_beta1:0.9
adam_beta2:0.999
adam_eps:1e-8
adam_weight_decay:0
adam_amsgrad:True
architecture:vgg19bn_
dataset:cifar100
combine_datasets:False
do_validation_set:False
epochs:100
batch_size:1024
test_set_split:0.1666667
validation_set_split:0.0
reduce_train_set:1
executions:3
base_seed:42
training_method:adam
learning_method:constant

train_loss
4.347,3.894,3.625,3.406,3.221,3.0,2.753,2.584,2.416,2.281,2.186,2.082,1.985,1.897,1.826,1.737,1.676,1.595,1.543,1.486,1.42,1.377,1.333,1.278,1.217,1.188,1.141,1.087,1.07,1.016,0.986,0.942,0.903,0.885,0.839,0.815,0.784,0.757,0.724,0.694,0.672,0.654,0.623,0.603,0.571,0.555,0.553,0.517,0.489,0.477,0.458,0.432,0.43,0.412,0.39,0.382,0.361,0.34,0.339,0.34,0.312,0.302,0.288,0.275,0.264,0.261,0.256,0.262,0.232,0.22,0.214,0.209,0.213,0.212,0.195,0.172,0.174,0.174,0.163,0.168,0.15,0.154,0.158,0.149,0.148,0.142,0.136,0.125,0.127,0.121,0.124,0.124,0.107,0.108,0.111,0.102,0.102,0.101,0.096,0.095
4.314,3.874,3.537,3.305,3.125,2.968,2.838,2.711,2.578,2.429,2.31,2.184,2.065,1.978,1.895,1.811,1.727,1.646,1.582,1.521,1.462,1.411,1.34,1.303,1.24,1.208,1.154,1.11,1.071,1.018,1.003,0.955,0.915,0.88,0.862,0.809,0.795,0.764,0.719,0.681,0.677,0.64,0.622,0.599,0.583,0.552,0.526,0.508,0.489,0.454,0.44,0.423,0.406,0.413,0.394,0.362,0.359,0.339,0.317,0.302,0.316,0.294,0.279,0.271,0.26,0.242,0.24,0.238,0.226,0.22,0.204,0.204,0.199,0.189,0.187,0.174,0.181,0.171,0.157,0.155,0.158,0.15,0.139,0.14,0.134,0.126,0.129,0.125,0.12,0.114,0.104,0.097,0.103,0.106,0.101,0.097,0.1,0.095,0.093,0.09
4.378,4.046,3.768,3.532,3.312,3.111,2.929,2.78,2.66,2.542,2.462,2.349,2.272,2.164,2.084,1.99,1.917,1.843,1.775,1.718,1.649,1.593,1.547,1.48,1.41,1.361,1.323,1.278,1.231,1.177,1.13,1.118,1.066,1.019,0.985,0.962,0.918,0.865,0.855,0.829,0.791,0.766,0.732,0.698,0.702,0.667,0.637,0.602,0.589,0.554,0.54,0.514,0.505,0.478,0.466,0.448,0.438,0.416,0.41,0.396,0.366,0.36,0.335,0.331,0.322,0.306,0.305,0.292,0.288,0.264,0.254,0.246,0.25,0.237,0.225,0.227,0.218,0.211,0.207,0.187,0.189,0.172,0.182,0.173,0.168,0.159,0.15,0.151,0.152,0.149,0.142,0.138,0.132,0.132,0.115,0.113,0.111,0.111,0.107,0.103

train_acc1
3.042,7.46,10.62,14.212,17.51,21.744,26.842,30.628,34.668,37.636,40.074,42.604,44.972,47.014,48.544,51.038,52.51,54.636,56.008,57.338,59.234,60.172,61.5,62.996,64.324,65.258,66.548,67.696,68.388,69.64,70.75,71.692,72.926,73.378,74.558,75.534,76.308,76.82,77.798,78.58,79.336,79.52,80.768,81.416,82.166,82.818,82.68,83.788,84.512,84.974,85.506,86.288,86.466,86.798,87.518,87.656,88.578,89.094,89.1,89.068,90.024,90.282,90.758,91.012,91.414,91.602,91.606,91.6,92.42,92.88,92.948,93.236,93.122,93.102,93.68,94.398,94.278,94.386,94.684,94.602,95.062,95.002,94.848,95.212,95.242,95.406,95.472,96.032,95.896,96.1,96.046,95.964,96.506,96.586,96.294,96.68,96.714,96.708,96.846,96.886
3.038,7.794,12.484,16.454,19.914,22.882,25.85,28.254,30.924,34.242,36.772,39.652,42.82,44.736,46.59,49.078,50.822,53.13,54.676,56.308,57.728,58.97,60.982,62.052,63.554,64.57,65.994,66.956,68.234,69.444,70.09,71.366,72.304,73.374,73.91,75.28,75.794,76.638,77.946,79.082,79.038,80.036,80.752,81.372,81.954,82.52,83.342,84.08,84.546,85.65,85.892,86.614,87.032,86.722,87.356,88.438,88.58,88.988,89.838,90.136,89.764,90.552,91.066,91.276,91.678,92.12,92.124,92.358,92.744,92.842,93.418,93.382,93.534,93.948,93.908,94.468,94.146,94.346,94.962,94.916,94.804,95.1,95.39,95.472,95.646,95.854,95.868,95.96,96.098,96.272,96.556,96.896,96.624,96.504,96.62,96.812,96.758,96.912,96.948,97.056
2.39,4.796,8.642,12.402,15.988,19.688,23.27,26.328,28.89,31.496,33.394,35.636,37.804,40.156,41.7,44.186,46.226,47.96,49.67,51.03,52.672,54.378,55.282,56.984,59.042,60.382,61.28,62.498,63.448,65.084,66.524,66.794,68.02,69.372,70.494,71.288,72.386,73.73,73.952,74.736,75.798,76.36,77.492,78.668,78.238,79.36,80.106,81.276,81.602,82.804,83.156,83.83,83.916,84.942,85.322,85.838,86.078,86.694,87.012,87.402,88.386,88.498,89.138,89.336,89.454,90.112,90.26,90.506,90.806,91.326,91.758,92.082,91.956,92.388,92.712,92.59,92.86,93.062,93.31,93.99,93.94,94.386,94.134,94.42,94.488,94.758,95.036,95.026,95.078,95.088,95.304,95.452,95.658,95.708,96.238,96.342,96.348,96.446,96.452,96.668

val_acc1
4.51,8.9,12.31,14.26,16.07,22.37,29.4,27.65,33.5,30.85,34.49,37.95,39.8,37.78,42.49,44.45,45.15,45.48,43.88,46.67,48.65,50.05,49.6,50.56,51.02,52.43,51.34,51.47,53.0,53.44,51.79,54.33,53.84,53.07,54.57,53.35,55.35,55.59,55.58,54.47,55.13,56.16,56.67,56.01,56.08,55.99,55.97,56.94,57.54,56.74,57.52,57.37,57.87,58.04,57.03,58.39,56.12,57.99,57.55,58.66,57.3,59.16,58.27,58.07,58.88,59.03,58.65,58.71,60.31,59.24,59.84,58.77,59.08,59.14,60.14,58.55,60.13,59.13,59.66,59.15,60.66,59.45,59.82,59.96,59.32,60.59,60.95,60.61,61.15,60.4,60.95,60.4,60.79,61.22,61.54,59.88,61.0,60.99,61.29,60.44
4.45,9.03,13.9,17.38,19.1,22.51,25.56,23.23,31.65,32.11,33.78,36.02,37.98,37.85,37.51,42.99,44.22,41.3,44.19,46.23,45.99,47.88,46.85,50.46,51.36,51.23,52.22,51.67,53.26,52.24,51.28,53.59,55.43,53.29,56.44,54.13,55.18,56.37,55.15,53.97,56.05,58.3,55.92,56.17,57.56,58.23,55.89,58.13,55.5,56.17,57.49,56.03,56.87,58.0,58.85,57.95,58.81,57.61,59.05,57.18,57.9,58.86,57.72,59.39,58.36,57.98,59.73,60.52,59.0,60.21,59.5,59.12,58.33,59.2,60.62,58.51,60.03,60.55,59.68,59.87,59.67,60.11,60.69,60.46,59.56,60.66,60.67,61.31,61.23,61.93,61.65,61.65,61.12,61.08,61.58,61.55,60.67,61.35,61.13,60.89
3.65,5.58,9.17,12.81,13.27,18.53,22.34,23.46,26.02,29.18,28.48,33.73,34.26,34.04,35.59,37.22,39.64,42.03,42.38,42.74,44.16,42.31,45.33,45.03,44.86,47.68,48.72,50.64,50.77,52.29,52.91,52.37,51.81,53.31,51.69,51.46,53.27,55.68,54.04,53.25,53.78,54.99,56.0,53.61,55.23,55.98,56.2,54.62,55.18,58.26,56.77,56.01,57.33,57.07,56.67,57.58,58.02,58.71,57.1,58.01,58.06,56.92,57.86,59.22,58.43,58.86,58.47,57.49,58.94,58.27,59.03,58.85,59.12,59.25,59.88,58.28,59.26,58.04,59.99,59.07,59.97,59.46,59.91,59.58,58.75,61.62,60.04,60.34,59.22,59.94,59.79,61.18,60.09,60.45,61.27,61.06,59.39,61.3,60.27,60.92

val_loss
4.27,3.77,3.512,3.412,3.325,2.962,2.664,2.846,2.521,2.747,2.506,2.34,2.313,2.485,2.173,2.101,2.112,2.091,2.258,2.099,1.973,1.906,1.951,1.911,1.947,1.893,1.964,2.041,1.935,1.931,2.064,1.901,1.987,2.021,1.944,2.092,1.941,1.949,1.968,2.069,2.095,2.037,2.001,2.011,2.058,2.094,2.1,2.021,2.027,2.089,2.062,2.124,2.046,2.14,2.218,2.128,2.324,2.222,2.255,2.198,2.376,2.221,2.295,2.348,2.289,2.338,2.338,2.352,2.264,2.338,2.328,2.439,2.45,2.394,2.313,2.508,2.373,2.461,2.441,2.521,2.409,2.478,2.491,2.455,2.515,2.486,2.484,2.495,2.494,2.602,2.515,2.594,2.55,2.505,2.507,2.654,2.582,2.567,2.543,2.697
4.136,3.833,3.495,3.308,3.211,3.033,2.897,3.108,2.583,2.569,2.539,2.399,2.335,2.414,2.448,2.169,2.104,2.331,2.23,2.103,2.202,1.988,2.143,1.958,1.91,1.96,1.882,1.955,1.925,1.979,2.049,1.97,1.832,2.025,1.757,2.053,1.925,1.851,1.925,2.039,1.99,1.872,2.001,2.012,1.935,1.937,2.102,1.971,2.17,2.27,2.093,2.295,2.156,2.132,2.045,2.177,2.112,2.2,2.159,2.264,2.283,2.197,2.337,2.165,2.266,2.412,2.227,2.236,2.344,2.3,2.353,2.386,2.447,2.371,2.276,2.578,2.464,2.263,2.421,2.48,2.413,2.444,2.462,2.44,2.485,2.472,2.506,2.416,2.458,2.454,2.487,2.497,2.571,2.591,2.516,2.603,2.544,2.559,2.555,2.551
4.201,4.157,3.718,3.531,3.707,3.191,3.033,2.99,2.91,2.725,2.758,2.484,2.515,2.522,2.48,2.427,2.288,2.211,2.223,2.181,2.208,2.224,2.132,2.176,2.219,2.073,2.061,1.979,2.017,1.877,1.859,1.947,2.022,1.91,2.072,2.113,1.978,1.907,1.958,2.055,2.038,1.997,1.887,2.153,1.986,1.974,2.024,2.132,2.105,1.93,2.076,2.144,2.083,2.122,2.136,2.114,2.072,2.083,2.238,2.145,2.221,2.317,2.256,2.165,2.195,2.253,2.295,2.33,2.282,2.388,2.358,2.382,2.304,2.351,2.308,2.469,2.4,2.473,2.415,2.51,2.344,2.485,2.467,2.417,2.547,2.33,2.46,2.497,2.62,2.537,2.56,2.46,2.541,2.549,2.54,2.538,2.757,2.534,2.63,2.587

learning_rate
0.0005,0.0005,0.0005,0.0005,0.0005,0.0005,0.0005,0.0005,0.0005,0.0005,0.0005,0.0005,0.0005,0.0005,0.0005,0.0005,0.0005,0.0005,0.0005,0.0005,0.0005,0.0005,0.0005,0.0005,0.0005,0.0005,0.0005,0.0005,0.0005,0.0005,0.0005,0.0005,0.0005,0.0005,0.0005,0.0005,0.0005,0.0005,0.0005,0.0005,0.0005,0.0005,0.0005,0.0005,0.0005,0.0005,0.0005,0.0005,0.0005,0.0005,0.0005,0.0005,0.0005,0.0005,0.0005,0.0005,0.0005,0.0005,0.0005,0.0005,0.0005,0.0005,0.0005,0.0005,0.0005,0.0005,0.0005,0.0005,0.0005,0.0005,0.0005,0.0005,0.0005,0.0005,0.0005,0.0005,0.0005,0.0005,0.0005,0.0005,0.0005,0.0005,0.0005,0.0005,0.0005,0.0005,0.0005,0.0005,0.0005,0.0005,0.0005,0.0005,0.0005,0.0005,0.0005,0.0005,0.0005,0.0005,0.0005,0.0005
0.0005,0.0005,0.0005,0.0005,0.0005,0.0005,0.0005,0.0005,0.0005,0.0005,0.0005,0.0005,0.0005,0.0005,0.0005,0.0005,0.0005,0.0005,0.0005,0.0005,0.0005,0.0005,0.0005,0.0005,0.0005,0.0005,0.0005,0.0005,0.0005,0.0005,0.0005,0.0005,0.0005,0.0005,0.0005,0.0005,0.0005,0.0005,0.0005,0.0005,0.0005,0.0005,0.0005,0.0005,0.0005,0.0005,0.0005,0.0005,0.0005,0.0005,0.0005,0.0005,0.0005,0.0005,0.0005,0.0005,0.0005,0.0005,0.0005,0.0005,0.0005,0.0005,0.0005,0.0005,0.0005,0.0005,0.0005,0.0005,0.0005,0.0005,0.0005,0.0005,0.0005,0.0005,0.0005,0.0005,0.0005,0.0005,0.0005,0.0005,0.0005,0.0005,0.0005,0.0005,0.0005,0.0005,0.0005,0.0005,0.0005,0.0005,0.0005,0.0005,0.0005,0.0005,0.0005,0.0005,0.0005,0.0005,0.0005,0.0005
0.0005,0.0005,0.0005,0.0005,0.0005,0.0005,0.0005,0.0005,0.0005,0.0005,0.0005,0.0005,0.0005,0.0005,0.0005,0.0005,0.0005,0.0005,0.0005,0.0005,0.0005,0.0005,0.0005,0.0005,0.0005,0.0005,0.0005,0.0005,0.0005,0.0005,0.0005,0.0005,0.0005,0.0005,0.0005,0.0005,0.0005,0.0005,0.0005,0.0005,0.0005,0.0005,0.0005,0.0005,0.0005,0.0005,0.0005,0.0005,0.0005,0.0005,0.0005,0.0005,0.0005,0.0005,0.0005,0.0005,0.0005,0.0005,0.0005,0.0005,0.0005,0.0005,0.0005,0.0005,0.0005,0.0005,0.0005,0.0005,0.0005,0.0005,0.0005,0.0005,0.0005,0.0005,0.0005,0.0005,0.0005,0.0005,0.0005,0.0005,0.0005,0.0005,0.0005,0.0005,0.0005,0.0005,0.0005,0.0005,0.0005,0.0005,0.0005,0.0005,0.0005,0.0005,0.0005,0.0005,0.0005,0.0005,0.0005,0.0005

