parameters
adam_lr:0.0005
adam_beta1:0.9
adam_beta2:0.999
adam_eps:1e-8
adam_weight_decay:0
adam_amsgrad:True
architecture:vgg19bn_
dataset:cifar100
combine_datasets:False
do_validation_set:False
epochs:100
batch_size:1024
test_set_split:0.1666667
validation_set_split:0.0
reduce_train_set:1
executions:2
base_seed:1230
training_method:adam
learning_method:constant

train_loss
4.287,3.865,3.557,3.342,3.14,2.957,2.781,2.633,2.494,2.374,2.278,2.163,2.057,1.951,1.883,1.814,1.723,1.661,1.601,1.537,1.466,1.413,1.36,1.309,1.238,1.206,1.175,1.112,1.078,1.025,1.013,0.957,0.918,0.881,0.846,0.805,0.794,0.753,0.725,0.697,0.671,0.635,0.61,0.579,0.559,0.536,0.515,0.499,0.474,0.463,0.436,0.418,0.398,0.374,0.366,0.363,0.341,0.331,0.311,0.305,0.293,0.279,0.267,0.258,0.247,0.237,0.228,0.212,0.213,0.203,0.189,0.18,0.178,0.18,0.184,0.168,0.167,0.159,0.141,0.139,0.152,0.137,0.13,0.126,0.128,0.122,0.117,0.107,0.113,0.114,0.111,0.106,0.098,0.092,0.095,0.092,0.093,0.09,0.089,0.089
4.285,3.844,3.597,3.406,3.144,2.923,2.756,2.588,2.468,2.326,2.206,2.082,1.986,1.886,1.799,1.727,1.667,1.596,1.529,1.482,1.406,1.357,1.311,1.264,1.202,1.174,1.132,1.088,1.052,1.007,0.973,0.925,0.904,0.861,0.817,0.789,0.769,0.752,0.712,0.681,0.662,0.623,0.609,0.581,0.564,0.528,0.528,0.502,0.466,0.45,0.433,0.429,0.41,0.393,0.384,0.364,0.346,0.327,0.322,0.318,0.302,0.287,0.263,0.265,0.256,0.25,0.231,0.223,0.213,0.22,0.209,0.198,0.196,0.179,0.182,0.181,0.172,0.16,0.153,0.158,0.141,0.14,0.141,0.128,0.128,0.129,0.118,0.13,0.12,0.119,0.109,0.107,0.107,0.098,0.093,0.093,0.096,0.089,0.088,0.084

train_acc1
3.376,7.736,12.148,15.892,19.708,23.062,26.738,29.714,32.574,35.54,37.754,40.372,43.066,45.506,47.194,49.056,51.38,52.704,54.216,56.05,57.584,58.94,60.69,61.98,63.676,64.488,65.394,67.21,68.046,69.314,69.666,71.242,72.232,73.416,74.38,75.43,75.77,76.878,77.662,78.546,79.12,80.444,81.014,81.932,82.486,83.028,83.76,84.398,84.972,85.35,86.152,86.604,87.242,88.048,88.276,88.466,89.092,89.254,89.858,90.064,90.474,91.084,91.406,91.596,91.994,92.278,92.648,93.2,92.98,93.402,93.82,94.066,94.188,94.084,93.972,94.564,94.576,94.82,95.41,95.392,95.03,95.62,95.818,95.962,95.776,95.978,96.184,96.494,96.334,96.248,96.346,96.636,96.8,96.964,96.93,96.954,96.938,96.98,97.094,97.066
3.354,7.81,11.212,14.094,18.772,23.128,26.474,30.192,33.014,36.498,39.434,42.334,44.714,47.194,49.336,51.592,52.736,54.7,56.292,57.734,59.232,60.61,62.128,63.142,64.96,65.568,66.566,67.686,68.668,70.218,71.082,72.35,72.946,74.108,75.268,75.92,76.408,76.828,78.34,79.096,79.548,80.67,81.092,81.774,82.406,83.388,83.416,84.152,85.148,85.696,86.286,86.474,86.968,87.376,87.766,88.378,88.938,89.444,89.652,89.778,90.266,90.728,91.528,91.388,91.686,91.91,92.48,92.882,93.19,92.79,93.22,93.57,93.746,94.026,94.014,94.258,94.292,94.84,94.956,94.854,95.58,95.418,95.354,95.884,95.874,95.806,96.14,95.818,96.052,96.096,96.378,96.552,96.582,96.81,96.934,96.982,96.878,97.136,97.152,97.24

val_acc1
5.17,9.17,11.15,16.49,17.82,23.37,26.92,26.71,28.67,33.53,33.51,38.61,35.67,39.1,41.62,43.76,45.38,45.98,43.39,45.87,48.57,46.81,49.17,51.23,50.17,48.85,51.69,53.77,52.81,52.46,53.1,53.05,53.11,53.44,54.71,53.06,55.07,55.29,54.99,56.88,55.96,56.43,56.0,57.22,55.29,56.24,56.69,56.9,58.79,55.33,56.53,57.44,57.26,58.85,56.56,57.67,57.99,58.04,57.86,58.83,58.49,58.29,58.23,58.75,60.02,58.63,58.9,57.89,58.72,58.49,59.59,59.25,59.74,59.65,59.3,59.84,60.2,60.78,59.85,60.12,59.66,59.83,60.64,59.63,60.88,60.14,60.52,60.78,60.72,59.51,61.14,61.13,60.35,61.63,60.97,61.96,60.79,61.12,61.1,60.33
4.36,9.61,12.54,14.42,18.53,22.98,26.29,28.06,28.07,34.04,35.42,38.2,39.57,40.85,44.79,43.34,45.16,43.95,48.03,50.11,48.97,48.66,49.27,51.31,49.54,51.14,53.0,51.68,53.52,52.34,54.51,52.4,52.11,54.1,54.64,54.2,55.13,55.07,55.33,55.36,56.05,55.97,54.93,57.35,56.45,55.91,55.65,56.91,58.08,56.57,58.23,57.23,58.5,57.82,56.55,57.41,59.25,56.87,58.1,56.88,58.15,58.78,59.53,57.84,59.42,59.57,59.5,59.26,60.33,59.52,58.69,60.59,59.98,59.61,58.79,59.27,60.01,60.41,60.14,59.07,60.11,59.47,61.08,60.41,60.85,60.36,60.01,60.62,61.08,60.4,61.2,60.83,60.96,61.3,61.03,60.86,60.8,60.88,60.77,60.96

val_loss
4.144,3.763,3.726,3.35,3.382,2.939,2.79,2.952,2.801,2.504,2.515,2.324,2.471,2.341,2.299,2.147,2.106,2.087,2.239,2.14,2.008,2.153,1.992,1.874,1.963,2.064,1.919,1.853,1.917,1.997,1.93,1.916,2.04,1.972,1.965,2.091,1.956,1.957,1.989,1.913,1.947,2.003,2.024,1.939,2.142,2.063,2.057,2.081,2.017,2.234,2.145,2.108,2.216,2.092,2.264,2.192,2.303,2.19,2.291,2.187,2.264,2.247,2.273,2.298,2.221,2.351,2.304,2.44,2.383,2.44,2.382,2.4,2.411,2.408,2.392,2.419,2.399,2.405,2.446,2.473,2.495,2.547,2.485,2.625,2.463,2.499,2.535,2.515,2.593,2.68,2.494,2.49,2.599,2.578,2.615,2.52,2.653,2.586,2.664,2.691
4.279,3.757,3.544,3.411,3.19,2.967,2.814,2.726,2.849,2.506,2.464,2.346,2.272,2.247,2.081,2.177,2.107,2.228,2.041,1.905,1.964,2.036,1.998,1.913,2.016,1.955,1.945,1.993,1.831,1.971,1.851,2.039,2.057,1.969,1.96,2.081,1.932,1.983,1.988,1.947,1.979,2.004,2.059,1.962,1.99,2.038,2.178,2.068,2.049,2.174,2.102,2.169,2.077,2.152,2.281,2.184,2.095,2.343,2.207,2.378,2.278,2.253,2.23,2.345,2.261,2.269,2.291,2.278,2.272,2.285,2.469,2.269,2.387,2.397,2.482,2.471,2.372,2.448,2.464,2.556,2.519,2.557,2.447,2.473,2.47,2.519,2.559,2.52,2.453,2.493,2.488,2.573,2.491,2.542,2.549,2.546,2.601,2.602,2.558,2.637

learning_rate
0.0005,0.0005,0.0005,0.0005,0.0005,0.0005,0.0005,0.0005,0.0005,0.0005,0.0005,0.0005,0.0005,0.0005,0.0005,0.0005,0.0005,0.0005,0.0005,0.0005,0.0005,0.0005,0.0005,0.0005,0.0005,0.0005,0.0005,0.0005,0.0005,0.0005,0.0005,0.0005,0.0005,0.0005,0.0005,0.0005,0.0005,0.0005,0.0005,0.0005,0.0005,0.0005,0.0005,0.0005,0.0005,0.0005,0.0005,0.0005,0.0005,0.0005,0.0005,0.0005,0.0005,0.0005,0.0005,0.0005,0.0005,0.0005,0.0005,0.0005,0.0005,0.0005,0.0005,0.0005,0.0005,0.0005,0.0005,0.0005,0.0005,0.0005,0.0005,0.0005,0.0005,0.0005,0.0005,0.0005,0.0005,0.0005,0.0005,0.0005,0.0005,0.0005,0.0005,0.0005,0.0005,0.0005,0.0005,0.0005,0.0005,0.0005,0.0005,0.0005,0.0005,0.0005,0.0005,0.0005,0.0005,0.0005,0.0005,0.0005
0.0005,0.0005,0.0005,0.0005,0.0005,0.0005,0.0005,0.0005,0.0005,0.0005,0.0005,0.0005,0.0005,0.0005,0.0005,0.0005,0.0005,0.0005,0.0005,0.0005,0.0005,0.0005,0.0005,0.0005,0.0005,0.0005,0.0005,0.0005,0.0005,0.0005,0.0005,0.0005,0.0005,0.0005,0.0005,0.0005,0.0005,0.0005,0.0005,0.0005,0.0005,0.0005,0.0005,0.0005,0.0005,0.0005,0.0005,0.0005,0.0005,0.0005,0.0005,0.0005,0.0005,0.0005,0.0005,0.0005,0.0005,0.0005,0.0005,0.0005,0.0005,0.0005,0.0005,0.0005,0.0005,0.0005,0.0005,0.0005,0.0005,0.0005,0.0005,0.0005,0.0005,0.0005,0.0005,0.0005,0.0005,0.0005,0.0005,0.0005,0.0005,0.0005,0.0005,0.0005,0.0005,0.0005,0.0005,0.0005,0.0005,0.0005,0.0005,0.0005,0.0005,0.0005,0.0005,0.0005,0.0005,0.0005,0.0005,0.0005

