parameters
rmsprop_lr:0.0005
rmsprop_momentum:0
rmsprop_alpha:0.99
rmsprop_eps:1e-8
rmsprop_centered:False
rmsprop_weight_decay:0
architecture:vgg19bn_
dataset:cifar100
combine_datasets:False
do_validation_set:False
epochs:100
batch_size:1024
test_set_split:0.1666667
validation_set_split:0.0
reduce_train_set:1
executions:3
base_seed:42
training_method:rmsprop
learning_method:constant

train_loss
4.61,4.5,4.265,4.173,4.127,4.077,4.015,3.934,3.859,3.784,3.685,3.582,3.481,3.374,3.271,3.168,3.062,2.98,2.892,2.825,2.744,2.674,2.625,2.556,2.494,2.455,2.39,2.338,2.303,2.258,2.212,2.17,2.121,2.084,2.048,2.017,1.985,1.93,1.899,1.87,1.828,1.802,1.767,1.728,1.71,1.684,1.646,1.611,1.585,1.553,1.526,1.483,1.461,1.456,1.407,1.381,1.358,1.334,1.319,1.266,1.271,1.241,1.202,1.191,1.165,1.15,1.123,1.098,1.076,1.069,1.029,1.023,0.994,0.985,0.966,0.938,0.918,0.913,0.879,0.872,0.846,0.841,0.816,0.8,0.787,0.77,0.756,0.74,0.742,0.706,0.681,0.695,0.659,0.657,0.631,0.638,0.62,0.609,0.595,0.582
4.57,4.314,4.178,4.132,4.087,4.034,3.969,3.9,3.804,3.718,3.609,3.518,3.411,3.326,3.213,3.114,3.008,2.9,2.818,2.724,2.662,2.574,2.525,2.465,2.384,2.361,2.295,2.257,2.191,2.178,2.106,2.076,2.033,1.991,1.935,1.931,1.873,1.85,1.799,1.763,1.723,1.696,1.668,1.631,1.581,1.564,1.547,1.495,1.466,1.454,1.401,1.378,1.362,1.341,1.297,1.283,1.248,1.228,1.208,1.172,1.156,1.138,1.102,1.093,1.065,1.029,1.025,1.019,0.979,0.982,0.938,0.934,0.909,0.887,0.868,0.853,0.84,0.825,0.801,0.795,0.777,0.755,0.74,0.736,0.704,0.692,0.686,0.663,0.666,0.649,0.633,0.616,0.606,0.588,0.583,0.575,0.562,0.547,0.53,0.52
4.598,4.382,4.202,4.113,4.009,3.926,3.854,3.775,3.694,3.633,3.558,3.494,3.424,3.358,3.284,3.227,3.168,3.122,3.048,3.006,2.955,2.879,2.824,2.775,2.677,2.598,2.519,2.435,2.361,2.3,2.234,2.191,2.113,2.075,2.022,1.981,1.943,1.88,1.846,1.804,1.772,1.724,1.699,1.647,1.624,1.587,1.562,1.519,1.476,1.456,1.409,1.397,1.357,1.336,1.31,1.284,1.249,1.243,1.196,1.18,1.138,1.129,1.105,1.077,1.06,1.04,0.991,0.997,0.964,0.952,0.919,0.909,0.9,0.869,0.855,0.828,0.811,0.778,0.778,0.76,0.74,0.737,0.713,0.689,0.688,0.654,0.657,0.633,0.625,0.606,0.594,0.563,0.558,0.562,0.523,0.528,0.531,0.494,0.494,0.482

train_acc1
1.36,1.828,2.95,3.498,4.086,4.534,5.098,5.896,6.932,8.316,9.834,10.922,12.628,14.594,16.206,18.008,19.99,21.418,23.454,24.8,26.266,27.856,28.784,30.61,31.678,32.82,34.106,35.36,36.034,37.146,38.366,39.386,40.742,41.566,42.466,43.126,43.88,45.206,45.956,46.75,48.07,48.678,49.376,50.564,51.056,51.334,52.472,53.28,54.302,54.78,55.444,56.754,57.348,57.452,58.618,59.368,60.196,60.606,61.096,62.612,62.32,63.18,64.002,64.672,65.148,65.446,66.338,67.04,67.456,67.746,68.866,68.874,69.868,70.114,70.58,71.284,71.788,72.06,72.844,73.242,73.892,74.052,74.878,75.22,75.478,76.016,76.446,76.892,76.742,77.818,78.834,78.312,79.346,79.376,80.234,80.016,80.516,80.622,81.096,81.572
1.478,2.742,3.626,4.108,4.522,5.24,5.95,6.616,7.782,9.11,10.506,11.632,13.446,14.664,16.5,18.38,20.744,22.68,24.926,26.58,27.99,29.786,30.984,32.416,34.34,35.006,36.51,37.456,38.714,39.548,40.884,41.656,43.07,44.108,45.442,45.708,46.884,47.28,48.69,49.776,50.938,51.366,52.252,53.5,54.274,54.962,55.026,56.584,57.342,57.58,58.958,59.626,59.856,60.664,61.662,62.174,63.2,63.334,64.096,65.038,65.756,66.272,66.766,67.606,68.002,68.868,69.17,69.432,70.55,70.472,71.342,71.738,72.316,72.802,73.586,73.818,74.242,74.582,75.498,75.508,75.79,76.622,77.086,77.224,78.228,78.606,78.638,79.148,79.17,79.7,80.154,80.632,80.88,81.554,81.486,81.782,82.356,82.812,83.136,83.636
1.434,2.206,3.46,4.536,5.742,6.64,7.614,8.598,9.772,10.828,11.49,12.552,13.49,14.598,15.9,17.15,17.95,18.668,20.282,21.028,22.134,23.472,24.818,25.93,27.802,29.56,31.084,33.18,34.502,35.976,37.684,38.828,40.86,41.706,42.96,43.936,45.15,46.486,47.432,48.728,49.422,50.624,51.344,52.688,52.878,54.094,54.734,55.704,57.028,57.4,58.664,59.074,59.992,60.718,61.342,61.916,62.954,63.058,64.23,64.804,66.056,66.198,66.836,67.494,67.91,68.596,69.984,69.716,70.564,71.114,72.002,72.176,72.688,73.28,73.658,74.64,74.88,75.958,75.934,76.316,76.818,77.026,77.902,78.366,78.488,79.378,79.196,80.086,80.168,80.834,81.278,82.36,82.038,82.234,83.31,83.284,83.232,84.3,84.266,84.52

val_acc1
1.59,1.25,3.03,3.1,3.28,4.42,4.7,5.36,7.38,9.41,8.34,10.67,9.14,12.17,13.2,14.86,17.13,17.51,19.6,21.8,23.15,23.08,24.85,25.94,28.13,29.95,29.62,33.46,31.27,32.96,34.44,32.19,33.83,33.41,36.38,32.49,40.47,39.6,37.28,36.01,39.58,36.82,38.89,39.3,35.8,40.58,38.92,42.88,44.06,45.99,45.72,42.04,41.15,42.64,46.54,45.15,48.66,46.6,46.63,48.54,48.9,45.69,43.99,48.55,48.75,50.39,48.26,48.97,45.63,48.89,51.5,45.57,47.15,51.86,52.5,51.78,49.15,52.06,54.13,51.23,50.89,51.47,49.91,51.91,53.01,50.58,53.4,47.81,54.39,52.45,53.53,52.78,53.55,55.11,53.82,55.62,53.03,55.79,53.47,54.42
1.32,3.02,3.81,3.18,4.12,6.29,5.7,6.86,6.48,9.4,8.75,12.7,14.87,15.05,15.08,13.25,18.53,21.11,19.32,26.37,24.13,27.21,27.14,28.12,30.17,32.82,31.27,34.61,30.69,34.85,36.48,36.29,33.85,37.85,35.17,40.23,35.78,37.87,40.91,41.77,38.32,43.81,39.9,39.09,39.93,42.41,38.85,42.25,44.72,43.28,45.28,43.24,45.56,42.13,46.6,49.08,47.57,48.69,46.49,47.85,48.49,46.36,48.33,46.69,52.1,49.47,46.46,51.14,48.46,51.68,48.41,50.91,52.28,50.34,50.47,52.1,47.41,52.53,51.19,52.36,51.99,52.15,50.92,52.0,51.97,51.44,53.55,52.15,50.15,51.24,53.48,50.18,55.31,53.04,51.39,53.19,53.94,54.58,54.07,53.25
1.61,3.45,2.65,3.21,5.47,7.35,7.31,6.9,8.39,9.29,11.42,11.61,11.36,15.34,9.86,14.12,14.06,17.55,17.87,18.74,21.97,20.4,20.98,23.93,25.67,24.57,28.1,29.85,31.47,31.93,35.42,28.04,34.13,34.79,33.9,37.16,39.41,39.68,41.18,40.93,42.11,40.4,42.16,42.76,42.29,35.6,44.94,43.82,47.51,43.85,46.84,42.89,44.85,44.57,49.88,46.69,48.03,49.8,49.32,46.73,48.39,51.12,48.41,49.04,51.17,48.21,49.05,49.65,49.89,49.83,50.05,49.66,51.01,51.39,51.13,53.49,52.89,49.71,51.41,51.2,53.01,53.84,52.94,51.61,53.97,50.22,52.59,52.93,54.46,54.41,55.37,53.04,51.66,52.06,55.44,54.32,56.06,54.69,54.42,55.09

val_loss
4.546,4.662,4.229,4.241,4.288,4.097,4.258,4.09,3.923,3.761,3.886,3.695,3.806,3.609,3.453,3.502,3.299,3.461,3.284,3.028,3.025,3.156,2.969,2.945,2.769,2.681,2.67,2.46,2.621,2.55,2.474,2.651,2.492,2.609,2.448,2.647,2.202,2.292,2.436,2.549,2.345,2.506,2.36,2.473,2.694,2.381,2.503,2.23,2.225,2.058,2.102,2.404,2.515,2.268,2.088,2.193,1.975,2.083,2.237,1.985,2.04,2.391,2.389,2.195,2.176,1.979,2.172,2.147,2.431,2.214,2.045,2.469,2.393,2.049,2.029,2.061,2.196,2.082,2.017,2.181,2.225,2.068,2.307,2.172,2.094,2.375,2.129,2.462,2.061,2.272,2.162,2.195,2.201,2.15,2.149,2.069,2.18,2.088,2.298,2.192
4.536,4.246,4.156,4.636,4.163,3.989,3.994,3.911,4.045,3.738,3.956,3.481,3.376,3.349,3.404,3.475,3.309,3.09,3.423,2.766,2.998,2.789,2.875,2.681,2.627,2.575,2.584,2.488,2.735,2.484,2.421,2.421,2.548,2.369,2.584,2.255,2.536,2.387,2.231,2.195,2.434,2.148,2.401,2.481,2.466,2.301,2.672,2.382,2.169,2.318,2.187,2.404,2.206,2.579,2.074,2.01,2.12,2.149,2.259,2.115,2.163,2.335,2.178,2.379,1.947,2.208,2.371,2.099,2.364,2.078,2.395,2.073,2.031,2.18,2.239,2.157,2.466,2.092,2.193,2.199,2.243,2.131,2.353,2.217,2.262,2.377,2.177,2.339,2.496,2.475,2.189,2.55,2.166,2.313,2.561,2.331,2.312,2.245,2.345,2.39
4.507,4.279,4.329,4.223,4.008,3.902,3.905,4.126,3.826,3.712,3.567,3.656,3.637,3.344,3.872,3.42,3.413,3.209,3.321,3.165,2.979,3.082,3.058,2.94,2.834,2.96,2.796,2.632,2.544,2.553,2.402,2.89,2.566,2.435,2.648,2.386,2.259,2.274,2.222,2.154,2.2,2.326,2.223,2.191,2.257,2.788,2.116,2.216,2.07,2.26,2.094,2.404,2.286,2.26,1.968,2.177,2.096,1.99,2.026,2.201,2.14,1.98,2.242,2.215,2.056,2.207,2.213,2.258,2.182,2.175,2.29,2.186,2.124,2.16,2.1,2.07,2.131,2.362,2.192,2.312,2.197,2.08,2.201,2.274,2.091,2.416,2.315,2.285,2.236,2.251,2.146,2.305,2.586,2.425,2.223,2.343,2.224,2.267,2.355,2.327

learning_rate
0.0005,0.0005,0.0005,0.0005,0.0005,0.0005,0.0005,0.0005,0.0005,0.0005,0.0005,0.0005,0.0005,0.0005,0.0005,0.0005,0.0005,0.0005,0.0005,0.0005,0.0005,0.0005,0.0005,0.0005,0.0005,0.0005,0.0005,0.0005,0.0005,0.0005,0.0005,0.0005,0.0005,0.0005,0.0005,0.0005,0.0005,0.0005,0.0005,0.0005,0.0005,0.0005,0.0005,0.0005,0.0005,0.0005,0.0005,0.0005,0.0005,0.0005,0.0005,0.0005,0.0005,0.0005,0.0005,0.0005,0.0005,0.0005,0.0005,0.0005,0.0005,0.0005,0.0005,0.0005,0.0005,0.0005,0.0005,0.0005,0.0005,0.0005,0.0005,0.0005,0.0005,0.0005,0.0005,0.0005,0.0005,0.0005,0.0005,0.0005,0.0005,0.0005,0.0005,0.0005,0.0005,0.0005,0.0005,0.0005,0.0005,0.0005,0.0005,0.0005,0.0005,0.0005,0.0005,0.0005,0.0005,0.0005,0.0005,0.0005
0.0005,0.0005,0.0005,0.0005,0.0005,0.0005,0.0005,0.0005,0.0005,0.0005,0.0005,0.0005,0.0005,0.0005,0.0005,0.0005,0.0005,0.0005,0.0005,0.0005,0.0005,0.0005,0.0005,0.0005,0.0005,0.0005,0.0005,0.0005,0.0005,0.0005,0.0005,0.0005,0.0005,0.0005,0.0005,0.0005,0.0005,0.0005,0.0005,0.0005,0.0005,0.0005,0.0005,0.0005,0.0005,0.0005,0.0005,0.0005,0.0005,0.0005,0.0005,0.0005,0.0005,0.0005,0.0005,0.0005,0.0005,0.0005,0.0005,0.0005,0.0005,0.0005,0.0005,0.0005,0.0005,0.0005,0.0005,0.0005,0.0005,0.0005,0.0005,0.0005,0.0005,0.0005,0.0005,0.0005,0.0005,0.0005,0.0005,0.0005,0.0005,0.0005,0.0005,0.0005,0.0005,0.0005,0.0005,0.0005,0.0005,0.0005,0.0005,0.0005,0.0005,0.0005,0.0005,0.0005,0.0005,0.0005,0.0005,0.0005
0.0005,0.0005,0.0005,0.0005,0.0005,0.0005,0.0005,0.0005,0.0005,0.0005,0.0005,0.0005,0.0005,0.0005,0.0005,0.0005,0.0005,0.0005,0.0005,0.0005,0.0005,0.0005,0.0005,0.0005,0.0005,0.0005,0.0005,0.0005,0.0005,0.0005,0.0005,0.0005,0.0005,0.0005,0.0005,0.0005,0.0005,0.0005,0.0005,0.0005,0.0005,0.0005,0.0005,0.0005,0.0005,0.0005,0.0005,0.0005,0.0005,0.0005,0.0005,0.0005,0.0005,0.0005,0.0005,0.0005,0.0005,0.0005,0.0005,0.0005,0.0005,0.0005,0.0005,0.0005,0.0005,0.0005,0.0005,0.0005,0.0005,0.0005,0.0005,0.0005,0.0005,0.0005,0.0005,0.0005,0.0005,0.0005,0.0005,0.0005,0.0005,0.0005,0.0005,0.0005,0.0005,0.0005,0.0005,0.0005,0.0005,0.0005,0.0005,0.0005,0.0005,0.0005,0.0005,0.0005,0.0005,0.0005,0.0005,0.0005

