parameters
rmsprop_lr:0.0005
rmsprop_momentum:0
rmsprop_alpha:0.99
rmsprop_eps:1e-8
rmsprop_centered:False
rmsprop_weight_decay:0
architecture:vgg19bn_
dataset:cifar100
combine_datasets:False
do_validation_set:False
epochs:100
batch_size:1024
test_set_split:0.1666667
validation_set_split:0.0
reduce_train_set:1
executions:2
base_seed:1230
training_method:rmsprop
learning_method:constant

train_loss
4.556,4.33,4.176,4.128,4.09,4.055,4.011,3.937,3.847,3.742,3.62,3.495,3.397,3.275,3.167,3.047,2.94,2.827,2.762,2.671,2.605,2.546,2.457,2.403,2.355,2.308,2.25,2.208,2.149,2.116,2.056,2.025,1.985,1.947,1.893,1.85,1.809,1.772,1.736,1.698,1.64,1.611,1.566,1.535,1.511,1.47,1.418,1.401,1.363,1.343,1.315,1.273,1.258,1.224,1.199,1.173,1.132,1.121,1.086,1.066,1.036,1.018,0.999,0.974,0.953,0.92,0.905,0.883,0.861,0.846,0.826,0.809,0.802,0.769,0.752,0.748,0.724,0.711,0.696,0.674,0.659,0.653,0.613,0.613,0.61,0.588,0.577,0.553,0.535,0.551,0.518,0.516,0.493,0.482,0.482,0.48,0.452,0.439,0.433,0.438
4.603,4.407,4.21,4.153,4.096,4.055,4.002,3.922,3.845,3.753,3.655,3.552,3.453,3.362,3.284,3.18,3.112,3.026,2.947,2.868,2.781,2.709,2.628,2.558,2.501,2.441,2.389,2.345,2.281,2.24,2.175,2.153,2.109,2.063,2.02,1.978,1.919,1.902,1.85,1.826,1.772,1.732,1.712,1.664,1.634,1.601,1.56,1.54,1.491,1.475,1.451,1.403,1.397,1.366,1.34,1.295,1.276,1.256,1.226,1.205,1.174,1.169,1.136,1.118,1.092,1.058,1.051,1.027,1.005,0.975,0.966,0.944,0.931,0.914,0.889,0.882,0.856,0.838,0.813,0.802,0.799,0.758,0.742,0.747,0.726,0.711,0.693,0.685,0.678,0.637,0.642,0.634,0.61,0.6,0.591,0.574,0.576,0.546,0.528,0.544

train_acc1
1.564,2.67,3.656,4.102,4.628,4.824,5.062,6.034,7.018,8.59,10.128,12.03,13.92,15.788,17.816,20.234,22.6,24.84,26.268,28.224,29.65,30.818,32.866,33.934,34.998,36.13,37.752,39.112,40.204,41.044,42.344,43.112,44.344,45.058,46.472,47.256,48.556,49.314,50.376,51.226,52.686,53.132,54.688,55.418,55.952,57.086,58.526,58.742,59.802,60.356,61.074,62.182,62.58,63.74,64.18,64.982,65.988,66.162,67.278,67.846,68.7,69.082,69.596,70.546,70.814,71.756,72.298,72.962,73.5,73.918,74.372,74.894,75.2,75.914,76.762,76.86,77.384,77.796,78.292,78.734,79.18,79.456,80.502,80.56,80.638,81.482,81.66,82.57,82.96,82.334,83.35,83.462,84.176,84.394,84.53,84.6,85.484,85.844,86.092,85.902
1.364,2.364,3.314,3.746,4.44,4.83,5.34,6.282,7.356,8.75,10.052,11.498,12.886,14.394,15.718,17.352,18.776,20.382,21.708,23.456,25.39,26.894,29.01,30.162,31.276,33.448,34.32,35.366,36.64,37.896,39.45,39.806,40.932,42.116,43.186,44.214,45.75,46.266,47.598,47.87,49.266,50.328,50.728,52.036,52.82,53.616,54.646,55.332,56.402,56.806,57.298,58.62,58.946,59.672,60.324,61.678,62.012,62.816,63.468,64.106,64.804,64.988,65.824,66.404,67.066,67.92,68.342,68.9,69.264,70.206,70.59,71.164,71.738,71.988,72.878,72.816,73.666,74.108,74.646,75.118,75.314,76.474,76.886,76.508,77.308,77.756,78.294,78.482,78.744,79.954,79.752,79.824,80.578,81.096,81.244,81.74,81.672,82.712,83.302,82.684

val_acc1
1.0,3.36,3.76,4.01,4.37,3.65,5.8,6.02,6.59,10.09,10.92,10.85,15.4,17.02,17.92,10.27,22.4,24.35,25.88,27.16,24.48,28.21,25.44,29.08,32.45,32.64,31.93,34.94,33.1,29.97,37.45,36.19,38.21,36.07,34.71,37.91,37.28,40.1,44.35,40.01,38.01,42.49,41.41,45.56,46.48,46.18,46.86,48.27,46.8,49.23,49.19,46.75,48.84,46.98,49.58,49.28,46.46,52.01,50.73,50.12,50.63,49.59,46.94,53.31,48.67,49.96,51.28,53.74,52.05,52.21,51.4,49.77,52.27,51.14,51.81,51.99,55.01,54.42,53.33,53.07,53.39,52.1,51.62,49.84,45.53,55.22,53.31,54.04,54.96,52.11,53.89,54.53,54.72,53.76,51.02,52.1,56.76,54.79,54.73,55.05
1.99,2.3,3.83,4.19,4.15,4.03,6.24,5.69,6.38,10.03,7.83,11.12,13.6,15.53,11.16,15.3,15.23,14.66,20.07,24.03,24.31,21.88,22.63,28.98,28.07,27.99,29.44,24.52,33.16,27.22,32.39,33.56,35.41,34.3,37.37,37.17,37.42,36.72,39.41,39.83,39.4,40.35,42.32,39.29,45.02,42.15,44.38,45.14,45.17,45.84,45.99,42.94,46.86,49.15,45.46,49.45,45.24,46.72,50.51,47.96,48.71,45.09,48.25,50.96,49.96,50.88,48.92,52.3,51.23,51.89,51.29,51.95,53.5,52.45,51.24,52.36,52.81,55.02,53.54,49.88,52.05,52.15,52.27,51.04,53.07,54.11,52.86,52.52,54.49,50.95,52.01,54.23,55.33,55.28,55.29,52.16,53.9,54.36,53.12,55.13

val_loss
4.657,4.281,4.144,4.138,4.096,4.128,3.979,3.97,3.889,3.731,3.699,3.597,3.365,3.256,3.229,4.633,3.017,2.974,2.867,2.779,2.929,2.765,2.999,2.806,2.535,2.54,2.689,2.49,2.623,2.817,2.391,2.515,2.342,2.505,2.571,2.529,2.56,2.344,2.088,2.398,2.622,2.296,2.397,2.096,2.049,2.123,2.049,2.03,2.079,2.055,1.996,2.069,1.988,2.187,2.024,2.083,2.268,1.931,2.013,2.063,2.127,2.119,2.302,1.923,2.265,2.175,2.121,1.986,2.111,2.101,2.143,2.365,2.115,2.173,2.251,2.191,1.996,2.076,2.161,2.264,2.171,2.271,2.34,2.521,2.823,2.077,2.346,2.208,2.175,2.561,2.304,2.312,2.363,2.399,2.597,2.602,2.234,2.399,2.42,2.374
4.854,4.791,4.166,4.141,4.135,4.132,3.956,4.007,3.941,3.677,4.045,3.675,3.434,3.332,3.623,3.362,3.379,3.574,3.136,2.874,2.918,3.11,3.087,2.669,2.752,2.733,2.82,3.186,2.529,3.014,2.582,2.587,2.476,2.53,2.333,2.454,2.443,2.507,2.275,2.317,2.339,2.374,2.22,2.427,2.147,2.281,2.128,2.144,2.154,2.149,2.124,2.307,2.084,1.958,2.249,1.997,2.308,2.241,2.003,2.084,2.146,2.377,2.146,2.048,2.119,2.019,2.188,1.963,2.075,2.005,2.101,2.0,1.971,2.041,2.155,2.041,1.982,1.908,2.012,2.33,2.202,2.198,2.287,2.219,2.137,2.023,2.276,2.253,2.078,2.436,2.343,2.17,2.121,2.168,2.17,2.509,2.276,2.274,2.405,2.233

learning_rate
0.0005,0.0005,0.0005,0.0005,0.0005,0.0005,0.0005,0.0005,0.0005,0.0005,0.0005,0.0005,0.0005,0.0005,0.0005,0.0005,0.0005,0.0005,0.0005,0.0005,0.0005,0.0005,0.0005,0.0005,0.0005,0.0005,0.0005,0.0005,0.0005,0.0005,0.0005,0.0005,0.0005,0.0005,0.0005,0.0005,0.0005,0.0005,0.0005,0.0005,0.0005,0.0005,0.0005,0.0005,0.0005,0.0005,0.0005,0.0005,0.0005,0.0005,0.0005,0.0005,0.0005,0.0005,0.0005,0.0005,0.0005,0.0005,0.0005,0.0005,0.0005,0.0005,0.0005,0.0005,0.0005,0.0005,0.0005,0.0005,0.0005,0.0005,0.0005,0.0005,0.0005,0.0005,0.0005,0.0005,0.0005,0.0005,0.0005,0.0005,0.0005,0.0005,0.0005,0.0005,0.0005,0.0005,0.0005,0.0005,0.0005,0.0005,0.0005,0.0005,0.0005,0.0005,0.0005,0.0005,0.0005,0.0005,0.0005,0.0005
0.0005,0.0005,0.0005,0.0005,0.0005,0.0005,0.0005,0.0005,0.0005,0.0005,0.0005,0.0005,0.0005,0.0005,0.0005,0.0005,0.0005,0.0005,0.0005,0.0005,0.0005,0.0005,0.0005,0.0005,0.0005,0.0005,0.0005,0.0005,0.0005,0.0005,0.0005,0.0005,0.0005,0.0005,0.0005,0.0005,0.0005,0.0005,0.0005,0.0005,0.0005,0.0005,0.0005,0.0005,0.0005,0.0005,0.0005,0.0005,0.0005,0.0005,0.0005,0.0005,0.0005,0.0005,0.0005,0.0005,0.0005,0.0005,0.0005,0.0005,0.0005,0.0005,0.0005,0.0005,0.0005,0.0005,0.0005,0.0005,0.0005,0.0005,0.0005,0.0005,0.0005,0.0005,0.0005,0.0005,0.0005,0.0005,0.0005,0.0005,0.0005,0.0005,0.0005,0.0005,0.0005,0.0005,0.0005,0.0005,0.0005,0.0005,0.0005,0.0005,0.0005,0.0005,0.0005,0.0005,0.0005,0.0005,0.0005,0.0005

