parameters
sgd_lr:0.05
sgd_momentum:0.9
sgd_weight_decay:0
sgd_dampening:0
sgd_nesterov:False
architecture:vgg19bn_
dataset:cifar100
combine_datasets:False
do_validation_set:False
epochs:100
batch_size:1024
test_set_split:0.1666667
validation_set_split:0.0
reduce_train_set:1
executions:2
base_seed:1230
training_method:sgd
learning_method:constant

train_loss
4.278,3.579,3.194,2.865,2.572,2.341,2.141,1.985,1.824,1.716,1.595,1.484,1.39,1.304,1.219,1.132,1.079,0.998,0.921,0.865,0.788,0.733,0.673,0.608,0.574,0.517,0.467,0.431,0.382,0.345,0.318,0.284,0.251,0.239,0.2,0.178,0.168,0.148,0.142,0.132,0.145,0.126,0.109,0.098,0.089,0.086,0.07,0.059,0.056,0.062,0.058,0.059,0.055,0.051,0.045,0.044,0.041,0.038,0.037,0.036,0.031,0.031,0.03,0.027,0.026,0.025,0.026,0.024,0.021,0.019,0.017,0.017,0.018,0.017,0.017,0.016,0.014,0.015,0.015,0.014,0.013,0.011,0.011,0.01,0.01,0.009,0.009,0.009,0.01,0.009,0.009,0.008,0.007,0.007,0.008,0.008,0.008,0.007,0.006,0.006
4.299,3.577,3.178,2.832,2.547,2.32,2.123,1.955,1.817,1.686,1.595,1.479,1.378,1.293,1.216,1.14,1.062,0.991,0.923,0.861,0.79,0.73,0.667,0.609,0.553,0.512,0.465,0.414,0.377,0.333,0.328,0.297,0.263,0.225,0.197,0.179,0.167,0.151,0.141,0.13,0.128,0.124,0.112,0.094,0.086,0.078,0.076,0.075,0.072,0.065,0.063,0.057,0.054,0.048,0.047,0.045,0.043,0.039,0.034,0.029,0.031,0.032,0.031,0.027,0.028,0.024,0.026,0.026,0.026,0.028,0.024,0.02,0.019,0.018,0.018,0.016,0.018,0.014,0.013,0.012,0.01,0.012,0.011,0.01,0.01,0.01,0.011,0.009,0.008,0.008,0.008,0.007,0.007,0.007,0.007,0.007,0.006,0.005,0.008,0.006

train_acc1
4.844,13.788,20.508,26.406,32.736,37.54,41.906,45.576,49.218,51.856,54.786,57.42,59.902,62.01,64.312,66.258,67.578,69.886,71.936,73.532,75.706,77.558,78.82,80.93,81.71,83.608,84.994,86.252,87.876,88.904,89.774,90.838,91.978,92.452,93.628,94.424,94.674,95.418,95.54,95.908,95.404,95.96,96.606,96.99,97.282,97.344,97.94,98.322,98.434,98.21,98.318,98.27,98.4,98.472,98.69,98.722,98.838,98.882,98.972,98.95,99.128,99.14,99.156,99.234,99.308,99.33,99.336,99.328,99.454,99.506,99.558,99.528,99.504,99.564,99.58,99.59,99.636,99.61,99.62,99.658,99.696,99.73,99.744,99.774,99.758,99.822,99.782,99.79,99.744,99.772,99.79,99.838,99.846,99.856,99.832,99.828,99.794,99.85,99.858,99.844
4.764,13.896,20.862,27.372,33.322,37.766,42.22,46.158,49.45,52.436,54.764,57.418,59.974,62.344,64.29,66.33,68.272,70.168,72.036,73.56,75.406,77.314,79.232,80.73,82.532,83.73,85.14,86.884,88.038,89.362,89.474,90.41,91.592,92.848,93.842,94.266,94.728,95.308,95.586,95.896,96.04,96.106,96.55,97.1,97.402,97.548,97.644,97.762,97.802,98.08,98.04,98.378,98.372,98.64,98.624,98.744,98.782,98.848,99.066,99.214,99.106,99.152,99.108,99.212,99.22,99.358,99.28,99.272,99.25,99.242,99.35,99.482,99.506,99.566,99.518,99.6,99.516,99.616,99.66,99.708,99.75,99.704,99.734,99.736,99.734,99.758,99.716,99.798,99.812,99.818,99.826,99.826,99.834,99.838,99.83,99.844,99.862,99.892,99.808,99.864

val_acc1
9.53,17.53,22.58,25.78,26.69,34.38,39.43,39.96,41.08,45.56,46.38,48.47,51.89,50.9,52.73,50.78,52.67,55.2,52.66,55.72,55.55,56.56,56.67,55.04,56.97,57.16,56.34,58.36,57.26,58.53,59.29,59.31,58.8,59.15,60.22,59.99,60.87,58.91,60.59,60.05,58.83,60.44,60.12,61.79,60.94,61.19,61.5,62.7,61.32,62.04,62.57,62.12,61.74,62.31,62.39,62.12,62.24,62.24,62.94,62.82,61.93,61.95,63.13,63.18,62.32,62.41,63.28,63.06,63.37,63.73,62.94,63.16,63.8,63.1,62.77,63.74,63.75,62.86,63.11,64.01,63.7,63.39,64.04,63.95,63.88,64.2,63.93,63.88,63.73,63.53,64.47,64.19,63.92,64.26,64.06,63.76,63.94,64.27,63.97,64.51
8.01,15.14,20.92,26.32,31.38,35.99,39.35,40.43,42.54,43.75,44.6,48.23,48.69,46.99,51.32,52.81,53.71,53.08,49.47,52.59,56.8,56.09,57.23,56.01,56.41,57.56,58.05,58.0,58.77,56.81,58.4,58.24,58.75,59.63,60.71,59.7,60.07,60.28,59.34,60.53,60.62,60.63,60.98,61.41,60.73,61.03,61.5,61.03,61.38,61.05,61.62,61.35,62.39,63.15,62.06,62.04,62.48,63.12,63.05,63.81,63.04,62.79,62.8,62.95,63.34,62.58,61.88,62.01,63.04,62.8,63.36,63.8,63.64,62.94,63.38,63.56,63.07,63.74,63.86,63.67,64.18,64.11,63.96,64.02,64.06,64.27,63.67,64.02,64.34,64.25,64.29,64.87,64.42,64.52,64.22,64.59,64.66,64.69,64.37,64.88

val_loss
3.932,3.459,3.103,3.016,3.151,2.577,2.249,2.293,2.289,2.086,2.033,1.927,1.804,1.862,1.786,1.883,1.852,1.72,1.923,1.724,1.783,1.737,1.752,1.887,1.8,1.82,1.889,1.838,1.863,1.878,1.831,1.876,1.96,1.955,1.888,1.969,1.925,2.041,2.019,2.042,2.137,2.075,2.127,1.985,2.054,2.125,2.08,2.01,2.152,2.096,2.053,2.089,2.177,2.131,2.159,2.184,2.208,2.168,2.15,2.139,2.237,2.25,2.118,2.155,2.236,2.245,2.177,2.227,2.173,2.136,2.228,2.218,2.184,2.189,2.279,2.231,2.21,2.237,2.275,2.211,2.22,2.234,2.227,2.193,2.234,2.211,2.259,2.231,2.29,2.3,2.231,2.245,2.248,2.258,2.272,2.252,2.261,2.258,2.284,2.27
3.988,3.53,3.251,2.914,2.715,2.443,2.284,2.271,2.23,2.208,2.126,1.932,1.985,2.13,1.876,1.839,1.738,1.808,2.149,1.88,1.716,1.804,1.726,1.757,1.825,1.81,1.854,1.847,1.809,2.001,1.979,1.949,1.978,1.944,1.872,1.967,2.004,1.96,2.104,2.019,2.086,2.054,2.047,2.039,2.111,2.127,2.097,2.114,2.056,2.123,2.087,2.162,2.083,2.093,2.128,2.135,2.119,2.089,2.122,2.106,2.169,2.181,2.16,2.174,2.123,2.214,2.274,2.271,2.222,2.246,2.227,2.216,2.196,2.222,2.19,2.185,2.26,2.229,2.184,2.205,2.187,2.262,2.245,2.215,2.191,2.217,2.249,2.224,2.225,2.226,2.248,2.223,2.24,2.219,2.256,2.233,2.253,2.239,2.266,2.199

learning_rate
0.05,0.05,0.05,0.05,0.05,0.05,0.05,0.05,0.05,0.05,0.05,0.05,0.05,0.05,0.05,0.05,0.05,0.05,0.05,0.05,0.05,0.05,0.05,0.05,0.05,0.05,0.05,0.05,0.05,0.05,0.05,0.05,0.05,0.05,0.05,0.05,0.05,0.05,0.05,0.05,0.05,0.05,0.05,0.05,0.05,0.05,0.05,0.05,0.05,0.05,0.05,0.05,0.05,0.05,0.05,0.05,0.05,0.05,0.05,0.05,0.05,0.05,0.05,0.05,0.05,0.05,0.05,0.05,0.05,0.05,0.05,0.05,0.05,0.05,0.05,0.05,0.05,0.05,0.05,0.05,0.05,0.05,0.05,0.05,0.05,0.05,0.05,0.05,0.05,0.05,0.05,0.05,0.05,0.05,0.05,0.05,0.05,0.05,0.05,0.05
0.05,0.05,0.05,0.05,0.05,0.05,0.05,0.05,0.05,0.05,0.05,0.05,0.05,0.05,0.05,0.05,0.05,0.05,0.05,0.05,0.05,0.05,0.05,0.05,0.05,0.05,0.05,0.05,0.05,0.05,0.05,0.05,0.05,0.05,0.05,0.05,0.05,0.05,0.05,0.05,0.05,0.05,0.05,0.05,0.05,0.05,0.05,0.05,0.05,0.05,0.05,0.05,0.05,0.05,0.05,0.05,0.05,0.05,0.05,0.05,0.05,0.05,0.05,0.05,0.05,0.05,0.05,0.05,0.05,0.05,0.05,0.05,0.05,0.05,0.05,0.05,0.05,0.05,0.05,0.05,0.05,0.05,0.05,0.05,0.05,0.05,0.05,0.05,0.05,0.05,0.05,0.05,0.05,0.05,0.05,0.05,0.05,0.05,0.05,0.05

