parameters
tas_alpha:25
tas_beta:0.7
tas_gamma:0.02
sgd_lr:0.05
sgd_momentum:0.9
sgd_weight_decay:0
sgd_dampening:0
sgd_nesterov:False
architecture:vgg19bn_
dataset:cifar100
combine_datasets:False
do_validation_set:False
epochs:100
batch_size:1024
test_set_split:0.1666667
validation_set_split:0.0
reduce_train_set:1
executions:2
base_seed:1230
training_method:sgd
learning_method:tas

train_loss
4.279,3.58,3.185,2.873,2.564,2.343,2.141,1.992,1.843,1.718,1.599,1.503,1.402,1.309,1.229,1.15,1.071,0.998,0.916,0.874,0.807,0.738,0.67,0.616,0.564,0.519,0.464,0.423,0.375,0.349,0.315,0.287,0.257,0.219,0.198,0.185,0.174,0.177,0.15,0.133,0.117,0.102,0.101,0.09,0.079,0.077,0.077,0.07,0.063,0.06,0.052,0.054,0.052,0.045,0.044,0.037,0.035,0.033,0.025,0.022,0.022,0.021,0.016,0.014,0.012,0.01,0.009,0.007,0.006,0.006,0.004,0.005,0.004,0.004,0.004,0.003,0.002,0.003,0.002,0.002,0.002,0.002,0.002,0.002,0.002,0.002,0.002,0.002,0.002,0.002,0.002,0.002,0.002,0.002,0.002,0.002,0.002,0.002,0.002,0.002
4.325,3.592,3.211,2.868,2.596,2.355,2.15,1.982,1.834,1.72,1.595,1.496,1.393,1.303,1.225,1.137,1.072,0.991,0.904,0.845,0.785,0.723,0.661,0.599,0.548,0.52,0.469,0.41,0.354,0.333,0.298,0.276,0.256,0.227,0.211,0.187,0.167,0.159,0.139,0.124,0.116,0.112,0.098,0.086,0.081,0.07,0.068,0.06,0.059,0.054,0.049,0.046,0.041,0.039,0.04,0.035,0.033,0.029,0.027,0.02,0.018,0.017,0.016,0.014,0.013,0.011,0.01,0.008,0.006,0.006,0.005,0.004,0.004,0.004,0.003,0.003,0.003,0.002,0.002,0.002,0.002,0.002,0.002,0.002,0.002,0.002,0.002,0.002,0.002,0.002,0.002,0.002,0.002,0.002,0.002,0.002,0.002,0.002,0.002,0.002

train_acc1
4.91,13.648,20.522,26.476,32.72,37.55,41.928,45.234,48.71,51.54,54.728,56.82,59.722,61.896,63.862,65.962,67.872,70.032,72.192,73.266,75.054,76.904,79.014,80.46,82.156,83.31,85.092,86.422,88.238,88.65,89.928,90.87,91.684,93.094,93.716,94.15,94.402,94.338,95.34,95.828,96.42,96.87,96.932,97.286,97.68,97.616,97.704,97.894,98.108,98.22,98.5,98.38,98.438,98.718,98.714,98.978,99.03,99.114,99.36,99.436,99.416,99.49,99.614,99.692,99.734,99.764,99.818,99.868,99.874,99.89,99.91,99.922,99.922,99.934,99.912,99.946,99.96,99.95,99.944,99.946,99.958,99.952,99.97,99.97,99.95,99.972,99.962,99.956,99.962,99.956,99.964,99.96,99.968,99.964,99.956,99.958,99.966,99.966,99.962,99.964
4.49,13.726,20.272,26.458,32.298,37.232,41.508,45.456,48.906,51.47,54.606,57.056,59.732,62.116,63.802,66.294,67.912,70.078,72.38,74.122,75.818,77.438,79.332,81.286,82.772,83.462,84.988,86.822,88.716,89.51,90.446,91.09,91.83,92.824,93.206,94.088,94.714,95.066,95.648,96.134,96.404,96.54,97.004,97.448,97.53,97.934,97.962,98.23,98.222,98.43,98.63,98.71,98.85,98.91,98.846,99.046,99.144,99.228,99.312,99.52,99.592,99.606,99.584,99.656,99.696,99.764,99.79,99.868,99.878,99.874,99.912,99.916,99.932,99.926,99.932,99.954,99.946,99.948,99.944,99.94,99.964,99.956,99.966,99.968,99.958,99.964,99.956,99.952,99.962,99.958,99.946,99.952,99.962,99.968,99.962,99.966,99.974,99.98,99.964,99.968

val_acc1
8.51,16.67,21.53,28.04,30.0,36.66,37.24,41.55,42.51,41.99,42.32,47.85,48.58,51.78,51.92,51.39,54.06,53.84,52.04,54.41,53.31,53.72,55.61,54.64,55.65,56.72,57.41,57.01,58.22,58.33,56.07,58.17,58.56,58.59,57.89,59.88,58.33,59.72,58.4,60.12,60.59,59.97,59.69,60.77,60.94,61.33,60.52,61.45,61.38,61.79,61.85,61.34,61.56,61.81,61.36,61.93,61.77,62.52,62.88,62.68,62.76,62.79,63.01,63.61,63.39,63.81,64.08,64.5,64.27,64.46,64.41,64.46,64.77,64.36,64.53,64.67,64.57,64.84,64.83,64.71,64.62,64.69,64.63,64.67,64.65,64.74,64.71,64.78,64.7,64.73,64.79,64.77,64.77,64.75,64.69,64.74,64.82,64.83,64.81,64.78
8.74,15.81,23.44,26.97,29.06,36.47,37.11,39.97,39.77,45.21,41.57,43.06,47.16,50.89,51.58,53.3,54.07,54.07,55.46,55.97,55.67,56.1,54.49,52.78,58.11,55.18,57.92,58.34,58.3,57.07,59.73,57.92,58.95,59.72,58.51,59.54,59.77,59.04,60.19,60.22,60.18,60.07,60.43,60.61,60.85,60.96,61.48,60.85,61.67,61.65,62.65,61.51,61.92,61.24,62.48,62.02,62.11,62.06,62.27,62.95,62.98,62.83,62.75,63.31,63.59,64.37,64.07,64.74,65.01,64.96,64.87,65.02,64.89,64.93,65.04,64.98,65.11,65.13,65.15,65.16,65.12,65.03,65.1,65.16,65.09,65.16,65.11,65.09,65.15,65.11,65.14,65.19,65.13,65.16,65.12,65.12,65.22,65.08,65.22,65.26

val_loss
4.005,3.465,3.174,2.812,2.825,2.422,2.416,2.235,2.203,2.228,2.246,1.959,1.94,1.821,1.831,1.875,1.755,1.785,1.941,1.773,1.917,1.916,1.801,1.923,1.87,1.847,1.816,1.935,1.824,1.906,2.164,1.986,2.002,1.981,2.087,1.965,2.158,2.036,2.169,2.019,2.014,2.125,2.071,2.051,2.164,2.095,2.134,2.129,2.087,2.072,2.109,2.161,2.178,2.138,2.212,2.167,2.175,2.166,2.128,2.184,2.171,2.168,2.127,2.123,2.118,2.114,2.093,2.084,2.102,2.081,2.1,2.087,2.082,2.098,2.087,2.084,2.085,2.091,2.087,2.086,2.09,2.088,2.09,2.088,2.088,2.08,2.084,2.084,2.086,2.083,2.089,2.081,2.078,2.087,2.083,2.085,2.081,2.085,2.082,2.081
4.023,3.509,3.091,2.927,2.968,2.417,2.381,2.345,2.354,2.078,2.303,2.256,2.046,1.894,1.87,1.797,1.74,1.775,1.768,1.749,1.762,1.787,1.89,2.057,1.793,1.956,1.863,1.828,1.875,1.976,1.915,1.959,1.986,1.935,2.052,2.054,2.031,2.009,2.079,2.021,2.06,2.105,2.082,2.078,2.099,2.173,2.119,2.173,2.117,2.11,2.068,2.191,2.163,2.254,2.17,2.187,2.229,2.207,2.185,2.174,2.158,2.164,2.206,2.147,2.149,2.152,2.106,2.122,2.113,2.087,2.116,2.102,2.094,2.1,2.095,2.092,2.094,2.096,2.094,2.094,2.094,2.094,2.098,2.094,2.096,2.091,2.095,2.095,2.099,2.098,2.099,2.088,2.089,2.096,2.095,2.097,2.092,2.1,2.091,2.096

learning_rate
0.05,0.05,0.05,0.05,0.05,0.05,0.05,0.05,0.05,0.05,0.05,0.05,0.05,0.05,0.05,0.05,0.05,0.05,0.05,0.05,0.05,0.05,0.05,0.05,0.05,0.049999,0.049999,0.049999,0.049999,0.049998,0.049998,0.049997,0.049996,0.049995,0.049994,0.049992,0.04999,0.049987,0.049984,0.049979,0.049973,0.049965,0.049955,0.049943,0.049926,0.049906,0.049879,0.049845,0.049801,0.049744,0.049672,0.04958,0.049462,0.049311,0.049119,0.048874,0.048564,0.048171,0.047676,0.047056,0.046283,0.045328,0.044159,0.042746,0.041061,0.039088,0.036822,0.03428,0.031501,0.028547,0.0255,0.022453,0.019499,0.01672,0.014178,0.011912,0.009939,0.008254,0.006841,0.005672,0.004717,0.003944,0.003324,0.002829,0.002436,0.002126,0.001881,0.001689,0.001538,0.00142,0.001328,0.001256,0.001199,0.001155,0.001121,0.001094,0.001074,0.001057,0.001045,0.001035
0.05,0.05,0.05,0.05,0.05,0.05,0.05,0.05,0.05,0.05,0.05,0.05,0.05,0.05,0.05,0.05,0.05,0.05,0.05,0.05,0.05,0.05,0.05,0.05,0.05,0.049999,0.049999,0.049999,0.049999,0.049998,0.049998,0.049997,0.049996,0.049995,0.049994,0.049992,0.04999,0.049987,0.049984,0.049979,0.049973,0.049965,0.049955,0.049943,0.049926,0.049906,0.049879,0.049845,0.049801,0.049744,0.049672,0.04958,0.049462,0.049311,0.049119,0.048874,0.048564,0.048171,0.047676,0.047056,0.046283,0.045328,0.044159,0.042746,0.041061,0.039088,0.036822,0.03428,0.031501,0.028547,0.0255,0.022453,0.019499,0.01672,0.014178,0.011912,0.009939,0.008254,0.006841,0.005672,0.004717,0.003944,0.003324,0.002829,0.002436,0.002126,0.001881,0.001689,0.001538,0.00142,0.001328,0.001256,0.001199,0.001155,0.001121,0.001094,0.001074,0.001057,0.001045,0.001035

