parameters
tas_alpha:25
tas_beta:0.7
tas_gamma:0.02
sgd_lr:0.05
sgd_momentum:0.9
sgd_weight_decay:0
sgd_dampening:0
sgd_nesterov:False
architecture:vgg19bn_
dataset:cifar100
combine_datasets:False
do_validation_set:False
epochs:100
batch_size:1024
test_set_split:0.1666667
validation_set_split:0.0
reduce_train_set:1
executions:3
base_seed:1230
training_method:sgd
learning_method:tas

train_loss
4.266,3.58,3.199,2.86,2.567,2.316,2.136,1.978,1.838,1.707,1.591,1.491,1.403,1.298,1.207,1.143,1.073,0.993,0.922,0.868,0.788,0.722,0.682,0.614,0.555,0.515,0.476,0.428,0.391,0.349,0.317,0.281,0.261,0.242,0.214,0.195,0.17,0.146,0.143,0.126,0.112,0.104,0.102,0.094,0.082,0.077,0.072,0.067,0.063,0.065,0.064,0.056,0.05,0.048,0.044,0.042,0.034,0.028,0.029,0.027,0.025,0.019,0.017,0.014,0.01,0.008,0.008,0.006,0.006,0.006,0.005,0.004,0.004,0.003,0.003,0.003,0.003,0.002,0.003,0.003,0.002,0.002,0.002,0.002,0.002,0.002,0.002,0.002,0.002,0.002,0.002,0.002,0.002,0.002,0.002,0.002,0.002,0.002,0.002,0.002
4.282,3.571,3.189,2.857,2.554,2.327,2.116,1.949,1.819,1.694,1.582,1.492,1.39,1.289,1.212,1.152,1.074,1.008,0.915,0.861,0.792,0.732,0.681,0.62,0.562,0.518,0.48,0.43,0.381,0.34,0.312,0.284,0.259,0.233,0.207,0.19,0.197,0.169,0.162,0.138,0.129,0.116,0.102,0.093,0.089,0.085,0.079,0.078,0.071,0.071,0.065,0.058,0.052,0.046,0.041,0.038,0.037,0.035,0.029,0.026,0.024,0.02,0.017,0.014,0.011,0.009,0.009,0.007,0.007,0.005,0.005,0.004,0.004,0.003,0.003,0.003,0.003,0.002,0.002,0.003,0.002,0.002,0.002,0.002,0.002,0.002,0.002,0.002,0.002,0.002,0.002,0.002,0.002,0.002,0.002,0.002,0.002,0.002,0.002,0.002
4.306,3.602,3.187,2.848,2.532,2.311,2.127,1.974,1.831,1.712,1.583,1.505,1.385,1.296,1.218,1.145,1.068,1.005,0.919,0.865,0.803,0.737,0.665,0.613,0.563,0.514,0.457,0.429,0.391,0.36,0.322,0.298,0.264,0.235,0.228,0.203,0.184,0.159,0.146,0.138,0.124,0.122,0.106,0.093,0.085,0.087,0.083,0.074,0.065,0.062,0.056,0.05,0.043,0.047,0.039,0.04,0.038,0.039,0.033,0.031,0.024,0.019,0.018,0.016,0.011,0.01,0.008,0.007,0.007,0.006,0.005,0.004,0.004,0.004,0.003,0.003,0.003,0.003,0.002,0.003,0.003,0.003,0.002,0.002,0.002,0.002,0.002,0.002,0.002,0.002,0.002,0.002,0.002,0.002,0.002,0.002,0.002,0.002,0.002,0.002

train_acc1
4.826,13.922,20.546,26.842,33.178,38.306,41.896,45.308,48.828,51.96,55.022,57.23,59.392,62.372,64.532,66.23,68.004,70.18,71.768,73.272,75.664,77.646,78.554,80.782,82.432,83.494,84.884,86.402,87.438,88.822,89.748,91.04,91.63,92.162,93.23,93.892,94.686,95.452,95.568,96.1,96.6,96.818,96.842,97.116,97.536,97.744,97.854,97.994,98.164,98.046,98.134,98.352,98.552,98.586,98.75,98.82,99.048,99.262,99.18,99.264,99.33,99.536,99.59,99.684,99.798,99.844,99.828,99.91,99.9,99.902,99.912,99.934,99.918,99.934,99.944,99.938,99.942,99.958,99.958,99.94,99.958,99.956,99.956,99.96,99.95,99.954,99.972,99.964,99.97,99.964,99.96,99.968,99.966,99.962,99.972,99.952,99.974,99.958,99.954,99.966
4.858,14.064,20.618,26.922,32.956,37.944,42.344,46.328,49.402,52.222,54.926,57.294,60.068,62.568,64.59,65.81,68.09,69.72,72.354,73.716,75.444,77.284,78.566,80.514,82.058,83.506,84.748,86.058,87.78,89.26,89.92,90.884,91.614,92.536,93.43,94.076,93.746,94.652,94.836,95.718,96.012,96.406,96.902,97.162,97.284,97.362,97.582,97.654,97.926,97.89,97.926,98.26,98.46,98.69,98.87,98.946,98.944,99.064,99.222,99.322,99.372,99.49,99.562,99.692,99.786,99.812,99.806,99.86,99.878,99.9,99.902,99.916,99.94,99.938,99.944,99.936,99.928,99.956,99.956,99.946,99.948,99.948,99.956,99.966,99.956,99.958,99.952,99.976,99.964,99.968,99.962,99.958,99.968,99.96,99.958,99.954,99.974,99.954,99.958,99.974
4.376,13.558,20.596,26.916,33.588,38.284,42.27,45.654,48.864,51.77,54.986,56.878,60.126,62.314,64.328,66.196,68.062,69.626,72.114,73.714,75.062,77.024,79.148,80.594,82.194,83.426,85.26,86.236,87.536,88.384,89.548,90.384,91.474,92.446,92.62,93.514,94.11,94.998,95.412,95.652,96.086,96.222,96.714,97.138,97.398,97.19,97.498,97.82,98.092,98.202,98.408,98.552,98.812,98.664,98.884,98.884,98.932,98.896,99.11,99.16,99.362,99.538,99.552,99.648,99.752,99.8,99.858,99.87,99.876,99.894,99.886,99.924,99.94,99.916,99.954,99.942,99.958,99.96,99.954,99.95,99.95,99.944,99.966,99.954,99.958,99.952,99.96,99.968,99.964,99.956,99.962,99.962,99.968,99.962,99.96,99.962,99.97,99.948,99.954,99.956

val_acc1
7.65,15.77,23.73,22.4,30.35,32.5,37.19,38.23,40.38,44.6,45.4,48.24,50.45,49.42,51.08,50.33,51.82,54.06,54.47,54.8,54.34,55.08,54.39,55.54,56.73,54.38,55.72,57.96,57.38,58.16,59.18,55.88,58.23,58.9,59.43,59.76,60.06,59.59,60.0,60.48,59.81,59.96,60.26,60.8,60.7,61.08,61.43,59.86,60.82,61.14,62.13,60.39,61.48,62.25,62.17,62.06,62.33,62.5,61.82,62.38,62.71,63.22,62.78,63.27,64.01,63.94,63.7,64.14,64.44,64.0,64.37,64.08,64.25,64.38,64.48,64.39,64.44,64.56,64.6,64.59,64.56,64.56,64.59,64.56,64.6,64.57,64.58,64.57,64.53,64.58,64.56,64.55,64.6,64.58,64.6,64.68,64.61,64.69,64.64,64.69
7.89,15.31,23.13,26.77,30.12,37.51,39.34,40.06,39.63,41.99,45.16,48.39,50.82,49.16,51.34,48.1,52.42,52.93,55.23,54.97,55.6,55.96,55.11,55.03,56.24,54.33,56.23,58.04,58.09,59.0,58.81,57.08,59.11,58.63,59.34,60.19,59.28,59.85,59.78,60.24,60.18,60.8,60.81,61.27,61.34,61.27,61.42,60.91,61.49,61.56,61.61,62.05,62.94,62.36,62.46,62.07,62.47,63.16,63.22,63.44,63.93,63.54,64.13,65.03,64.94,65.04,65.12,65.18,65.29,65.35,65.27,65.56,65.38,65.44,65.7,65.69,65.79,65.73,65.62,65.65,65.62,65.55,65.7,65.63,65.69,65.65,65.73,65.7,65.69,65.65,65.65,65.6,65.63,65.67,65.6,65.6,65.74,65.62,65.7,65.67
6.43,13.41,22.9,29.69,29.25,36.03,38.45,41.23,42.45,41.62,43.6,49.13,48.27,47.05,51.07,48.18,52.15,52.48,53.01,54.44,56.42,57.3,53.97,54.39,57.23,56.11,56.1,57.45,59.61,59.26,56.79,58.41,57.97,58.63,58.23,59.79,59.76,59.91,59.68,60.41,60.5,60.62,60.57,61.13,60.29,60.68,60.2,60.72,61.24,61.6,62.07,61.78,62.4,61.89,62.85,61.89,61.82,61.6,62.23,62.65,63.36,63.54,62.93,63.43,64.03,64.09,64.48,64.52,64.65,64.46,64.51,64.68,64.87,64.87,64.86,64.89,64.91,64.72,64.86,64.84,64.82,64.85,64.86,64.9,64.87,64.84,64.82,64.83,64.87,64.81,64.8,64.79,64.9,64.91,64.87,64.94,64.9,64.9,64.86,64.86

val_loss
4.064,3.517,3.069,3.166,2.816,2.694,2.384,2.423,2.321,2.097,2.068,1.986,1.885,1.917,1.87,1.92,1.867,1.796,1.785,1.755,1.819,1.802,1.885,1.888,1.825,1.958,1.91,1.84,1.916,1.884,1.867,2.079,2.003,1.968,1.929,1.948,1.967,2.03,2.081,2.033,2.054,2.103,2.057,2.058,2.146,2.128,2.109,2.247,2.142,2.133,2.127,2.258,2.151,2.119,2.177,2.142,2.125,2.159,2.211,2.191,2.139,2.15,2.167,2.116,2.119,2.122,2.149,2.127,2.108,2.11,2.113,2.116,2.109,2.107,2.1,2.099,2.102,2.103,2.1,2.1,2.103,2.098,2.101,2.096,2.099,2.092,2.098,2.097,2.101,2.097,2.107,2.091,2.095,2.099,2.097,2.102,2.095,2.1,2.095,2.098
4.077,3.54,3.088,2.923,2.813,2.347,2.309,2.275,2.424,2.253,2.087,1.985,1.832,1.94,1.888,2.063,1.831,1.843,1.735,1.766,1.762,1.783,1.824,1.84,1.82,1.986,1.892,1.829,1.849,1.812,1.903,2.034,1.934,1.956,1.98,1.934,2.03,1.989,2.048,1.995,2.076,2.048,2.065,2.032,2.08,2.102,2.102,2.158,2.101,2.123,2.142,2.105,2.06,2.117,2.132,2.178,2.114,2.116,2.098,2.087,2.108,2.123,2.069,2.059,2.042,2.054,2.047,2.056,2.059,2.04,2.042,2.037,2.044,2.042,2.027,2.026,2.03,2.034,2.028,2.027,2.03,2.026,2.03,2.024,2.028,2.022,2.027,2.024,2.03,2.028,2.031,2.021,2.025,2.028,2.027,2.032,2.026,2.029,2.025,2.029
4.102,3.672,3.064,2.75,2.897,2.461,2.349,2.224,2.223,2.254,2.171,1.907,1.985,2.073,1.866,2.081,1.908,1.834,1.89,1.783,1.727,1.722,1.887,1.888,1.819,1.869,1.886,1.875,1.802,1.83,2.029,1.923,1.945,2.005,2.03,2.006,2.002,1.963,2.054,1.97,2.019,2.067,2.042,2.106,2.14,2.112,2.126,2.128,2.156,2.078,2.093,2.138,2.146,2.167,2.129,2.16,2.207,2.231,2.172,2.19,2.142,2.134,2.164,2.112,2.101,2.121,2.092,2.094,2.094,2.079,2.086,2.07,2.069,2.068,2.069,2.065,2.071,2.072,2.068,2.069,2.07,2.066,2.072,2.069,2.071,2.063,2.073,2.064,2.073,2.067,2.072,2.063,2.065,2.072,2.071,2.075,2.068,2.071,2.069,2.071

learning_rate
0.05,0.05,0.05,0.05,0.05,0.05,0.05,0.05,0.05,0.05,0.05,0.05,0.05,0.05,0.05,0.05,0.05,0.05,0.05,0.05,0.05,0.05,0.05,0.05,0.049999,0.049999,0.049999,0.049999,0.049998,0.049998,0.049997,0.049996,0.049995,0.049994,0.049992,0.04999,0.049987,0.049984,0.049979,0.049973,0.049965,0.049955,0.049943,0.049926,0.049906,0.049879,0.049845,0.049801,0.049744,0.049672,0.04958,0.049462,0.049311,0.049119,0.048874,0.048564,0.048171,0.047676,0.047056,0.046283,0.045328,0.044159,0.042746,0.041061,0.039088,0.036822,0.03428,0.031501,0.028547,0.0255,0.022453,0.019499,0.01672,0.014178,0.011912,0.009939,0.008254,0.006841,0.005672,0.004717,0.003944,0.003324,0.002829,0.002436,0.002126,0.001881,0.001689,0.001538,0.00142,0.001328,0.001256,0.001199,0.001155,0.001121,0.001094,0.001074,0.001057,0.001045,0.001035,0.001027
0.05,0.05,0.05,0.05,0.05,0.05,0.05,0.05,0.05,0.05,0.05,0.05,0.05,0.05,0.05,0.05,0.05,0.05,0.05,0.05,0.05,0.05,0.05,0.05,0.049999,0.049999,0.049999,0.049999,0.049998,0.049998,0.049997,0.049996,0.049995,0.049994,0.049992,0.04999,0.049987,0.049984,0.049979,0.049973,0.049965,0.049955,0.049943,0.049926,0.049906,0.049879,0.049845,0.049801,0.049744,0.049672,0.04958,0.049462,0.049311,0.049119,0.048874,0.048564,0.048171,0.047676,0.047056,0.046283,0.045328,0.044159,0.042746,0.041061,0.039088,0.036822,0.03428,0.031501,0.028547,0.0255,0.022453,0.019499,0.01672,0.014178,0.011912,0.009939,0.008254,0.006841,0.005672,0.004717,0.003944,0.003324,0.002829,0.002436,0.002126,0.001881,0.001689,0.001538,0.00142,0.001328,0.001256,0.001199,0.001155,0.001121,0.001094,0.001074,0.001057,0.001045,0.001035,0.001027
0.05,0.05,0.05,0.05,0.05,0.05,0.05,0.05,0.05,0.05,0.05,0.05,0.05,0.05,0.05,0.05,0.05,0.05,0.05,0.05,0.05,0.05,0.05,0.05,0.049999,0.049999,0.049999,0.049999,0.049998,0.049998,0.049997,0.049996,0.049995,0.049994,0.049992,0.04999,0.049987,0.049984,0.049979,0.049973,0.049965,0.049955,0.049943,0.049926,0.049906,0.049879,0.049845,0.049801,0.049744,0.049672,0.04958,0.049462,0.049311,0.049119,0.048874,0.048564,0.048171,0.047676,0.047056,0.046283,0.045328,0.044159,0.042746,0.041061,0.039088,0.036822,0.03428,0.031501,0.028547,0.0255,0.022453,0.019499,0.01672,0.014178,0.011912,0.009939,0.008254,0.006841,0.005672,0.004717,0.003944,0.003324,0.002829,0.002436,0.002126,0.001881,0.001689,0.001538,0.00142,0.001328,0.001256,0.001199,0.001155,0.001121,0.001094,0.001074,0.001057,0.001045,0.001035,0.001027

