parameters
sgd_lr:0.05
sgd_momentum:0.9
sgd_weight_decay:0
sgd_dampening:0
sgd_nesterov:False
architecture:vgg19bn_
dataset:cifar100
combine_datasets:False
do_validation_set:False
epochs:100
batch_size:1024
test_set_split:0.1666667
validation_set_split:0.0
reduce_train_set:1
executions:3
base_seed:42
training_method:sgd
learning_method:constant

train_loss
4.291,3.566,3.151,2.81,2.525,2.302,2.107,1.951,1.803,1.674,1.568,1.465,1.366,1.273,1.198,1.117,1.036,0.973,0.907,0.824,0.76,0.706,0.649,0.579,0.532,0.492,0.437,0.411,0.363,0.323,0.286,0.261,0.247,0.221,0.191,0.174,0.158,0.137,0.129,0.121,0.112,0.097,0.088,0.083,0.074,0.075,0.066,0.055,0.056,0.054,0.051,0.048,0.046,0.04,0.044,0.044,0.036,0.034,0.034,0.031,0.031,0.03,0.032,0.031,0.029,0.028,0.025,0.024,0.022,0.021,0.022,0.024,0.025,0.02,0.023,0.02,0.018,0.018,0.015,0.013,0.013,0.014,0.011,0.012,0.012,0.01,0.01,0.01,0.009,0.008,0.007,0.008,0.009,0.008,0.007,0.007,0.009,0.009,0.01,0.009
4.32,3.62,3.2,2.862,2.588,2.332,2.13,1.965,1.819,1.685,1.591,1.475,1.393,1.3,1.219,1.136,1.06,0.981,0.923,0.859,0.809,0.741,0.678,0.625,0.569,0.523,0.478,0.428,0.394,0.346,0.307,0.276,0.259,0.236,0.217,0.186,0.178,0.163,0.151,0.131,0.127,0.118,0.098,0.088,0.082,0.076,0.069,0.07,0.065,0.058,0.057,0.053,0.05,0.047,0.048,0.043,0.043,0.04,0.039,0.035,0.035,0.031,0.028,0.031,0.029,0.029,0.027,0.028,0.023,0.02,0.02,0.023,0.023,0.019,0.017,0.017,0.018,0.016,0.016,0.015,0.015,0.012,0.012,0.011,0.011,0.01,0.01,0.009,0.01,0.008,0.007,0.009,0.008,0.007,0.006,0.006,0.006,0.006,0.005,0.005
4.259,3.568,3.148,2.808,2.522,2.302,2.105,1.96,1.814,1.685,1.59,1.485,1.384,1.299,1.211,1.138,1.076,0.987,0.931,0.848,0.787,0.739,0.668,0.619,0.559,0.513,0.468,0.418,0.382,0.341,0.322,0.296,0.265,0.246,0.203,0.175,0.162,0.157,0.149,0.14,0.13,0.116,0.111,0.101,0.082,0.077,0.078,0.076,0.065,0.06,0.054,0.056,0.055,0.044,0.043,0.04,0.038,0.032,0.031,0.03,0.031,0.033,0.034,0.032,0.025,0.026,0.026,0.025,0.024,0.023,0.021,0.025,0.023,0.021,0.019,0.019,0.018,0.018,0.018,0.018,0.016,0.013,0.014,0.012,0.012,0.012,0.009,0.009,0.009,0.009,0.01,0.01,0.009,0.008,0.008,0.008,0.007,0.007,0.007,0.006

train_acc1
4.73,13.78,21.204,28.018,33.67,38.606,42.8,46.516,49.634,53.158,55.262,57.992,60.382,62.748,64.784,66.706,68.822,70.642,72.308,74.772,76.422,77.828,79.518,81.52,83.0,84.346,86.074,86.876,88.26,89.636,90.904,91.846,92.238,92.99,94.034,94.492,95.11,95.742,96.058,96.264,96.558,97.046,97.402,97.554,97.776,97.686,98.05,98.476,98.346,98.442,98.54,98.58,98.734,98.884,98.684,98.748,99.026,99.004,99.03,99.164,99.146,99.098,99.08,99.2,99.2,99.234,99.326,99.326,99.402,99.424,99.378,99.338,99.3,99.394,99.352,99.462,99.514,99.51,99.65,99.702,99.682,99.644,99.716,99.676,99.696,99.774,99.764,99.75,99.75,99.81,99.836,99.82,99.792,99.85,99.83,99.808,99.79,99.76,99.724,99.79
4.4,13.234,20.524,26.85,32.134,37.846,42.042,45.772,49.16,52.876,54.594,57.826,59.862,61.974,63.922,66.264,68.302,70.308,72.1,73.574,75.048,76.882,78.814,80.396,81.908,83.366,84.772,86.168,87.608,88.82,90.082,91.11,91.756,92.496,93.008,94.292,94.312,94.848,95.204,95.908,96.082,96.476,97.056,97.264,97.57,97.716,97.968,97.94,98.1,98.328,98.366,98.432,98.518,98.674,98.654,98.798,98.752,98.868,98.864,99.012,98.972,99.104,99.276,99.116,99.164,99.164,99.24,99.202,99.414,99.466,99.476,99.372,99.398,99.55,99.532,99.56,99.572,99.574,99.602,99.624,99.624,99.688,99.698,99.754,99.732,99.758,99.766,99.78,99.784,99.812,99.854,99.81,99.822,99.834,99.854,99.874,99.874,99.89,99.896,99.888
5.034,13.85,21.308,27.754,33.24,38.492,42.796,46.092,49.22,52.57,55.066,57.604,59.738,62.2,64.618,66.13,67.984,70.16,71.716,73.852,75.692,77.13,79.068,80.462,82.23,83.738,85.196,86.514,87.876,89.016,89.566,90.406,91.358,92.222,93.524,94.548,94.814,94.976,95.256,95.61,95.942,96.43,96.552,96.942,97.502,97.696,97.664,97.708,98.078,98.236,98.442,98.258,98.382,98.764,98.82,98.886,98.94,99.13,99.166,99.17,99.166,99.026,99.01,99.114,99.294,99.28,99.326,99.278,99.346,99.382,99.438,99.344,99.346,99.43,99.508,99.526,99.526,99.532,99.516,99.53,99.612,99.67,99.628,99.71,99.728,99.702,99.782,99.802,99.794,99.79,99.74,99.748,99.786,99.794,99.82,99.798,99.84,99.84,99.854,99.864

val_acc1
8.57,17.06,21.6,26.57,28.85,36.64,41.0,40.46,43.55,43.19,47.96,45.34,50.64,51.04,52.28,48.26,51.86,53.56,53.12,56.26,53.5,56.38,55.19,56.73,55.29,56.65,58.06,57.73,57.59,57.83,56.85,57.62,58.82,57.18,59.4,58.76,58.04,59.66,59.97,60.2,61.08,59.79,60.27,60.63,60.85,61.14,61.91,61.35,61.51,61.99,61.8,61.99,61.75,62.04,61.75,61.59,61.6,62.13,61.8,61.9,61.95,61.65,61.23,62.41,61.79,62.12,62.5,61.52,62.78,62.83,62.42,61.56,62.04,62.62,62.63,63.06,62.8,62.8,63.29,62.96,63.31,62.93,62.94,62.87,63.66,63.63,63.65,63.49,64.17,63.67,63.82,63.55,63.32,63.99,64.01,63.84,63.11,63.35,62.97,63.52
6.74,13.88,21.84,25.31,31.05,36.0,35.14,39.18,44.76,47.49,48.61,46.99,47.76,49.96,51.68,54.75,50.21,53.12,54.26,55.28,53.01,55.04,56.05,56.37,57.21,56.3,57.98,57.83,57.71,58.08,59.38,57.78,58.53,58.0,59.15,59.9,59.14,59.44,58.62,60.97,61.04,60.83,61.13,60.91,61.18,61.7,61.22,61.68,61.77,62.28,61.84,62.66,61.51,62.95,61.64,61.92,61.55,62.02,61.58,62.46,62.91,63.09,63.06,61.27,62.87,62.78,62.78,62.61,63.46,62.59,63.34,62.83,60.99,62.66,63.76,63.89,63.23,63.04,63.48,63.73,63.3,64.1,63.23,64.25,63.77,64.39,64.03,64.27,64.73,64.62,64.44,63.83,64.28,64.13,64.59,64.49,64.04,64.54,64.7,64.83
8.34,14.81,19.61,28.21,29.18,36.39,39.17,42.67,45.36,44.61,47.83,49.01,46.48,52.7,50.49,52.95,46.53,50.96,53.6,54.86,54.99,56.37,53.54,57.05,55.71,57.75,57.93,58.1,58.11,57.16,55.97,58.31,57.31,59.92,60.16,59.58,59.23,60.03,59.7,59.18,60.3,60.19,59.47,60.75,61.53,61.22,59.44,60.93,61.24,61.41,61.5,60.92,61.89,61.55,62.2,61.37,62.36,62.02,62.83,62.25,62.06,61.77,61.62,61.98,62.71,62.91,62.43,62.68,62.98,62.85,62.91,62.49,61.82,62.53,62.28,63.34,63.25,62.68,63.1,63.56,63.1,62.79,63.46,63.33,63.71,63.51,62.98,63.33,63.54,63.17,63.6,63.53,63.51,63.61,63.53,63.76,64.32,63.47,63.91,64.29

val_loss
4.013,3.42,3.155,2.952,2.886,2.444,2.214,2.273,2.169,2.25,1.983,2.132,1.863,1.815,1.819,2.068,1.865,1.788,1.893,1.723,1.955,1.745,1.857,1.787,1.908,1.892,1.82,1.862,1.904,1.936,2.049,2.033,1.948,2.113,1.982,2.02,2.14,2.026,2.049,2.057,2.04,2.102,2.117,2.098,2.131,2.13,2.058,2.109,2.164,2.121,2.138,2.12,2.16,2.118,2.187,2.156,2.22,2.175,2.219,2.254,2.212,2.242,2.264,2.26,2.232,2.275,2.221,2.294,2.206,2.26,2.264,2.315,2.275,2.26,2.286,2.282,2.307,2.291,2.272,2.278,2.295,2.278,2.319,2.302,2.289,2.271,2.306,2.307,2.274,2.279,2.288,2.291,2.318,2.296,2.294,2.299,2.359,2.345,2.362,2.341
4.164,3.624,3.157,3.08,2.692,2.438,2.572,2.338,2.106,1.951,1.931,2.014,2.064,1.881,1.88,1.722,1.963,1.859,1.79,1.759,1.919,1.807,1.793,1.814,1.765,1.843,1.828,1.848,1.889,1.911,1.833,1.964,1.966,2.059,1.957,1.986,2.049,2.046,2.127,1.977,2.025,2.067,2.053,2.079,2.081,2.071,2.064,2.083,2.148,2.108,2.135,2.067,2.115,2.106,2.205,2.138,2.17,2.184,2.22,2.165,2.153,2.156,2.16,2.29,2.203,2.199,2.205,2.229,2.203,2.245,2.197,2.25,2.383,2.25,2.235,2.206,2.246,2.22,2.231,2.257,2.265,2.244,2.26,2.205,2.265,2.218,2.221,2.209,2.196,2.245,2.231,2.294,2.24,2.253,2.22,2.25,2.269,2.258,2.224,2.244
3.958,3.634,3.348,2.789,2.919,2.455,2.339,2.17,2.066,2.153,1.954,1.902,2.107,1.75,1.92,1.83,2.225,1.948,1.903,1.834,1.809,1.77,2.01,1.765,1.908,1.852,1.829,1.826,1.882,1.943,2.081,1.921,2.032,1.899,1.913,1.978,2.048,1.991,2.033,2.15,2.067,2.075,2.165,2.062,2.051,2.107,2.166,2.112,2.154,2.146,2.176,2.222,2.152,2.166,2.166,2.176,2.18,2.23,2.135,2.2,2.253,2.256,2.216,2.233,2.194,2.22,2.265,2.214,2.239,2.242,2.259,2.287,2.284,2.248,2.31,2.252,2.29,2.292,2.259,2.276,2.222,2.256,2.29,2.269,2.292,2.291,2.307,2.26,2.276,2.302,2.283,2.295,2.284,2.276,2.274,2.269,2.28,2.313,2.265,2.297

learning_rate
0.05,0.05,0.05,0.05,0.05,0.05,0.05,0.05,0.05,0.05,0.05,0.05,0.05,0.05,0.05,0.05,0.05,0.05,0.05,0.05,0.05,0.05,0.05,0.05,0.05,0.05,0.05,0.05,0.05,0.05,0.05,0.05,0.05,0.05,0.05,0.05,0.05,0.05,0.05,0.05,0.05,0.05,0.05,0.05,0.05,0.05,0.05,0.05,0.05,0.05,0.05,0.05,0.05,0.05,0.05,0.05,0.05,0.05,0.05,0.05,0.05,0.05,0.05,0.05,0.05,0.05,0.05,0.05,0.05,0.05,0.05,0.05,0.05,0.05,0.05,0.05,0.05,0.05,0.05,0.05,0.05,0.05,0.05,0.05,0.05,0.05,0.05,0.05,0.05,0.05,0.05,0.05,0.05,0.05,0.05,0.05,0.05,0.05,0.05,0.05
0.05,0.05,0.05,0.05,0.05,0.05,0.05,0.05,0.05,0.05,0.05,0.05,0.05,0.05,0.05,0.05,0.05,0.05,0.05,0.05,0.05,0.05,0.05,0.05,0.05,0.05,0.05,0.05,0.05,0.05,0.05,0.05,0.05,0.05,0.05,0.05,0.05,0.05,0.05,0.05,0.05,0.05,0.05,0.05,0.05,0.05,0.05,0.05,0.05,0.05,0.05,0.05,0.05,0.05,0.05,0.05,0.05,0.05,0.05,0.05,0.05,0.05,0.05,0.05,0.05,0.05,0.05,0.05,0.05,0.05,0.05,0.05,0.05,0.05,0.05,0.05,0.05,0.05,0.05,0.05,0.05,0.05,0.05,0.05,0.05,0.05,0.05,0.05,0.05,0.05,0.05,0.05,0.05,0.05,0.05,0.05,0.05,0.05,0.05,0.05
0.05,0.05,0.05,0.05,0.05,0.05,0.05,0.05,0.05,0.05,0.05,0.05,0.05,0.05,0.05,0.05,0.05,0.05,0.05,0.05,0.05,0.05,0.05,0.05,0.05,0.05,0.05,0.05,0.05,0.05,0.05,0.05,0.05,0.05,0.05,0.05,0.05,0.05,0.05,0.05,0.05,0.05,0.05,0.05,0.05,0.05,0.05,0.05,0.05,0.05,0.05,0.05,0.05,0.05,0.05,0.05,0.05,0.05,0.05,0.05,0.05,0.05,0.05,0.05,0.05,0.05,0.05,0.05,0.05,0.05,0.05,0.05,0.05,0.05,0.05,0.05,0.05,0.05,0.05,0.05,0.05,0.05,0.05,0.05,0.05,0.05,0.05,0.05,0.05,0.05,0.05,0.05,0.05,0.05,0.05,0.05,0.05,0.05,0.05,0.05

